6.880055	0.400000	12.000000	29.370000	-79.910000	-158.136054	
5.940356	0.400000	12.000000	45.690000	-109.590000	-156.199771	
4.955737	0.400000	12.000000	26.110000	-49.230583	-151.330000	
5.570337	0.400000	12.000000	41.120000	-47.003673	-148.830000	
4.840056	0.400000	12.000000	74.995772	-73.390000	-145.650000	
4.878654	0.400000	12.000000	80.868631	-65.230000	-144.850000	
6.654449	0.400000	12.000000	69.180000	-50.034412	-139.740000	
5.676344	0.400000	12.000000	23.820000	-64.260000	-141.145096	
5.251480	0.400000	12.000000	22.944515	-52.510000	-138.940000	
5.140493	0.400000	12.000000	48.072218	-118.730000	-138.830000	
4.632625	0.400000	12.000000	20.230000	-108.940000	-142.313858	
4.750310	0.400000	12.000000	57.760000	-113.771986	-138.710000	
5.462664	0.400000	12.000000	62.330000	-92.630000	-134.581675	
5.898895	0.400000	12.000000	88.224031	-72.410000	-138.540000	
6.230623	0.400000	12.000000	80.930000	-113.962780	-137.920000	
6.231471	0.400000	12.000000	48.135679	-37.180000	-134.050000	
6.170599	0.400000	12.000000	61.020000	-41.011904	-134.050000	
5.608880	0.400000	12.000000	49.930000	-54.507906	-134.050000	
5.866043	0.400000	12.000000	79.408815	-64.260000	-134.050000	
4.537375	0.400000	12.000000	73.750000	-72.740000	-131.926870	
6.102517	0.400000	12.000000	-0.000000	-95.240000	-134.759608	
4.581645	0.400000	12.000000	12.939934	-100.460000	-133.820000	
5.096629	0.400000	12.000000	-15.010000	-90.020000	-137.242351	
5.925942	0.400000	12.000000	-14.360000	-76.378648	-132.970000	
6.144257	0.400000	12.000000	24.800000	-84.013725	-132.970000	
5.642338	0.400000	12.000000	93.330000	-65.230000	-127.741266	
4.869589	0.400000	12.000000	85.735374	-54.800000	-132.460000	
5.841687	0.400000	12.000000	101.160000	-74.588001	-131.890000	
5.930825	0.400000	12.000000	90.390000	-92.969435	-131.840000	
5.812685	0.400000	12.000000	86.150000	-104.035465	-131.840000	
4.569644	0.400000	12.000000	31.000000	-107.310000	-132.106814	
5.164368	0.400000	12.000000	24.962442	-96.870000	-131.840000	
5.119449	0.400000	12.000000	41.770000	-47.526778	-130.240000	
7.481848	0.400000	12.000000	18.930000	-39.790000	-137.110288	
5.450311	0.400000	12.000000	9.790000	-45.948128	-129.160000	
6.389783	0.400000	12.000000	39.174126	-121.010000	-128.650000	
4.816534	0.400000	12.000000	55.480000	-112.860000	-124.350946	
4.750250	0.400000	12.000000	19.250000	-106.330000	-125.302713	
6.207186	0.400000	12.000000	14.360000	-83.830000	-122.572194	
5.688419	0.400000	12.000000	6.445125	-76.980000	-128.590000	
5.354378	0.400000	12.000000	30.036580	-67.520000	-128.250000	
6.204472	0.400000	12.000000	-19.663939	-64.910000	-128.080000	
7.297313	0.400000	12.000000	58.740000	-26.090000	-133.661543	
4.568713	0.400000	12.000000	55.927674	-47.620000	-127.230000	
7.070231	0.400000	12.000000	98.880000	-52.555949	-126.660000	
5.869671	0.400000	12.000000	85.213434	-73.390000	-126.660000	
5.999707	0.400000	12.000000	17.300000	-64.580000	-131.018822	
5.430017	0.400000	12.000000	29.040000	-38.160000	-128.126959	
4.914049	0.400000	12.000000	67.983849	-47.290000	-125.130000	
6.144124	0.400000	12.000000	81.580000	-45.736799	-125.130000	
5.686618	0.400000	12.000000	2.280000	-97.161066	-121.200000	
7.950476	0.400000	12.000000	-0.000000	-111.550000	-124.581523	
5.012353	0.400000	12.000000	61.350000	-99.331814	-121.200000	
4.872904	0.400000	12.000000	65.590000	-83.317413	-121.200000	
6.677655	0.400000	12.000000	77.010000	-89.040000	-126.690183	
7.116638	0.400000	12.000000	65.590000	-69.187388	-121.200000	
5.729932	0.400000	12.000000	81.260000	-59.411881	-121.200000	
5.762838	0.400000	12.000000	80.930000	-112.275537	-120.920000	
5.472572	0.400000	12.000000	96.585696	-94.590000	-120.410000	
7.643659	0.400000	12.000000	105.791031	-77.630000	-119.440000	
5.786245	0.400000	12.000000	51.474387	-40.450000	-119.440000	
4.642570	0.400000	12.000000	61.915173	-27.400000	-117.740000	
4.517180	0.400000	12.000000	48.124220	-27.720000	-117.740000	
4.654243	0.400000	12.000000	9.790000	-40.804012	-117.740000	
5.725862	0.400000	12.000000	66.570000	-37.313907	-117.740000	
5.134330	0.400000	12.000000	37.850000	-49.900000	-119.300612	
4.578688	0.400000	12.000000	39.810000	-63.280000	-121.269149	
4.540330	0.400000	12.000000	22.803688	-54.140000	-117.400000	
4.593899	0.400000	12.000000	-2.940000	-62.950000	-116.714285	
5.053879	0.400000	12.000000	27.337513	-40.770000	-114.440000	
6.868702	0.400000	12.000000	27.740000	-28.254541	-114.440000	
5.404723	0.400000	12.000000	88.083413	-39.470000	-114.440000	
4.873562	0.400000	12.000000	78.320000	-49.515102	-114.440000	
5.314404	0.400000	12.000000	96.649568	-46.320000	-114.440000	
5.306016	0.400000	12.000000	100.840000	-64.749314	-114.440000	
5.685922	0.400000	12.000000	108.780461	-53.490000	-114.440000	
5.381273	0.400000	12.000000	91.237877	-72.410000	-114.440000	
4.667822	0.400000	12.000000	90.720000	-59.040000	-112.084888	
5.364295	0.400000	12.000000	20.168927	-105.350000	-113.700000	
7.168911	0.400000	12.000000	-10.120000	-87.410000	-116.225038	
6.656221	0.400000	12.000000	-10.770000	-73.169505	-113.530000	
7.367419	0.400000	12.000000	-16.320000	-109.964036	-113.530000	
5.931204	0.400000	12.000000	-28.060000	-92.964942	-113.530000	
5.624439	0.400000	12.000000	-26.760000	-80.560000	-117.717833	
6.397380	0.400000	12.000000	-20.104588	-61.650000	-113.300000	
5.489622	0.400000	12.000000	-3.467934	-47.950000	-113.070000	
4.506716	0.400000	12.000000	8.848750	-76.650000	-113.070000	
5.105171	0.400000	12.000000	71.470000	-111.656862	-112.960000	
5.143138	0.400000	12.000000	74.400000	-129.490000	-115.960981	
5.834165	0.400000	12.000000	35.900000	-132.430000	-115.008322	
8.112505	0.400000	12.000000	49.930000	-128.510000	-117.402864	
6.005011	0.400000	12.000000	83.701118	-143.190000	-112.050000	
5.125335	0.400000	12.000000	53.190000	-94.230002	-110.460000	
5.336770	0.400000	12.000000	64.184331	-97.200000	-110.460000	
5.257399	0.400000	12.000000	65.270000	-85.501254	-110.460000	
5.104975	0.400000	12.000000	80.930000	-82.769831	-110.460000	
6.154530	0.400000	12.000000	87.994328	-110.250000	-110.460000	
4.752098	0.400000	12.000000	40.485464	-94.590000	-109.720000	
6.399742	0.400000	12.000000	4.890000	-90.347804	-106.650000	
6.168567	0.400000	12.000000	8.551356	-106.660000	-106.590000	
4.778845	0.400000	12.000000	41.762360	-42.730000	-106.590000	
5.654723	0.400000	12.000000	61.373090	-32.940000	-106.590000	
5.552974	0.400000	12.000000	49.658624	-26.420000	-106.590000	
5.735718	0.400000	12.000000	100.840000	-84.308893	-106.590000	
5.298736	0.400000	12.000000	4.007233	-42.400000	-105.290000	
5.211123	0.400000	12.000000	15.990000	-31.081645	-105.230000	
5.160473	0.400000	12.000000	63.310000	-121.381799	-105.230000	
7.048703	0.400000	12.000000	94.299088	-121.990000	-105.230000	
5.927536	0.400000	12.000000	61.020000	-134.234723	-105.230000	
6.118809	0.400000	12.000000	70.160000	-147.029662	-105.230000	
4.880921	0.400000	12.000000	49.930000	-135.846591	-104.830000	
5.972102	0.400000	12.000000	27.605682	-122.640000	-103.980000	
4.881617	0.400000	12.000000	86.150000	-70.502636	-103.750000	
4.614927	0.400000	12.000000	96.706601	-65.890000	-103.580000	
4.867130	0.400000	12.000000	91.050000	-54.140000	-102.528158	
4.935956	0.400000	12.000000	90.070000	-40.681686	-103.580000	
5.195092	0.400000	12.000000	79.950000	-34.900000	-107.453472	
6.013384	0.400000	12.000000	70.259365	-43.710000	-103.520000	
5.936065	0.400000	12.000000	73.116820	-64.910000	-103.520000	
4.815515	0.400000	12.000000	84.139502	-60.990000	-103.520000	
4.968738	0.400000	12.000000	103.120000	-55.780000	-105.102787	
5.578645	0.400000	12.000000	27.408271	-36.860000	-103.130000	
5.860617	0.400000	12.000000	53.560765	-42.400000	-103.070000	
5.568885	0.400000	12.000000	40.790000	-32.290000	-101.894962	
4.892894	0.400000	12.000000	-20.880000	-100.790000	-103.163332	
6.071170	0.400000	12.000000	-34.648428	-97.530000	-103.070000	
6.245845	0.400000	12.000000	-30.350000	-85.061823	-103.070000	
4.991105	0.400000	12.000000	-25.534228	-62.620000	-103.070000	
5.666333	0.400000	12.000000	-7.510000	-104.120518	-103.070000	
6.586135	0.400000	12.000000	-16.934379	-89.370000	-103.070000	
5.524242	0.400000	12.000000	22.840000	-104.199131	-102.730000	
5.983559	0.400000	12.000000	45.967826	-51.860000	-102.730000	
5.821007	0.400000	12.000000	38.801493	-71.110000	-102.730000	
5.078185	0.400000	12.000000	73.100000	-134.060000	-105.834920	
6.285245	0.400000	12.000000	48.300000	-106.904059	-102.670000	
5.378084	0.400000	12.000000	27.090000	-47.950000	-104.637843	
5.757556	0.400000	12.000000	3.590000	-60.990000	-105.791420	
5.000968	0.400000	12.000000	8.480000	-76.320000	-101.062730	
5.835182	0.400000	12.000000	-6.527652	-45.990000	-101.480000	
5.481160	0.400000	12.000000	-11.275310	-62.620000	-100.850000	
4.984306	0.400000	12.000000	-19.910000	-74.615028	-100.800000	
4.748904	0.400000	12.000000	93.330000	-91.650000	-100.473514	
5.791095	0.400000	12.000000	41.082199	-122.970000	-100.620000	
4.858137	0.400000	12.000000	82.230000	-91.686710	-100.230000	
4.885831	0.400000	12.000000	81.580000	-112.751149	-100.230000	
7.306050	0.400000	12.000000	36.870000	-135.810476	-100.230000	
4.996901	0.400000	12.000000	41.120000	-89.508316	-97.440000	
4.709698	0.400000	12.000000	78.642194	-48.600000	-97.440000	
6.509387	0.400000	12.000000	108.670000	-75.350000	-102.025063	
5.206920	0.400000	12.000000	61.680000	-29.410520	-96.080000	
4.766165	0.400000	12.000000	102.790000	-84.234814	-95.620000	
6.874516	0.400000	12.000000	105.400000	-97.850000	-98.084109	
6.857168	0.400000	12.000000	2.280000	-35.426421	-94.370000	
5.540181	0.400000	12.000000	6.200000	-47.905381	-94.370000	
6.818578	0.400000	12.000000	77.990000	-147.100000	-93.674047	
5.506237	0.400000	12.000000	66.240000	-118.964624	-94.370000	
6.648200	0.400000	12.000000	85.820000	-124.704194	-94.370000	
5.191068	0.400000	12.000000	91.588074	-81.220000	-92.840000	
5.149904	0.400000	12.000000	86.825815	-67.190000	-92.840000	
5.183090	0.400000	12.000000	99.827663	-71.430000	-92.840000	
6.884351	0.400000	12.000000	112.629733	-65.560000	-92.780000	
5.093243	0.400000	12.000000	81.886317	-77.300000	-92.780000	
5.964955	0.400000	12.000000	99.530000	-59.028999	-92.780000	
5.768598	0.400000	12.000000	91.370000	-46.404959	-92.780000	
4.536594	0.400000	12.000000	71.790000	-44.390428	-92.780000	
4.532430	0.400000	12.000000	83.870000	-35.550000	-95.655198	
4.565674	0.400000	12.000000	-9.140000	-86.256110	-92.780000	
4.865775	0.400000	12.000000	-8.810000	-97.290474	-92.780000	
5.082010	0.400000	12.000000	4.890000	-101.159367	-92.780000	
4.699597	0.400000	12.000000	-17.933917	-100.790000	-92.780000	
5.338406	0.400000	12.000000	-30.246854	-100.130000	-92.780000	
4.512412	0.400000	12.000000	-29.040000	-88.970651	-92.780000	
5.542456	0.400000	12.000000	25.450000	-28.664181	-92.550000	
5.293892	0.400000	12.000000	32.241571	-37.180000	-92.550000	
4.764635	0.400000	12.000000	46.660000	-30.660000	-93.323983	
4.544344	0.400000	12.000000	30.020000	-63.280000	-94.894458	
5.313439	0.400000	12.000000	38.830000	-49.580000	-93.640731	
5.049145	0.400000	12.000000	50.718865	-49.580000	-90.850000	
4.798705	0.400000	12.000000	62.000000	-47.662039	-90.850000	
5.696178	0.400000	12.000000	55.953171	-37.510000	-90.850000	
5.430532	0.400000	12.000000	18.935616	-55.120000	-90.790000	
4.782952	0.400000	12.000000	-2.280000	-53.317052	-90.790000	
4.633898	0.400000	12.000000	5.870000	-61.650000	-86.534850	
4.629821	0.400000	12.000000	-7.180000	-43.552919	-90.790000	
5.155176	0.400000	12.000000	-24.470000	-68.297158	-90.790000	
5.249445	0.400000	12.000000	-17.950000	-90.314655	-90.790000	
5.429694	0.400000	12.000000	-32.630000	-77.319438	-90.790000	
5.602810	0.400000	12.000000	57.264639	-133.730000	-90.790000	
5.091999	0.400000	12.000000	72.770000	-133.730000	-95.453212	
4.706788	0.400000	12.000000	66.797605	-142.860000	-90.390000	
4.983397	0.400000	12.000000	42.420000	-130.113265	-90.330000	
4.775313	0.400000	12.000000	44.380000	-117.888036	-90.330000	
5.463258	0.400000	12.000000	77.324971	-97.200000	-90.330000	
5.748595	0.400000	12.000000	32.630000	-78.635358	-90.160000	
4.628502	0.400000	12.000000	32.630000	-128.202426	-89.820000	
5.170629	0.400000	12.000000	77.551841	-113.510000	-89.820000	
6.050645	0.400000	12.000000	87.212210	-105.350000	-89.770000	
5.253189	0.400000	12.000000	84.038803	-88.390000	-88.910000	
6.104624	0.400000	12.000000	-12.664261	-119.380000	-87.720000	
5.206013	0.400000	12.000000	77.340000	-50.650525	-86.750000	
4.968644	0.400000	12.000000	114.218471	-77.630000	-86.750000	
5.806666	0.400000	12.000000	72.440000	-30.580588	-86.750000	
6.893399	0.400000	12.000000	106.060000	-104.550351	-85.100000	
6.356797	0.400000	12.000000	112.580000	-91.534311	-85.100000	
7.536584	0.400000	12.000000	60.700000	-21.385257	-84.140000	
5.754477	0.400000	12.000000	98.220000	-92.630000	-84.549811	
5.077380	0.400000	12.000000	99.171005	-77.300000	-84.080000	
4.538876	0.400000	12.000000	-14.030000	-106.010000	-83.158030	
5.699109	0.400000	12.000000	-28.060000	-108.434547	-82.090000	
4.566848	0.400000	12.000000	-29.370000	-94.260000	-81.485178	
4.764507	0.400000	12.000000	103.615366	-55.780000	-82.090000	
5.140497	0.400000	12.000000	24.470000	-25.405136	-82.090000	
4.997038	0.400000	12.000000	39.160000	-30.990000	-83.740100	
5.297037	0.400000	12.000000	51.797446	-30.660000	-82.090000	
4.761512	0.400000	12.000000	72.957000	-42.400000	-82.090000	
5.016976	0.400000	12.000000	48.132793	-97.200000	-82.030000	
4.525293	0.400000	12.000000	40.549843	-83.170000	-82.030000	
5.865974	0.400000	12.000000	23.708729	-71.110000	-82.030000	
5.382292	0.400000	12.000000	-0.980000	-67.591800	-82.030000	
4.715990	0.400000	12.000000	1.067598	-95.240000	-82.030000	
4.916350	0.400000	12.000000	-0.000000	-125.652164	-82.030000	
5.776194	0.400000	12.000000	29.700000	-61.012823	-80.840000	
5.741536	0.400000	12.000000	89.090000	-79.781536	-80.840000	
4.925498	0.400000	12.000000	104.750000	-69.428309	-80.840000	
4.792293	0.400000	12.000000	93.980000	-50.560000	-83.042347	
5.080743	0.400000	12.000000	91.700000	-62.423790	-80.670000	
4.647033	0.400000	12.000000	54.619748	-134.380000	-80.670000	
5.710690	0.400000	12.000000	58.740000	-123.950000	-85.176895	
4.928653	0.400000	12.000000	1.960000	-57.410000	-78.302752	
5.976843	0.400000	12.000000	-10.440000	-44.768401	-80.330000	
4.595719	0.400000	12.000000	42.310083	-41.100000	-80.270000	
5.058978	0.400000	12.000000	60.320427	-42.730000	-80.220000	
5.748886	0.400000	12.000000	86.305126	-38.810000	-80.220000	
4.579926	0.400000	12.000000	38.829063	-117.100000	-80.220000	
6.507476	0.400000	12.000000	70.160000	-138.486535	-80.220000	
6.133821	0.400000	12.000000	-11.100000	-92.249632	-80.220000	
5.981971	0.400000	12.000000	-18.270000	-79.183386	-80.220000	
5.588675	0.400000	12.000000	-11.420000	-57.080000	-85.069701	
5.983528	0.400000	12.000000	15.010000	-38.158712	-80.220000	
5.146933	0.400000	12.000000	21.540000	-123.255985	-80.220000	
5.813383	0.400000	12.000000	55.542515	-59.690000	-79.820000	
4.962698	0.400000	12.000000	48.950000	-49.660157	-79.760000	
4.794606	0.400000	12.000000	71.470000	-109.969868	-79.760000	
6.285411	0.400000	12.000000	77.842430	-121.010000	-79.760000	
5.212588	0.400000	12.000000	92.350000	-101.463448	-79.760000	
6.232376	0.400000	12.000000	36.870000	-131.461547	-79.530000	
4.738359	0.400000	12.000000	52.860000	-108.359797	-79.360000	
4.693803	0.400000	12.000000	31.980000	-78.484375	-79.310000	
4.947386	0.400000	12.000000	78.818591	-89.370000	-78.230000	
4.747212	0.400000	12.000000	72.770000	-78.529176	-78.230000	
5.112806	0.400000	12.000000	83.210000	-109.590000	-78.132701	
5.071972	0.400000	12.000000	-8.810000	-122.249765	-77.150000	
5.962880	0.400000	12.000000	-24.470000	-62.963100	-77.150000	
5.650223	0.400000	12.000000	-36.550000	-63.600000	-81.945730	
4.648608	0.400000	12.000000	-29.700000	-82.200000	-72.574637	
4.996606	0.400000	12.000000	48.300000	-129.490000	-74.119201	
5.294198	0.400000	12.000000	14.732409	-52.510000	-76.860000	
4.618404	0.400000	12.000000	70.913994	-98.500000	-76.690000	
5.760287	0.400000	12.000000	60.040000	-75.589334	-76.630000	
4.824003	0.400000	12.000000	26.110000	-102.674768	-75.610000	
6.338109	0.400000	12.000000	9.790000	-68.170000	-75.438801	
4.561608	0.400000	12.000000	111.026975	-98.830000	-74.190000	
4.740256	0.400000	12.000000	115.893534	-87.090000	-74.190000	
5.945436	0.400000	12.000000	114.870000	-72.740000	-75.656396	
4.551836	0.400000	12.000000	70.160000	-28.414704	-74.190000	
4.939092	0.400000	12.000000	99.331133	-74.690000	-73.170000	
4.974983	0.400000	12.000000	101.160000	-93.610000	-71.624790	
4.592282	0.400000	12.000000	101.160000	-105.462082	-73.170000	
5.893244	0.400000	12.000000	74.400000	-49.146703	-73.170000	
4.876609	0.400000	12.000000	59.173830	-30.330000	-73.170000	
5.693063	0.400000	12.000000	31.000000	-37.116741	-73.170000	
4.939440	0.400000	12.000000	25.450000	-90.680000	-71.963867	
4.487622	0.400000	12.000000	1.911894	-82.520000	-73.170000	
5.985905	0.400000	12.000000	13.710000	-92.310000	-78.876839	
5.212147	0.400000	12.000000	11.750000	-120.360000	-76.600147	
6.907389	0.400000	12.000000	1.630000	-113.180000	-74.697870	
4.966475	0.400000	12.000000	69.206605	-128.510000	-73.110000	
5.426117	0.400000	12.000000	89.549209	-91.000000	-73.110000	
4.889863	0.400000	12.000000	55.800000	-90.823007	-73.110000	
4.702648	0.400000	12.000000	-11.591662	-105.680000	-71.920000	
4.841337	0.400000	12.000000	-28.720000	-92.894192	-71.860000	
4.806337	0.400000	12.000000	-27.740000	-103.720000	-68.584580	
5.565858	0.400000	12.000000	-27.090000	-115.997049	-71.860000	
5.059423	0.400000	12.000000	-37.850000	-89.370000	-74.039100	
7.522503	0.400000	12.000000	-41.867467	-73.710000	-71.860000	
5.722013	0.400000	12.000000	20.230000	-23.912794	-71.860000	
5.390466	0.400000	12.000000	43.355396	-30.010000	-71.860000	
4.629668	0.400000	12.000000	104.750000	-55.120000	-72.145608	
4.629186	0.400000	12.000000	48.950000	-103.088067	-71.060000	
4.853351	0.400000	12.000000	36.870000	-87.873041	-71.060000	
5.308143	0.400000	12.000000	35.240000	-98.528424	-71.060000	
4.923378	0.400000	12.000000	48.300000	-80.111861	-71.060000	
7.527694	0.400000	12.000000	7.510000	-133.120570	-71.060000	
5.192411	0.400000	12.000000	0.330000	-101.110000	-72.329393	
4.757152	0.400000	12.000000	81.910000	-66.870000	-73.219994	
5.040497	0.400000	12.000000	-1.783142	-72.080000	-71.060000	
4.908367	0.400000	12.000000	58.090000	-143.770244	-70.550000	
4.545992	0.400000	12.000000	59.070000	-124.601603	-70.550000	
4.563606	0.400000	12.000000	89.375777	-77.960000	-70.550000	
5.280497	0.400000	12.000000	94.995671	-65.230000	-70.550000	
5.037229	0.400000	12.000000	93.933123	-51.860000	-70.550000	
5.144138	0.400000	12.000000	29.683508	-61.650000	-69.130000	
5.747436	0.400000	12.000000	64.611478	-41.750000	-69.130000	
5.630440	0.400000	12.000000	82.230000	-40.510172	-69.130000	
4.773923	0.400000	12.000000	105.730000	-66.133835	-69.130000	
5.263366	0.400000	12.000000	81.583027	-123.620000	-69.070000	
4.985901	0.400000	12.000000	72.531500	-140.910000	-69.070000	
5.830909	0.400000	12.000000	33.610000	-123.440329	-69.070000	
5.465807	0.400000	12.000000	46.660000	-118.730000	-70.634977	
4.734924	0.400000	12.000000	38.180000	-113.209708	-69.070000	
4.641540	0.400000	12.000000	21.855606	-124.920000	-69.070000	
4.623661	0.400000	12.000000	-14.394594	-93.290000	-69.070000	
4.932704	0.400000	12.000000	-19.834571	-44.690000	-69.070000	
4.974357	0.400000	12.000000	19.250000	-42.730000	-69.817328	
7.165701	0.400000	12.000000	45.815883	-44.360000	-69.070000	
5.204510	0.400000	12.000000	36.017353	-71.110000	-68.500000	
4.799088	0.400000	12.000000	-12.730000	-83.091144	-68.500000	
5.890599	0.400000	12.000000	43.080000	-137.554999	-68.500000	
4.893398	0.400000	12.000000	58.420963	-111.220000	-68.500000	
4.484887	0.400000	12.000000	81.910000	-111.880000	-66.054537	
5.520361	0.400000	12.000000	68.850000	-110.570000	-66.598261	
5.167067	0.400000	12.000000	-8.974006	-123.950000	-66.570000	
4.582485	0.400000	12.000000	45.030000	-57.049279	-66.170000	
5.237001	0.400000	12.000000	43.080000	-128.190000	-62.205961	
5.806622	0.400000	12.000000	-24.800000	-60.966056	-65.380000	
5.516637	0.400000	12.000000	78.640000	-93.610000	-61.129578	
4.649770	0.400000	12.000000	108.670000	-86.245858	-62.990000	
4.761788	0.400000	12.000000	97.216203	-102.090000	-62.990000	
4.617169	0.400000	12.000000	106.060000	-95.443280	-62.990000	
5.293895	0.400000	12.000000	103.510217	-76.980000	-62.820000	
5.158747	0.400000	12.000000	71.140000	-123.950000	-59.674851	
4.586178	0.400000	12.000000	11.886415	-83.830000	-62.310000	
4.995733	0.400000	12.000000	12.400000	-94.269821	-62.080000	
6.274388	0.400000	12.000000	31.000000	-105.680000	-61.789634	
4.842420	0.400000	12.000000	-3.973424	-114.810000	-62.080000	
4.780348	0.400000	12.000000	-13.003030	-110.900000	-61.910000	
5.303247	0.400000	12.000000	-35.240000	-95.656757	-61.850000	
5.899970	0.400000	12.000000	-33.610000	-77.300000	-61.859409	
4.858006	0.400000	12.000000	-23.500000	-112.867966	-61.740000	
5.518712	0.400000	12.000000	30.020000	-38.988833	-61.740000	
4.780301	0.400000	12.000000	41.120000	-30.432125	-61.740000	
5.485382	0.400000	12.000000	64.940000	-26.967791	-61.740000	
5.407701	0.400000	12.000000	105.970265	-56.750000	-61.740000	
5.759771	0.400000	12.000000	87.200343	-57.410000	-61.740000	
6.193085	0.400000	12.000000	114.870000	-72.945434	-61.740000	
5.261503	0.400000	12.000000	93.000000	-88.695654	-61.740000	
4.551388	0.400000	12.000000	26.027852	-29.680000	-61.450000	
4.644685	0.400000	12.000000	16.320000	-25.075917	-61.400000	
4.835936	0.400000	12.000000	2.416048	-31.310000	-61.340000	
4.908022	0.400000	12.000000	9.790000	-43.380000	-65.139560	
4.605310	0.400000	12.000000	-0.980000	-50.687512	-61.170000	
4.747038	0.400000	12.000000	-9.790000	-61.320000	-58.116338	
4.668172	0.400000	12.000000	-9.140000	-47.620000	-65.492552	
4.904925	0.400000	12.000000	35.240000	-81.220000	-62.376597	
5.779863	0.400000	12.000000	38.830000	-94.435930	-61.000000	
4.765784	0.400000	12.000000	12.730000	-67.695879	-61.000000	
4.480041	0.400000	12.000000	67.582493	-66.540000	-61.000000	
4.857303	0.400000	12.000000	88.430000	-97.850000	-61.292335	
4.693132	0.400000	12.000000	72.133726	-102.420000	-61.000000	
4.501857	0.400000	12.000000	45.690000	-105.680000	-59.802360	
4.742927	0.400000	12.000000	45.030000	-77.300000	-59.972862	
5.865710	0.400000	12.000000	50.580000	-88.390000	-59.840814	
4.786053	0.400000	12.000000	25.130000	-53.102595	-60.830000	
4.645856	0.400000	12.000000	-7.591153	-72.740000	-60.830000	
4.750457	0.400000	12.000000	-23.500000	-98.889415	-60.830000	
5.378525	0.400000	12.000000	6.999749	-107.960000	-60.830000	
4.877204	0.400000	12.000000	4.197615	-122.970000	-60.770000	
5.838471	0.400000	12.000000	16.970000	-120.268652	-60.830000	
7.340111	0.400000	12.000000	108.010000	-113.890682	-60.830000	
5.060605	0.400000	12.000000	82.058113	-67.190000	-60.830000	
4.584850	0.400000	12.000000	71.470000	-43.380000	-59.672472	
4.869841	0.400000	12.000000	53.256388	-99.480000	-60.600000	
4.528956	0.400000	12.000000	27.410000	-94.614018	-60.940000	
6.725820	0.400000	12.000000	-35.816796	-64.580000	-60.200000	
5.158886	0.400000	12.000000	58.090000	-134.380000	-64.353482	
5.106086	0.400000	12.000000	58.342933	-144.820000	-60.150000	
5.011313	0.400000	12.000000	59.070000	-121.990000	-60.643498	
4.653766	0.400000	12.000000	92.735410	-47.290000	-60.090000	
4.480271	0.400000	12.000000	93.000000	-66.294353	-60.090000	
5.446039	0.400000	12.000000	88.760000	-75.430522	-60.090000	
4.601632	0.400000	12.000000	54.126122	-53.170000	-60.090000	
4.849139	0.400000	12.000000	52.860000	-33.920000	-61.135586	
5.300480	0.400000	12.000000	14.680000	-52.683457	-59.470000	
4.660479	0.400000	12.000000	2.280000	-91.330000	-62.831627	
4.487131	0.400000	12.000000	68.530000	-91.650000	-60.569708	
5.126828	0.400000	12.000000	-23.820000	-82.069045	-57.870000	
4.484999	0.400000	12.000000	33.290000	-128.005362	-57.760000	
4.871277	0.400000	12.000000	48.950000	-115.790000	-60.241976	
4.657175	0.400000	12.000000	59.390000	-112.200000	-57.277547	
5.411598	0.400000	12.000000	80.280000	-128.950696	-57.760000	
5.029309	0.400000	12.000000	67.880000	-141.230000	-54.471405	
5.249433	0.400000	12.000000	27.740000	-117.066411	-57.760000	
6.101898	0.400000	12.000000	33.940000	-65.666188	-57.760000	
5.327850	0.400000	12.000000	23.903004	-73.060000	-57.760000	
5.826294	0.400000	12.000000	59.070000	-42.864258	-57.650000	
4.721978	0.400000	12.000000	106.710000	-66.254917	-57.650000	
5.679558	0.400000	12.000000	-13.221806	-98.180000	-57.420000	
4.970386	0.400000	12.000000	-11.490173	-84.800000	-57.420000	
5.707001	0.400000	12.000000	49.280000	-68.042835	-56.170000	
5.426817	0.400000	12.000000	-4.570000	-128.352775	-56.170000	
5.178892	0.400000	12.000000	81.260000	-108.242258	-56.170000	
4.755216	0.400000	12.000000	40.790000	-121.560065	-54.800000	
4.502050	0.400000	12.000000	41.092501	-136.990000	-54.800000	
4.958150	0.400000	12.000000	43.400000	-46.454267	-54.800000	
4.949139	0.400000	12.000000	40.847474	-56.430000	-54.800000	
4.845976	0.400000	12.000000	-18.930000	-68.788595	-54.750000	
5.343774	0.400000	12.000000	-23.500000	-55.934742	-54.520000	
5.229888	0.400000	12.000000	21.540000	-133.602322	-54.120000	
4.770811	0.400000	12.000000	-16.640000	-126.815229	-54.010000	
7.630289	0.400000	12.000000	93.980000	-121.232602	-53.950000	
4.692737	0.400000	12.000000	73.750000	-75.370701	-53.780000	
5.236975	0.400000	12.000000	52.589912	-78.280000	-53.210000	
6.043514	0.400000	12.000000	18.270000	-41.750000	-57.600308	
4.693613	0.400000	12.000000	43.400000	-150.430153	-53.210000	
5.028815	0.400000	12.000000	48.950000	-128.190000	-53.274211	
5.241590	0.400000	12.000000	107.348901	-97.200000	-52.300000	
4.874870	0.400000	12.000000	106.106603	-79.910000	-52.250000	
5.354499	0.400000	12.000000	96.920000	-71.136197	-52.250000	
5.383866	0.400000	12.000000	71.603048	-115.790000	-52.250000	
4.845646	0.400000	12.000000	67.550000	-127.860000	-50.907737	
5.065044	0.400000	12.000000	-23.170000	-114.711087	-51.510000	
5.460779	0.400000	12.000000	-35.570000	-95.570000	-47.051567	
5.027855	0.400000	12.000000	-36.550000	-84.631360	-51.450000	
4.667064	0.400000	12.000000	-33.290000	-74.523136	-51.450000	
4.547904	0.400000	12.000000	-12.400000	-107.079142	-51.450000	
4.802577	0.400000	12.000000	37.850000	-33.636975	-51.450000	
4.952279	0.400000	12.000000	58.740000	-28.463457	-51.450000	
5.201406	0.400000	12.000000	84.520000	-54.396771	-51.450000	
4.522651	0.400000	12.000000	24.089195	-83.170000	-51.450000	
5.007721	0.400000	12.000000	27.410000	-39.721583	-51.450000	
4.861705	0.400000	12.000000	33.940000	-47.433117	-51.450000	
4.692971	0.400000	12.000000	103.450000	-52.211724	-51.450000	
5.790662	0.400000	12.000000	28.390000	-99.268038	-51.450000	
5.433629	0.400000	12.000000	27.410000	-29.110424	-51.050000	
5.503904	0.400000	12.000000	15.990000	-33.270000	-48.844518	
5.422035	0.400000	12.000000	69.180000	-26.879468	-51.050000	
4.531782	0.400000	12.000000	67.550000	-38.545409	-51.050000	
5.507963	0.400000	12.000000	77.459294	-40.450000	-51.050000	
4.523953	0.400000	12.000000	8.160000	-41.592523	-51.050000	
4.800484	0.400000	12.000000	5.459064	-50.560000	-51.050000	
5.169162	0.400000	12.000000	-0.330000	-33.415450	-51.050000	
5.597600	0.400000	12.000000	6.200000	-132.436182	-50.650000	
4.877342	0.400000	12.000000	14.680000	-112.598411	-50.650000	
4.682840	0.400000	12.000000	40.087751	-79.260000	-50.650000	
4.669459	0.400000	12.000000	32.633038	-88.720000	-50.650000	
4.821150	0.400000	12.000000	83.540000	-87.599020	-50.650000	
4.509482	0.400000	12.000000	95.290000	-96.318978	-50.650000	
4.515544	0.400000	12.000000	81.260000	-64.004712	-50.650000	
5.382613	0.400000	12.000000	24.470000	-54.655433	-50.650000	
4.876706	0.400000	12.000000	-24.470000	-94.238897	-50.650000	
5.436854	0.400000	12.000000	-33.610000	-106.658077	-50.650000	
5.082751	0.400000	12.000000	4.322730	-113.510000	-50.650000	
5.729217	0.400000	12.000000	7.830000	-98.180000	-52.551435	
5.207571	0.400000	12.000000	42.420000	-90.680000	-50.956276	
4.495904	0.400000	12.000000	39.810000	-102.343125	-50.480000	
5.293873	0.400000	12.000000	70.810000	-102.125715	-50.480000	
5.763474	0.400000	12.000000	70.011160	-48.930000	-50.480000	
5.647497	0.400000	12.000000	-7.180000	-44.690000	-53.975980	
7.355667	0.400000	12.000000	-18.270000	-37.742314	-50.480000	
4.820619	0.400000	12.000000	-3.920000	-67.520000	-49.318458	
4.857531	0.400000	12.000000	103.855940	-106.660000	-50.480000	
5.073052	0.400000	12.000000	15.404856	-122.640000	-50.260000	
4.761656	0.400000	12.000000	-9.177274	-116.440000	-49.570000	
5.318065	0.400000	12.000000	59.070000	-133.866855	-49.570000	
4.876491	0.400000	12.000000	84.548259	-74.690000	-49.570000	
4.532026	0.400000	12.000000	92.680000	-48.372946	-49.570000	
4.621494	0.400000	12.000000	51.560000	-50.560000	-51.621013	
4.714817	0.400000	12.000000	52.712547	-37.180000	-49.460000	
4.621648	0.400000	12.000000	-10.440000	-74.370000	-51.071922	
4.533113	0.400000	12.000000	6.850000	-87.631719	-49.400000	
5.404638	0.400000	12.000000	65.521447	-85.780000	-49.400000	
5.168229	0.400000	12.000000	57.295405	-147.760000	-48.780000	
4.546734	0.400000	12.000000	72.935959	-66.870000	-48.270000	
4.553500	0.400000	12.000000	94.960000	-61.320000	-48.076366	
6.021573	0.400000	12.000000	13.380000	-66.049097	-47.190000	
5.170492	0.400000	12.000000	4.890000	-78.154735	-47.190000	
5.637541	0.400000	12.000000	24.887468	-114.490000	-47.190000	
5.099780	0.400000	12.000000	31.650000	-127.422572	-47.190000	
5.093717	0.400000	12.000000	77.670000	-123.666137	-47.190000	
5.625003	0.400000	12.000000	50.366646	-115.790000	-47.190000	
5.496355	0.400000	12.000000	58.410000	-105.672280	-47.190000	
5.631922	0.400000	12.000000	29.700000	-71.441525	-47.130000	
4.506596	0.400000	12.000000	-15.340000	-90.350000	-48.366481	
4.993781	0.400000	12.000000	108.401774	-65.230000	-46.790000	
4.725527	0.400000	12.000000	4.570000	-57.410000	-44.087102	
5.460205	0.400000	12.000000	-5.764895	-82.850000	-46.730000	
5.394125	0.400000	12.000000	-8.480000	-98.970115	-46.730000	
4.520875	0.400000	12.000000	-17.628487	-81.220000	-46.730000	
5.054451	0.400000	12.000000	-11.100000	-59.690000	-48.508922	
4.771825	0.400000	12.000000	60.370000	-52.587325	-46.730000	
4.609568	0.400000	12.000000	80.577273	-111.550000	-45.760000	
4.484498	0.400000	12.000000	-3.255962	-122.640000	-45.760000	
4.585245	0.400000	12.000000	42.750000	-70.507646	-45.760000	
4.806502	0.400000	12.000000	55.480000	-65.230000	-47.186677	
7.128067	0.400000	12.000000	-30.020000	-64.062451	-45.760000	
4.648498	0.400000	12.000000	50.403641	-28.700000	-45.710000	
5.168880	0.400000	12.000000	35.629030	-115.790000	-45.710000	
4.847482	0.400000	12.000000	40.760513	-56.430000	-44.510000	
5.565613	0.400000	12.000000	43.080000	-43.351728	-44.460000	
4.856443	0.400000	12.000000	-21.540000	-55.780000	-42.810481	
4.603871	0.400000	12.000000	-23.500000	-74.370000	-44.254236	
5.301994	0.400000	12.000000	37.530000	-136.837943	-44.460000	
4.814540	0.400000	12.000000	55.480000	-72.740000	-40.842160	
4.537322	0.400000	12.000000	51.223022	-81.870000	-42.810000	
5.165471	0.400000	12.000000	46.962438	-127.210000	-42.810000	
4.958328	0.400000	12.000000	92.001417	-115.140000	-42.810000	
4.546472	0.400000	12.000000	-1.630000	-106.330000	-44.177403	
4.785864	0.400000	12.000000	17.950000	-45.990000	-47.102863	
4.534720	0.400000	12.000000	40.790000	-147.299310	-42.810000	
6.337789	0.400000	12.000000	-2.280000	-135.878249	-42.810000	
6.977346	0.400000	12.000000	88.760000	-37.627688	-42.810000	
4.958547	0.400000	12.000000	-1.960000	-91.713709	-42.750000	
5.664844	0.400000	12.000000	-27.410000	-111.901679	-41.330000	
5.478324	0.400000	12.000000	-23.428075	-89.040000	-41.330000	
5.790228	0.400000	12.000000	107.227130	-78.610000	-41.330000	
5.119738	0.400000	12.000000	79.300000	-49.348581	-41.330000	
4.976771	0.400000	12.000000	63.123238	-27.070000	-41.330000	
5.388170	0.400000	12.000000	39.810000	-32.916250	-41.330000	
5.595951	0.400000	12.000000	28.390000	-44.323424	-41.330000	
4.941583	0.400000	12.000000	67.738889	-115.790000	-41.330000	
4.689125	0.400000	12.000000	57.623364	-121.990000	-41.330000	
5.154701	0.400000	12.000000	19.596393	-135.360000	-41.330000	
7.417336	0.400000	12.000000	48.950000	-156.029518	-41.330000	
4.550121	0.400000	12.000000	26.110000	-95.913361	-41.330000	
4.580237	0.400000	12.000000	-18.270000	-103.720000	-44.360199	
4.796723	0.400000	12.000000	-16.236283	-113.510000	-41.330000	
5.454370	0.400000	12.000000	27.740000	-84.170172	-41.330000	
5.146077	0.400000	12.000000	94.310000	-72.879091	-41.330000	
4.881396	0.400000	12.000000	10.964268	-49.900000	-40.250000	
4.822978	0.400000	12.000000	18.600000	-37.840000	-39.485165	
4.758911	0.400000	12.000000	-1.960000	-44.690000	-44.393297	
4.725205	0.400000	12.000000	-16.320000	-46.970000	-41.866260	
5.455872	0.400000	12.000000	-28.234397	-100.460000	-40.020000	
4.800764	0.400000	12.000000	4.240000	-122.453926	-40.020000	
4.768004	0.400000	12.000000	7.510000	-109.270000	-41.159239	
4.967697	0.400000	12.000000	16.639688	-125.580000	-40.020000	
4.537636	0.400000	12.000000	96.590000	-107.310000	-38.450417	
4.982700	0.400000	12.000000	103.763510	-100.790000	-40.020000	
4.608229	0.400000	12.000000	93.387965	-95.240000	-40.020000	
4.545507	0.400000	12.000000	83.210000	-60.670000	-40.444726	
5.083223	0.400000	12.000000	72.440000	-77.960000	-35.101692	
4.689184	0.400000	12.000000	73.420000	-101.220088	-40.020000	
4.983892	0.400000	12.000000	81.260000	-94.913908	-40.020000	
4.513414	0.400000	12.000000	88.133903	-87.410000	-40.020000	
5.513541	0.400000	12.000000	48.620000	-92.651914	-40.020000	
5.112662	0.400000	12.000000	37.872077	-91.650000	-40.020000	
4.989790	0.400000	12.000000	40.012653	-81.540000	-40.020000	
5.093609	0.400000	12.000000	33.610000	-102.889670	-40.020000	
5.266233	0.400000	12.000000	12.600039	-96.550000	-40.020000	
5.094255	0.400000	12.000000	22.192374	-54.140000	-40.020000	
4.489715	0.400000	12.000000	-2.280000	-68.632801	-39.620000	
4.674437	0.400000	12.000000	69.510000	-43.710000	-40.841470	
4.484110	0.400000	12.000000	90.470112	-52.840000	-39.450000	
6.224003	0.400000	12.000000	63.957499	-132.430000	-38.830000	
5.232396	0.400000	12.000000	51.560000	-136.954573	-38.830000	
4.874430	0.400000	12.000000	51.560000	-48.929183	-38.830000	
5.350894	0.400000	12.000000	54.820000	-36.210000	-38.499717	
5.723722	0.400000	12.000000	83.619327	-73.710000	-38.830000	
5.159758	0.400000	12.000000	-12.070000	-70.130000	-39.571158	
4.982797	0.400000	12.000000	-32.790444	-76.650000	-38.830000	
6.151925	0.400000	12.000000	7.830000	-33.962365	-38.830000	
5.317251	0.400000	12.000000	96.920000	-61.165784	-38.150000	
4.619443	0.400000	12.000000	33.851646	-60.670000	-38.090000	
5.133758	0.400000	12.000000	60.690053	-146.450000	-38.150000	
5.192854	0.400000	12.000000	64.290000	-84.674867	-38.090000	
4.679721	0.400000	12.000000	31.980000	-126.160298	-36.900000	
5.719481	0.400000	12.000000	81.073704	-123.290000	-36.900000	
4.743704	0.400000	12.000000	27.090000	-67.109688	-36.900000	
5.227780	0.400000	12.000000	12.730000	-61.209085	-36.900000	
5.639612	0.400000	12.000000	-0.000000	-78.693857	-36.900000	
5.201962	0.400000	12.000000	27.521434	-116.770000	-36.730000	
5.801905	0.400000	12.000000	-13.380000	-92.341938	-36.730000	
4.782900	0.400000	12.000000	-11.420000	-80.890000	-34.800300	
5.484350	0.400000	12.000000	62.000000	-50.880000	-35.295436	
4.951486	0.400000	12.000000	3.260000	-57.730000	-33.083160	
5.253607	0.400000	12.000000	37.002661	-72.410000	-35.590000	
5.087054	0.400000	12.000000	47.850520	-59.690000	-35.590000	
4.643184	0.400000	12.000000	67.220000	-70.780000	-39.849209	
5.778901	0.400000	12.000000	101.490000	-90.362896	-35.590000	
5.250195	0.400000	12.000000	76.360000	-110.451922	-35.590000	
4.552968	0.400000	12.000000	47.282086	-115.140000	-35.590000	
4.926147	0.400000	12.000000	41.120000	-122.842679	-35.590000	
6.694339	0.400000	12.000000	-17.092641	-125.250000	-35.530000	
4.524757	0.400000	12.000000	27.410000	-135.400517	-35.530000	
4.696519	0.400000	12.000000	76.690000	-64.790223	-34.680000	
4.925845	0.400000	12.000000	59.390000	-65.820669	-34.680000	
5.169716	0.400000	12.000000	-23.500000	-71.185493	-34.280000	
4.612028	0.400000	12.000000	60.700000	-95.288404	-34.280000	
4.558737	0.400000	12.000000	54.287362	-102.420000	-34.280000	
4.780573	0.400000	12.000000	51.560000	-123.814043	-34.280000	
4.902721	0.400000	12.000000	36.870000	-137.703154	-34.280000	
4.788326	0.400000	12.000000	13.050000	-117.827837	-34.280000	
6.358866	0.400000	12.000000	19.580000	-71.110000	-29.303146	
4.617242	0.400000	12.000000	6.530000	-69.249706	-34.280000	
5.614434	0.400000	12.000000	40.114568	-52.190000	-34.280000	
4.947174	0.400000	12.000000	-16.163898	-57.080000	-34.280000	
4.688700	0.400000	12.000000	41.142959	-107.310000	-34.220000	
6.158497	0.400000	12.000000	-6.850000	-107.640000	-33.420794	
5.419374	0.400000	12.000000	-1.310000	-94.132116	-32.290000	
4.607462	0.400000	12.000000	48.300000	-80.890000	-31.988073	
4.629969	0.400000	12.000000	51.051952	-71.760000	-32.290000	
5.209133	0.400000	12.000000	47.575847	-145.470000	-32.290000	
5.118265	0.400000	12.000000	90.479582	-114.810000	-32.290000	
5.509936	0.400000	12.000000	-17.950000	-103.694043	-30.300000	
4.670226	0.400000	12.000000	-27.019213	-111.880000	-30.300000	
5.270403	0.400000	12.000000	-3.590000	-130.671760	-30.300000	
4.958290	0.400000	12.000000	66.084649	-123.290000	-30.300000	
6.009481	0.400000	12.000000	66.570000	-111.880000	-24.546481	
5.293451	0.400000	12.000000	100.552846	-76.000000	-30.300000	
5.327131	0.400000	12.000000	79.300000	-52.252305	-30.300000	
5.053822	0.400000	12.000000	26.110000	-84.128238	-30.300000	
4.722379	0.400000	12.000000	25.780000	-95.570000	-30.421059	
5.781220	0.400000	12.000000	-20.809585	-82.850000	-30.300000	
6.577549	0.400000	12.000000	-33.419887	-89.040000	-30.300000	
4.494631	0.400000	12.000000	-17.620000	-114.820955	-30.300000	
4.608283	0.400000	12.000000	38.377653	-63.600000	-30.300000	
5.116873	0.400000	12.000000	41.770000	-44.690000	-26.547465	
4.585093	0.400000	12.000000	87.780000	-104.050000	-32.892536	
6.841878	0.400000	12.000000	30.020000	-39.790000	-29.820859	
5.047799	0.400000	12.000000	4.890000	-106.010000	-30.692171	
4.609706	0.400000	12.000000	-31.087862	-101.770000	-29.790000	
6.027251	0.400000	12.000000	15.990000	-42.672876	-29.790000	
5.189060	0.400000	12.000000	-5.870000	-45.660000	-25.353745	
5.033201	0.400000	12.000000	91.431944	-65.230000	-29.790000	
5.233056	0.400000	12.000000	105.311124	-105.030000	-29.790000	
4.816731	0.400000	12.000000	78.640000	-87.740000	-33.142356	
4.862644	0.400000	12.000000	88.997210	-81.870000	-29.790000	
5.625559	0.400000	12.000000	71.938638	-97.530000	-29.790000	
5.066247	0.400000	12.000000	87.905252	-92.310000	-29.790000	
5.838136	0.400000	12.000000	37.633564	-84.480000	-29.790000	
4.653626	0.400000	12.000000	40.367660	-96.550000	-29.790000	
5.095666	0.400000	12.000000	32.107622	-107.310000	-29.790000	
5.823958	0.400000	12.000000	0.731707	-118.400000	-29.790000	
4.925164	0.400000	12.000000	14.014706	-98.500000	-29.790000	
4.843277	0.400000	12.000000	47.910453	-90.680000	-29.790000	
5.480472	0.400000	12.000000	22.190000	-59.545474	-29.790000	
6.820383	0.400000	12.000000	74.400000	-137.433307	-29.790000	
6.656229	0.400000	12.000000	87.780000	-41.187130	-28.990000	
5.371464	0.400000	12.000000	52.860000	-43.050000	-23.774400	
7.142835	0.400000	12.000000	69.936010	-39.470000	-28.310000	
5.760676	0.400000	12.000000	47.970000	-134.665698	-28.310000	
5.450717	0.400000	12.000000	-7.830000	-63.657528	-28.310000	
4.488359	0.400000	12.000000	70.863830	-84.150000	-27.690000	
5.880748	0.400000	12.000000	93.048556	-54.140000	-27.800000	
5.200601	0.400000	12.000000	-1.720479	-77.630000	-26.210000	
5.163268	0.400000	12.000000	-11.420000	-95.809076	-26.210000	
5.259499	0.400000	12.000000	24.800000	-115.831504	-26.210000	
4.896509	0.400000	12.000000	58.410000	-128.477598	-26.210000	
5.039283	0.400000	12.000000	10.440000	-58.737761	-24.270000	
5.530615	0.400000	12.000000	60.593277	-53.490000	-24.160000	
5.155835	0.400000	12.000000	53.371176	-62.620000	-24.160000	
6.212958	0.400000	12.000000	75.710000	-72.014744	-24.160000	
6.290971	0.400000	12.000000	41.770000	-110.250000	-20.515205	
5.660949	0.400000	12.000000	48.950000	-122.566548	-24.160000	
5.631563	0.400000	12.000000	33.940000	-135.040000	-21.087342	
5.040187	0.400000	12.000000	25.780000	-127.088849	-24.160000	
5.097030	0.400000	12.000000	-12.730000	-78.715416	-24.160000	
4.665006	0.400000	12.000000	-24.055835	-75.020000	-24.160000	
6.054089	0.400000	12.000000	32.259106	-54.800000	-24.160000	
4.923690	0.400000	12.000000	63.772740	-91.980000	-24.100000	
4.485911	0.400000	12.000000	15.990000	-110.731173	-24.160000	
4.529659	0.400000	12.000000	10.152732	-119.050000	-24.100000	
4.649122	0.400000	12.000000	100.180000	-87.410000	-24.062019	
4.573272	0.400000	12.000000	43.080000	-72.476468	-24.100000	
5.740079	0.400000	12.000000	32.960000	-70.130000	-23.036189	
5.112521	0.400000	12.000000	8.340458	-69.470000	-24.100000	
4.960608	0.400000	12.000000	64.290000	-69.800000	-26.185765	
5.359150	0.400000	12.000000	52.540000	-103.801372	-23.880000	
4.932868	0.400000	12.000000	-6.200000	-113.510000	-22.638377	
5.115857	0.400000	12.000000	76.690000	-120.680000	-24.995425	
4.529315	0.400000	12.000000	2.504146	-126.230000	-19.390000	
6.954125	0.400000	12.000000	-33.093683	-106.660000	-19.390000	
5.552231	0.400000	12.000000	-22.840000	-91.650000	-22.920182	
4.880776	0.400000	12.000000	14.526071	-50.880000	-19.390000	
4.953558	0.400000	12.000000	76.690000	-57.000935	-19.390000	
5.925009	0.400000	12.000000	86.150000	-64.201490	-18.420000	
4.578363	0.400000	12.000000	93.405885	-76.980000	-18.360000	
4.487625	0.400000	12.000000	41.230106	-90.350000	-18.360000	
5.137619	0.400000	12.000000	30.033280	-85.780000	-18.360000	
5.012578	0.400000	12.000000	9.678840	-104.700000	-18.360000	
4.511466	0.400000	12.000000	27.740000	-102.090000	-22.278983	
5.305293	0.400000	12.000000	21.210000	-95.850699	-18.360000	
5.421043	0.400000	12.000000	-14.680000	-107.640000	-13.587283	
4.909790	0.400000	12.000000	43.730000	-131.120000	-17.856369	
4.849025	0.400000	12.000000	100.874815	-103.070000	-17.280000	
7.112548	0.400000	12.000000	97.250000	-119.961740	-17.230000	
4.709159	0.400000	12.000000	17.300000	-132.415752	-17.230000	
5.835478	0.400000	12.000000	57.927060	-121.660000	-16.830000	
5.454755	0.400000	12.000000	74.475413	-91.650000	-16.830000	
4.579829	0.400000	12.000000	70.160000	-102.090000	-20.609406	
5.075263	0.400000	12.000000	34.590000	-120.540217	-15.690000	
4.616118	0.400000	12.000000	86.843721	-102.740000	-14.160000	
5.073063	0.400000	12.000000	77.990000	-80.847923	-14.160000	
4.763004	0.400000	12.000000	-11.420000	-64.940529	-14.160000	
6.282089	0.400000	12.000000	-19.765183	-72.410000	-14.160000	
5.087007	0.400000	12.000000	-22.101118	-84.150000	-14.160000	
5.154346	0.400000	12.000000	-10.120000	-79.260000	-9.472514	
4.914337	0.400000	12.000000	-1.630000	-92.575770	-14.160000	
5.393743	0.400000	12.000000	-11.750000	-96.389603	-14.160000	
6.202105	0.400000	12.000000	25.130000	-113.566999	-14.160000	
4.649096	0.400000	12.000000	14.013116	-112.860000	-14.160000	
4.672024	0.400000	12.000000	25.925935	-125.250000	-14.160000	
4.711612	0.400000	12.000000	33.290000	-135.690000	-10.732965	
5.705354	0.400000	12.000000	66.240000	-57.730000	-14.956762	
5.911809	0.400000	12.000000	41.120000	-66.857888	-14.040000	
4.925475	0.400000	12.000000	63.257693	-91.000000	-13.990000	
5.605239	0.400000	12.000000	68.850000	-69.680136	-13.990000	
5.016894	0.400000	12.000000	-1.630000	-67.840000	-10.654543	
5.118096	0.400000	12.000000	7.709940	-62.300000	-13.990000	
6.074695	0.400000	12.000000	15.244804	-72.410000	-13.990000	
5.227760	0.400000	12.000000	26.760000	-53.490000	-13.549219	
4.920602	0.400000	12.000000	56.860643	-66.210000	-13.990000	
5.171010	0.400000	12.000000	8.728000	-91.650000	-12.110000	
5.724415	0.400000	12.000000	0.650000	-79.260000	-7.675615	
4.775503	0.400000	12.000000	-7.486247	-117.750000	-11.430000	
5.481855	0.400000	12.000000	58.740000	-101.110000	-15.187533	
4.982130	0.400000	12.000000	61.350000	-79.910000	-6.726266	
4.966742	0.400000	12.000000	-25.450000	-103.070000	-5.402012	
4.748572	0.400000	12.000000	2.280000	-124.920000	-4.236785	
5.108038	0.400000	12.000000	73.420000	-123.876400	-8.930000	
6.380171	0.400000	12.000000	54.043750	-112.530000	-8.930000	
5.151015	0.400000	12.000000	30.350000	-81.563936	-7.620000	
4.832215	0.400000	12.000000	40.460000	-82.850000	-9.961374	
7.187454	0.400000	12.000000	41.120000	-91.000000	-0.862248	
5.252643	0.400000	12.000000	40.460000	-103.552690	-7.620000	
4.742143	0.400000	12.000000	14.637344	-103.400000	-7.620000	
5.842938	0.400000	12.000000	53.207259	-133.400000	-7.620000	
5.972589	0.400000	12.000000	13.479317	-132.100000	-6.770000	
5.018325	0.400000	12.000000	62.407468	-126.880000	-6.770000	
5.318513	0.400000	12.000000	24.150000	-138.357675	-6.770000	
4.962986	0.400000	12.000000	75.890076	-87.740000	-5.340000	
5.266332	0.400000	12.000000	77.099305	-74.040000	-3.750000	
4.763292	0.400000	12.000000	66.240000	-70.130000	-3.047541	
5.880588	0.400000	12.000000	69.510000	-51.378276	-3.750000	
6.139652	0.400000	12.000000	53.132001	-57.080000	-3.750000	
5.105795	0.400000	12.000000	31.217491	-72.080000	-3.750000	
4.505078	0.400000	12.000000	41.440000	-69.185608	-3.750000	
4.599818	0.400000	12.000000	7.400519	-72.080000	-3.700000	
5.976532	0.400000	12.000000	-11.944776	-66.540000	-3.520000	
5.116475	0.400000	12.000000	13.050000	-61.970000	-1.310354	
5.997106	0.400000	12.000000	67.861852	-96.550000	-2.560000	
6.386571	0.400000	12.000000	-12.730000	-79.910000	3.987181	
5.633706	0.400000	12.000000	35.240000	-114.490000	-4.565444	
6.234962	0.400000	12.000000	0.560134	-112.200000	-4.040000	
6.726794	0.400000	12.000000	-19.561819	-92.960000	-4.550000	
6.101816	0.400000	12.000000	19.250000	-118.730000	-2.417989	
4.729788	0.400000	12.000000	-1.960000	-97.122574	-5.400000	
5.827209	0.400000	12.000000	29.040000	-95.570000	-3.752603	
5.160583	0.400000	12.000000	33.013059	-60.020000	-8.130000	
5.406182	0.400000	12.000000	89.740000	-88.293784	-9.320000	
5.381710	0.400000	12.000000	53.840000	-75.382554	-87.550000	
4.919345	0.400000	12.000000	61.020000	-83.170000	-86.965093	
4.626520	0.400000	12.000000	62.980000	-95.240000	-86.651485	
4.618311	0.400000	12.000000	23.820000	-100.790000	-89.370455	
5.339276	0.400000	12.000000	-0.182844	-110.900000	-87.550000	
5.163831	0.400000	12.000000	19.910000	-111.220000	-83.947337	
5.546973	0.400000	12.000000	14.268751	-67.520000	-87.780000	
4.833559	0.400000	12.000000	51.943452	-110.900000	-91.360000	
4.735095	0.400000	12.000000	22.504262	-41.750000	-91.360000	
4.727489	0.400000	12.000000	10.440000	-81.540000	-89.306875	
7.295798	0.400000	12.000000	16.970000	-122.640000	-93.711400	
5.454013	0.400000	12.000000	30.670000	-117.516298	-92.380000	
5.195168	0.400000	12.000000	46.010000	-140.910000	-92.127446	
5.195435	0.400000	12.000000	50.035544	-60.340000	-93.180000	
5.052534	0.400000	12.000000	71.790000	-60.961774	-93.290000	
5.116555	0.400000	12.000000	60.040000	-85.491571	-97.950000	
5.412571	0.400000	12.000000	70.835520	-92.630000	-97.950000	
5.010788	0.400000	12.000000	72.770000	-105.891232	-97.900000	
5.433619	0.400000	12.000000	53.935575	-71.760000	-97.900000	
5.145872	0.400000	12.000000	32.126767	-101.110000	-97.950000	
5.003506	0.400000	12.000000	-2.697780	-118.730000	-97.900000	
5.439293	0.400000	12.000000	-18.270000	-110.163720	-98.120000	
4.792860	0.400000	12.000000	33.167622	-80.890000	-101.080000	
4.821359	0.400000	12.000000	13.710000	-43.023180	-102.050000	
4.898019	0.400000	12.000000	13.380000	-116.440000	-103.791731	
4.857352	0.400000	12.000000	51.890000	-70.130000	-108.274082	
5.635256	0.400000	12.000000	35.343220	-110.570000	-112.560000	
4.855310	0.400000	12.000000	40.757952	-120.030000	-112.560000	
4.888789	0.400000	12.000000	28.720000	-69.150000	-111.683471	
5.443267	0.400000	12.000000	45.133104	-104.050000	-113.810000	
5.896698	0.400000	12.000000	51.405692	-114.160000	-113.810000	
5.710815	0.400000	12.000000	58.669929	-47.950000	-114.330000	
4.755550	0.400000	12.000000	42.150515	-72.740000	-114.330000	
5.620197	0.400000	12.000000	29.040000	-87.740000	-114.061341	
5.551777	0.400000	12.000000	11.077152	-59.690000	-115.350000	
6.859493	0.400000	12.000000	51.043366	-71.430000	-125.580000	
5.990602	0.400000	12.000000	48.950000	-87.740000	-120.850085	
5.342518	0.400000	12.000000	39.810000	-78.610000	-129.283585	
4.934406	0.400000	12.000000	-7.208436	-67.190000	-125.580000	
5.018163	0.400000	12.000000	4.947265	-62.620000	-125.580000	
6.949513	0.400000	12.000000	-1.960000	-51.518081	-125.580000	
4.954398	0.400000	12.000000	40.790000	-61.320000	-131.962365	
5.623097	0.400000	12.000000	76.690000	-84.480000	-141.467034	
6.528232	0.400000	12.000000	35.868217	-72.410000	-139.060000	
5.813979	0.400000	12.000000	37.200000	-90.680000	-140.481459	
6.106035	0.400000	12.000000	16.640000	-76.466133	-139.060000	
5.442937	0.400000	12.000000	66.900000	-65.560000	-139.123995	
5.042998	0.400000	12.000000	54.170000	-82.850000	-136.266527	
4.840313	0.400000	12.000000	44.710000	-80.794389	-139.060000	
5.912393	0.400000	12.000000	48.300000	-97.200000	-140.497664	
4.993284	0.400000	12.000000	67.220000	-104.370000	-142.596003	
7.064687	0.400000	12.000000	42.420000	-58.814264	-143.830000	
5.418364	0.400000	12.000000	63.727253	-80.560000	-143.830000	
6.952711	0.400000	12.000000	61.020000	-60.340000	-150.166037	
5.406286	0.400000	12.000000	20.417879	-92.630000	-143.830000	
6.750765	0.400000	12.000000	30.670000	-100.460000	-150.319510	
5.831707	0.400000	12.000000	35.900000	-115.790000	-147.625930	
7.038355	0.400000	12.000000	6.267628	-83.170000	-143.830000	
5.225580	1.000000	11.000000	54.170000	-68.820000	5.002878	
5.451714	1.000000	11.000000	48.025110	-78.610000	-0.170000	
5.934286	1.000000	11.000000	50.865022	-99.160000	-4.380000	
5.532806	1.000000	11.000000	16.970000	-83.748396	-8.810000	
5.150599	1.000000	11.000000	53.840000	-68.820000	-142.323472	
5.670948	1.000000	11.000000	31.000000	-48.747911	-132.230000	
5.592238	1.000000	11.000000	41.770000	-101.110000	-127.277162	
4.707338	1.000000	11.000000	58.033377	-102.740000	-130.360000	
4.958564	1.000000	11.000000	33.973422	-88.070000	-127.860000	
4.596226	1.000000	11.000000	63.630000	-114.326162	-118.990000	
4.482482	1.000000	11.000000	23.820000	-63.363994	-118.930000	
4.647059	1.000000	11.000000	31.980000	-59.690000	-116.050540	
4.557800	1.000000	11.000000	84.712786	-96.550000	-109.490000	
5.297371	1.000000	11.000000	16.714593	-90.680000	-109.270000	
4.371013	1.000000	11.000000	25.130000	-95.570431	-108.190000	
4.833100	1.000000	11.000000	49.433482	-82.520000	-98.180000	
4.418465	1.000000	11.000000	66.805898	-73.390000	-98.120000	
5.218837	1.000000	11.000000	61.205911	-61.320000	-97.950000	
4.807637	1.000000	11.000000	26.547915	-73.710000	-97.900000	
4.575319	1.000000	11.000000	15.185464	-88.390000	-97.670000	
4.964627	1.000000	11.000000	27.653982	-90.020000	-97.380000	
4.333980	1.000000	11.000000	14.113222	-97.200000	-96.870000	
5.370364	1.000000	11.000000	-2.610000	-69.306410	-96.020000	
4.901479	1.000000	11.000000	45.744204	-40.770000	-90.850000	
4.531284	1.000000	11.000000	85.820000	-57.701380	-90.220000	
4.877883	1.000000	11.000000	61.680000	-110.092283	-90.160000	
4.967070	1.000000	11.000000	28.252878	-50.560000	-89.540000	
4.726794	1.000000	11.000000	27.090000	-36.064184	-83.340000	
4.449597	1.000000	11.000000	23.988339	-86.110000	-83.290000	
5.105471	1.000000	11.000000	37.850000	-95.212993	-82.550000	
4.656903	1.000000	11.000000	48.950000	-87.395922	-82.430000	
4.901223	1.000000	11.000000	68.850000	-62.973554	-81.690000	
4.633285	1.000000	11.000000	77.968401	-69.150000	-81.690000	
4.504228	1.000000	11.000000	105.008276	-85.780000	-76.690000	
4.419368	1.000000	11.000000	34.063170	-79.260000	-119.270000	
6.195157	1.000000	11.000000	50.536515	-56.750000	-119.100000	
4.710949	1.000000	11.000000	70.939157	-56.750000	-118.590000	
4.739175	1.000000	11.000000	49.930000	-81.587948	-109.550000	
4.524221	1.000000	11.000000	64.290000	-71.760000	-106.599210	
4.598191	1.000000	11.000000	18.538250	-73.390000	-109.550000	
4.530242	1.000000	11.000000	61.680000	-102.420000	-98.830381	
5.497301	1.000000	11.000000	22.524297	-61.320000	-103.980000	
6.131828	1.000000	11.000000	33.940000	-57.293480	-103.980000	
4.946039	1.000000	11.000000	41.669508	-59.040000	-81.120000	
4.613928	1.000000	11.000000	41.120000	-74.690000	-85.450301	
4.670715	1.000000	11.000000	37.850000	-49.900000	-79.317226	
5.216677	1.000000	11.000000	15.660000	-80.903387	-80.270000	
5.148428	1.000000	11.000000	12.070000	-103.720000	-81.109623	
4.861926	1.000000	11.000000	82.306297	-58.380000	-80.160000	
5.228703	1.000000	11.000000	62.382695	-104.370000	-76.460000	
4.368618	1.000000	11.000000	66.240000	-117.332621	-77.880000	
4.592449	1.000000	11.000000	26.890534	-47.950000	-76.920000	
5.443212	1.000000	11.000000	44.265782	-68.500000	-76.690000	
4.891234	1.000000	11.000000	3.260000	-42.400000	-77.809214	
4.512916	1.000000	11.000000	21.860000	-112.198946	-68.160000	
4.521174	1.000000	11.000000	15.990000	-104.131826	-67.940000	
4.827747	1.000000	11.000000	24.740270	-70.780000	-67.880000	
4.778614	1.000000	11.000000	0.788456	-58.380000	-67.880000	
5.369993	1.000000	11.000000	21.817521	-81.220000	-66.910000	
4.980082	1.000000	11.000000	54.629541	-64.260000	-66.910000	
5.616966	1.000000	11.000000	64.290000	-56.750000	-63.215630	
5.216239	1.000000	11.000000	-20.531648	-73.060000	-65.950000	
4.371526	1.000000	11.000000	-3.590000	-39.435238	-61.970000	
4.368369	1.000000	11.000000	-3.260000	-101.331428	-57.080000	
5.162255	1.000000	11.000000	-1.705916	-81.870000	-57.080000	
5.553358	1.000000	11.000000	4.130128	-59.690000	-57.080000	
4.398738	1.000000	11.000000	-13.710000	-53.092477	-57.080000	
4.377037	1.000000	11.000000	75.710000	-55.385207	-57.020000	
4.531355	1.000000	11.000000	60.320215	-92.960000	-56.910000	
4.847709	1.000000	11.000000	16.970000	-88.210053	-46.670000	
5.025363	1.000000	11.000000	15.340000	-77.806982	-46.280000	
5.034513	1.000000	11.000000	17.950000	-104.700000	-43.827946	
4.581621	1.000000	11.000000	62.735474	-76.320000	-46.110000	
5.116829	1.000000	11.000000	64.940000	-60.990000	-49.917331	
4.489440	1.000000	11.000000	72.770000	-58.710000	-44.146524	
5.379552	1.000000	11.000000	98.587308	-86.440000	-45.650000	
4.664608	1.000000	11.000000	75.380000	-86.938371	-45.420000	
4.877868	1.000000	11.000000	60.886253	-42.080000	-45.420000	
4.453438	1.000000	11.000000	56.450000	-90.020000	-48.823076	
4.726375	1.000000	11.000000	62.650000	-96.465024	-44.340000	
5.250650	1.000000	11.000000	47.320000	-105.451847	-44.340000	
4.596560	1.000000	11.000000	57.760000	-112.042907	-32.750000	
5.529808	1.000000	11.000000	16.330477	-88.720000	-33.370000	
4.411334	1.000000	11.000000	15.660000	-78.280000	-36.518803	
4.347901	1.000000	11.000000	19.580000	-108.620000	-34.180047	
4.553792	1.000000	11.000000	13.416821	-129.820000	-27.290000	
4.686337	1.000000	11.000000	8.480000	-80.560000	-29.444560	
4.872220	1.000000	11.000000	24.441302	-65.890000	-18.190000	
4.990617	1.000000	11.000000	-5.870000	-53.849670	-34.220000	
4.508893	1.000000	11.000000	50.838393	-73.710000	-13.190000	
5.869829	1.000000	11.000000	49.280000	-83.170000	-19.148406	
4.909543	1.000000	11.000000	60.673171	-80.560000	-22.000000	
5.433961	1.000000	11.000000	8.810000	-90.020000	-25.136215	
4.542530	1.000000	11.000000	16.640000	-82.766625	-22.970000	
4.688180	1.000000	11.000000	-2.940000	-55.120000	-23.628359	
5.556424	1.000000	11.000000	-13.050000	-55.450000	-21.777233	
4.799143	1.000000	11.000000	69.830000	-60.966722	-27.740000	
4.628167	1.000000	11.000000	1.353762	-69.150000	-59.690000	
5.403686	1.000000	11.000000	74.080000	-83.500000	-68.034690	
4.851863	1.000000	11.000000	73.100000	-73.475715	-64.520000	
4.474349	1.000000	11.000000	59.070000	-73.060000	-60.308694	
5.665977	1.000000	11.000000	61.350000	-82.463354	-65.040000	
4.492664	1.000000	11.000000	72.440000	-74.505498	-88.570000	
6.120848	1.000000	11.000000	1.630000	-87.410000	-92.513276	
4.688700	1.000000	11.000000	38.180000	-66.295450	-90.680000	
4.651082	1.000000	11.000000	36.550000	-113.510000	-100.592283	
4.558145	1.000000	11.000000	46.990000	-99.810000	-91.674800	
5.306688	1.000000	11.000000	61.680000	-51.860000	-102.725046	
