6.133743	0.4	12.	175.89	-189.568592	0.
5.251408	0.4	12.	236.642101	-199.29	-137.
5.010149	0.4	12.	227.45	-186.38011	-137.
5.273086	0.4	12.	183.72	-152.65	-142.101925
5.71804	0.4	12.	178.303458	-175.15	-137.
5.280245	0.4	12.	201.67	-196.68	-140.353134
4.69548	0.4	12.	219.94	-206.28079	-137.
4.606303	0.4	12.	226.8	-197.01	-141.38182
7.536825	0.4	12.	252.25	-130.79	-143.778752
4.920199	0.4	12.	255.51	-150.04	-138.349655
4.671541	0.4	12.	236.123681	-155.58	-137.
4.926011	0.4	12.	246.05	-164.72	-133.543148
6.053546	0.4	12.	215.99487	-158.19	-136.
6.19342	0.4	12.	213.42	-176.46	-137.563273
4.753224	0.4	12.	195.314185	-147.76	-136.
4.805845	0.4	12.	195.8	-130.379869	-136.
4.981863	0.4	12.	186.01	-167.33	-139.560961
4.679575	0.4	12.	258.12	-170.59	-134.989836
5.518691	0.4	12.	266.61	-162.43	-136.841117
4.945949	0.4	12.	227.12	-176.38674	-136.
6.716461	0.4	12.	242.46	-187.451164	-136.
4.516862	0.4	12.	194.49	-159.82	-139.29177
6.370408	0.4	12.	263.35	-181.03	-141.861795
6.051797	0.4	12.	217.110504	-190.81	-136.
4.994719	0.4	12.	196.335879	-188.2	-135.
5.791813	0.4	12.	192.53	-175.81	-135.46023
4.93879	0.4	12.	180.691877	-145.47	-135.
4.602203	0.4	12.	253.145558	-139.28	-135.
4.857684	0.4	12.	242.588101	-128.51	-135.
7.135083	0.4	12.	179.81	-205.81	-140.620586
6.768506	0.4	12.	172.156131	-158.85	-135.
4.488296	0.4	12.	201.67	-141.23	-138.319357
4.781166	0.4	12.	207.382537	-134.06	-135.
4.581707	0.4	12.	259.701792	-218.21	-131.
5.841445	0.4	12.	273.46	-219.708179	-131.
4.963798	0.4	12.	182.856356	-108.62	-130.
4.610435	0.4	12.	268.825187	-210.38	-129.
6.245315	0.4	12.	267.329366	-142.86	-129.
5.147488	0.4	12.	212.444145	-121.34	-128.
4.561761	0.4	12.	193.618714	-121.99	-128.
7.513748	0.4	12.	204.93	-109.59	-129.206715
6.039084	0.4	12.	199.06	-211.36	-130.499303
5.488885	0.4	12.	216.010273	-245.93	-127.
7.017936	0.4	12.	153.37	-161.13	-128.611028
4.946158	0.4	12.	238.22	-147.457773	-126.
4.598134	0.4	12.	253.64684	-167.	-126.
4.927031	0.4	12.	226.8	-200.6	-130.908893
4.563998	0.4	12.	293.785893	-142.54	-126.
5.454223	0.4	12.	290.962592	-172.87	-125.
4.707746	0.4	12.	229.356129	-188.2	-125.
5.131468	0.4	12.	217.99	-192.628945	-125.
4.547645	0.4	12.	217.66	-181.026936	-125.
4.599228	0.4	12.	268.24	-160.8	-123.753411
5.141674	0.4	12.	255.19	-155.761922	-125.
5.71673	0.4	12.	230.39	-158.52	-127.972655
5.040252	0.4	12.	195.8	-159.17	-127.916341
4.786571	0.4	12.	187.64	-154.61	-124.733868
5.633686	0.4	12.	192.200761	-131.77	-125.
4.659193	0.4	12.	239.611657	-133.08	-124.
5.272825	0.4	12.	261.030028	-132.75	-124.
4.959842	0.4	12.	200.36	-196.84998	-124.
4.50425	0.4	12.	195.556577	-187.87	-124.
4.613668	0.4	12.	230.71	-178.09	-125.831846
4.570176	0.4	12.	244.42	-194.07	-120.338012
4.815017	0.4	12.	243.44	-203.53	-128.045875
4.692582	0.4	12.	261.06	-204.305606	-124.
4.719272	0.4	12.	215.05	-202.23	-121.825402
4.794282	0.4	12.	181.76	-214.376397	-124.
5.18939	0.4	12.	178.83	-204.51	-123.534078
4.646256	0.4	12.	170.489252	-198.31	-124.
4.598178	0.4	12.	190.070983	-167.33	-124.
4.876536	0.4	12.	181.44	-164.39	-127.585464
4.846725	0.4	12.	177.519973	-147.76	-124.
4.542094	0.4	12.	199.71	-141.23	-127.114748
4.821481	0.4	12.	205.079539	-131.12	-124.
5.323972	0.4	12.	166.75	-161.932848	-124.
5.166207	0.4	12.	167.094231	-150.37	-124.
6.283188	0.4	12.	162.84	-184.29	-127.292718
4.513799	0.4	12.	254.21	-143.727743	-124.
5.417818	0.4	12.	265.96	-170.26	-128.459978
5.151031	0.4	12.	240.83	-161.338846	-124.
5.467932	0.4	12.	249.428221	-127.53	-124.
5.414212	0.4	12.	218.796624	-160.8	-124.
8.178179	0.4	12.	295.33	-159.5	-131.736867
4.995068	0.4	12.	156.31	-128.917229	-123.
4.763016	0.4	12.	165.45	-124.74219	-123.
4.882289	0.4	12.	205.91	-94.92	-125.437193
6.146013	0.4	12.	266.28	-102.09	-127.377108
5.018141	0.4	12.	271.18	-112.86	-119.145304
6.48	0.4	12.	280.31	-111.22	-127.37057
6.580331	0.4	12.	283.984058	-124.92	-123.
7.191044	0.4	12.	236.91	-226.04	-128.050595
4.726048	0.4	12.	232.922558	-236.15	-122.
4.692417	0.4	12.	234.96	-248.592171	-122.
4.65941	0.4	12.	190.070135	-242.02	-122.
5.439862	0.4	12.	207.22	-236.8	-125.213097
6.877832	0.4	12.	166.1	-211.36	-124.225582
5.249207	0.4	12.	148.104625	-180.37	-122.
5.19614	0.4	12.	121.966651	-164.39	-122.
5.273156	0.4	12.	179.15	-96.450929	-122.
5.159851	0.4	12.	202.708386	-218.86	-121.
5.014116	0.4	12.	288.15	-186.9	-124.727732
4.498314	0.4	12.	296.3	-180.561997	-121.
6.495875	0.4	12.	309.49781	-144.17	-121.
4.95093	0.4	12.	261.050335	-221.14	-120.
4.605938	0.4	12.	273.79	-222.12	-119.368824
7.258076	0.4	12.	193.84	-99.16	-126.941438
6.907573	0.4	12.	156.012104	-249.85	-120.
6.618312	0.4	12.	184.7	-256.728113	-120.
7.704632	0.4	12.	140.65	-212.99	-121.815238
5.27651	0.4	12.	125.170583	-203.53	-120.
4.726794	0.4	12.	294.35	-153.156656	-120.
4.564054	0.4	12.	147.5	-150.37	-116.725949
4.742635	0.4	12.	230.39	-206.47	-124.042318
7.082945	0.4	12.	300.87	-129.294696	-120.
6.044651	0.4	12.	246.38	-91.983761	-120.
5.203479	0.4	12.	174.497654	-109.27	-119.
4.626076	0.4	12.	288.8	-160.723565	-119.
4.652158	0.4	12.	272.16	-140.58	-119.250001
4.513435	0.4	12.	235.61	-113.83	-114.936434
5.512918	0.4	12.	226.47	-115.46	-122.530227
5.485474	0.4	12.	267.59	-211.561164	-118.
4.743749	0.4	12.	194.16	-119.05	-115.848412
6.144436	0.4	12.	250.95	-234.19	-122.469669
4.94908	0.4	12.	221.25	-250.099406	-116.
6.063967	0.4	12.	210.81	-244.270574	-116.
4.507597	0.4	12.	213.42	-101.660148	-116.
6.542738	0.4	12.	173.461653	-248.87	-116.
6.854442	0.4	12.	311.351696	-181.03	-116.
5.563558	0.4	12.	296.772289	-141.88	-115.
5.26618	0.4	12.	155.33	-169.682906	-115.
4.512245	0.4	12.	164.026893	-158.52	-115.
5.330652	0.4	12.	198.31292	-100.13	-115.
4.519824	0.4	12.	224.19	-196.189069	-115.
4.899168	0.4	12.	223.86	-236.47	-114.821078
5.604395	0.4	12.	168.06	-130.850734	-115.
5.446559	0.4	12.	243.474053	-151.02	-114.
5.11393	0.4	12.	231.69	-154.61	-117.316247
5.171439	0.4	12.	293.04	-168.9436	-114.
5.36197	0.4	12.	285.86	-200.658864	-114.
5.075502	0.4	12.	277.974251	-209.73	-114.
5.498388	0.4	12.	214.72	-119.05	-109.024836
4.875703	0.4	12.	217.01	-188.550431	-114.
5.649421	0.4	12.	273.002584	-158.85	-114.
4.568481	0.4	12.	258.12	-160.8	-115.860996
6.116052	0.4	12.	279.99	-148.73	-117.330189
5.059686	0.4	12.	255.821741	-128.51	-114.
4.56855	0.4	12.	246.05	-129.684896	-113.
4.722394	0.4	12.	181.76	-147.021062	-113.
4.986888	0.4	12.	170.915632	-152.	-113.
5.132755	0.4	12.	174.91	-199.29	-113.768992
4.675592	0.4	12.	236.59	-204.678734	-113.
4.498197	0.4	12.	203.3	-229.95	-113.531401
5.553282	0.4	12.	191.88	-233.220178	-113.
5.093058	0.4	12.	176.89312	-216.9	-113.
5.065062	0.4	12.	166.575233	-119.71	-112.
5.425435	0.4	12.	207.22	-90.02	-114.747396
5.387034	0.4	12.	264.18441	-100.13	-112.
4.949266	0.4	12.	236.59	-229.448676	-112.
4.760292	0.4	12.	191.55	-171.89	-108.916059
6.045633	0.4	12.	237.834271	-242.02	-111.
5.884021	0.4	12.	152.39	-235.638225	-111.
6.265251	0.4	12.	125.31	-162.669865	-111.
6.164255	0.4	12.	156.64	-134.06	-111.71443
5.536629	0.4	12.	179.518118	-98.5	-111.
5.888567	0.4	12.	289.191623	-182.98	-110.
5.181493	0.4	12.	300.226179	-175.81	-110.
5.248438	0.4	12.	145.87	-179.708192	-110.
4.877358	0.4	12.	142.93	-216.58	-106.904032
5.182667	0.4	12.	131.535786	-200.6	-109.
5.556452	0.4	12.	170.02	-209.411212	-109.
5.109521	0.4	12.	184.7	-251.351325	-109.
6.316317	0.4	12.	267.26	-228.633133	-109.
4.895128	0.4	12.	279.66	-226.660925	-109.
5.33921	0.4	12.	300.87	-152.118985	-109.
5.295158	0.4	12.	170.009888	-105.68	-108.
4.94092	0.4	12.	290.76	-158.85	-107.867598
5.046934	0.4	12.	275.09	-112.222395	-108.
5.435761	0.4	12.	164.956773	-256.37	-107.
5.043255	0.4	12.	155.454907	-247.89	-107.
5.345816	0.4	12.	215.05	-95.24	-105.397841
5.308343	0.4	12.	182.42	-240.504878	-107.
4.545252	0.4	12.	266.94	-215.397948	-107.
5.387726	0.4	12.	252.903941	-227.34	-107.
5.020415	0.4	12.	251.6	-95.57	-109.3761
4.660966	0.4	12.	202.98	-241.04	-108.831489
5.108271	0.4	12.	275.125546	-142.54	-106.
4.875798	0.4	12.	195.8	-93.94	-107.261746
5.918733	0.4	12.	214.72	-255.7202	-105.
5.511197	0.4	12.	227.12	-249.2	-106.519287
4.486762	0.4	12.	300.837279	-184.29	-105.
4.578155	0.4	12.	302.18	-140.91	-105.21647
5.891154	0.4	12.	204.28	-101.995694	-104.
5.824008	0.4	12.	219.62	-240.284198	-104.
5.308665	0.4	12.	230.82325	-235.5	-104.
4.879657	0.4	12.	256.390355	-237.78	-104.
6.992721	0.4	12.	167.139681	-230.28	-104.
6.891732	0.4	12.	125.355475	-212.34	-104.
5.141611	0.4	12.	157.037316	-163.09	-104.
4.648983	0.4	12.	225.49	-195.05	-102.211326
5.531403	0.4	12.	175.89	-115.418754	-104.
5.29695	0.4	12.	291.41	-128.19	-105.822236
4.853861	0.4	12.	153.05	-200.033825	-104.
7.3763	0.4	12.	113.56	-184.61	-107.906731
4.969096	0.4	12.	291.523826	-167.65	-103.
5.260408	0.4	12.	273.789424	-208.1	-103.
4.544413	0.4	12.	256.82	-125.924631	-103.
4.892762	0.4	12.	235.93	-96.22	-100.691339
5.592701	0.4	12.	233.65	-161.25929	-103.
4.742389	0.4	12.	225.066318	-204.84	-102.
5.280301	0.4	12.	295.98	-199.62	-104.461121
4.584609	0.4	12.	121.72	-237.78	-106.309908
6.113979	0.4	12.	174.58	-148.57197	-102.
4.668684	0.4	12.	271.83	-158.52	-99.106092
5.252572	0.4	12.	284.111362	-202.23	-102.
4.637298	0.4	12.	268.57	-102.42	-98.808771
4.503486	0.4	12.	204.28	-85.424655	-101.
5.688981	0.4	12.	162.84	-120.03	-101.380485
5.533851	0.4	12.	124.161922	-152.	-101.
6.465881	0.4	12.	173.28	-198.440694	-100.
5.693257	0.4	12.	129.23	-164.06	-98.396291
6.221582	0.4	12.	115.274309	-162.11	-100.
5.194874	0.4	12.	239.914504	-246.59	-100.
4.554373	0.4	12.	234.96	-225.38	-100.962216
5.33827	0.4	12.	209.215952	-234.52	-100.
5.79515	0.4	12.	146.19	-243.65407	-100.
5.580226	0.4	12.	174.58	-96.55	-100.444393
4.774332	0.4	12.	185.068859	-94.26	-100.
5.48287	0.4	12.	152.530345	-129.49	-100.
6.373134	0.4	12.	196.496053	-252.78	-100.
5.997883	0.4	12.	304.46	-163.29109	-100.
5.67878	0.4	12.	294.35	-117.42	-103.052131
7.367298	0.4	12.	139.67	-139.6	-103.473355
6.041308	0.4	12.	279.309184	-103.4	-100.
5.036682	0.4	12.	179.15	-254.987162	-100.
5.481891	0.4	12.	304.05458	-124.92	-99.
4.664895	0.4	12.	296.279822	-178.42	-99.
4.919505	0.4	12.	145.22	-180.37	-94.184489
4.715481	0.4	12.	118.46	-174.5	-99.659964
5.472609	0.4	12.	133.14	-190.16	-101.72433
4.599663	0.4	12.	295.425197	-190.16	-99.
5.84058	0.4	12.	271.294283	-89.7	-98.
7.293344	0.4	12.	215.331089	-81.54	-98.
5.560533	0.4	12.	276.07	-218.86	-101.256125
7.634571	0.4	12.	123.114583	-198.31	-97.
4.69821	0.4	12.	298.26	-154.61	-98.692228
4.824951	0.4	12.	183.019388	-106.33	-97.
5.408344	0.4	12.	157.102683	-253.11	-96.
5.826038	0.4	12.	166.1	-261.82401	-96.
4.818265	0.4	12.	262.69	-232.56	-94.935931
5.023849	0.4	12.	126.94	-230.764566	-96.
4.675889	0.4	12.	277.05	-116.076574	-96.
5.338372	0.4	12.	259.1	-115.14	-90.828577
4.532493	0.4	12.	259.43	-102.74	-93.776549
5.116211	0.4	12.	259.43	-92.31	-92.400393
5.546797	0.4	12.	220.550013	-93.29	-96.
4.676738	0.4	12.	195.266537	-234.84	-96.
5.142321	0.4	12.	172.3	-248.247462	-96.
5.133023	0.4	12.	165.45	-131.45	-95.964027
5.545379	0.4	12.	191.55	-157.54	-91.991278
5.791593	0.4	12.	262.285982	-183.63	-95.
4.52747	0.4	12.	258.263257	-169.94	-95.
5.121883	0.4	12.	227.12	-84.15	-94.403143
5.782272	0.4	12.	111.6	-242.67	-99.29763
4.97742	0.4	12.	212.844845	-251.48	-94.
6.889177	0.4	12.	224.51	-257.670238	-94.
6.915916	0.4	12.	305.864402	-184.29	-94.
4.817156	0.4	12.	171.32	-118.310167	-93.
6.461382	0.4	12.	152.39	-140.507748	-93.
4.656854	0.4	12.	251.6	-237.45	-94.177511
4.76153	0.4	12.	222.23	-244.172591	-93.
5.112926	0.4	12.	237.57	-233.646574	-93.
4.726792	0.4	12.	303.984971	-141.23	-93.
5.990996	0.4	12.	158.59	-239.625965	-93.
4.560434	0.4	12.	111.06366	-187.55	-93.
4.72906	0.4	12.	150.44	-196.213008	-93.
6.130045	0.4	12.	205.31647	-96.22	-93.
5.341606	0.4	12.	173.107273	-108.29	-93.
4.613151	0.4	12.	291.727381	-161.13	-92.
4.641836	0.4	12.	251.6	-129.49	-89.136944
4.7645	0.4	12.	263.560044	-124.6	-92.
5.576737	0.4	12.	194.092033	-92.31	-92.
4.597947	0.4	12.	177.968385	-125.58	-92.
5.803997	0.4	12.	239.2	-157.532804	-92.
5.668329	0.4	12.	199.346756	-81.87	-92.
5.743542	0.4	12.	144.56	-208.42	-86.693026
6.139345	0.4	12.	136.73	-210.71	-96.52247
5.267766	0.4	12.	260.74	-242.355845	-92.
5.928215	0.4	12.	295.118288	-135.36	-92.
4.493592	0.4	12.	200.69	-106.98	-87.938127
6.222255	0.4	12.	296.63	-206.442489	-91.
5.467512	0.4	12.	284.88	-202.55	-90.317096
4.586544	0.4	12.	121.641816	-241.69	-91.
5.888365	0.4	12.	114.195007	-233.21	-91.
4.99704	0.4	12.	175.89	-265.272649	-91.
4.521656	0.4	12.	210.48	-105.88635	-91.
5.650877	0.4	12.	138.04	-156.525085	-91.
5.32477	0.4	12.	161.344867	-122.31	-90.
5.93327	0.4	12.	160.55	-109.413764	-90.
5.034334	0.4	12.	129.23	-148.44403	-90.
6.253441	0.4	12.	229.41	-202.351515	-90.
5.296271	0.4	12.	222.164148	-191.46	-90.
4.874862	0.4	12.	296.343925	-169.28	-90.
5.257171	0.4	12.	244.09	-245.28	-89.654598
4.802852	0.4	12.	231.2403	-248.54	-89.
6.352483	0.4	12.	200.69	-259.075333	-89.
5.593272	0.4	12.	190.57	-244.124698	-89.
5.302051	0.4	12.	179.960086	-254.09	-89.
5.744408	0.4	12.	148.15	-260.872258	-89.
6.107953	0.4	12.	147.83	-244.63	-85.450116
4.504147	0.4	12.	306.824282	-167.98	-89.
5.631639	0.4	12.	293.37	-149.71	-89.514957
4.780313	0.4	12.	283.25	-109.92	-87.152798
5.808488	0.4	12.	274.147297	-102.42	-89.
4.699426	0.4	12.	173.431293	-97.53	-89.
5.141665	0.4	12.	211.46	-237.998044	-89.
4.837198	0.4	12.	237.57	-227.34	-84.431928
4.532665	0.4	12.	272.16	-206.951233	-89.
5.239111	0.4	12.	285.21	-174.83	-93.158497
5.816304	0.4	12.	182.74	-92.31	-89.531629
4.566416	0.4	12.	150.521852	-128.19	-89.
6.290051	0.4	12.	139.34	-140.206992	-89.
4.79743	0.4	12.	173.076429	-202.55	-89.
5.562035	0.4	12.	211.13	-191.46	-86.058962
4.748495	0.4	12.	228.2875	-173.85	-89.
6.037397	0.4	12.	224.84	-155.58	-91.453011
4.600323	0.4	12.	271.83	-153.95	-85.718958
4.983061	0.4	12.	281.29	-163.74	-88.27227
5.700874	0.4	12.	124.98	-158.678773	-89.
5.068667	0.4	12.	308.74042	-121.01	-88.
4.535554	0.4	12.	293.69	-179.39	-89.95763
4.660842	0.4	12.	215.7	-75.656167	-87.
4.52639	0.4	12.	277.7	-85.510269	-87.
4.73263	0.4	12.	270.101713	-92.31	-87.
4.695506	0.4	12.	295.873595	-116.77	-87.
5.140213	0.4	12.	298.26	-192.77	-88.384951
5.841653	0.4	12.	115.52	-177.213098	-87.
4.69998	0.4	12.	142.6	-166.292292	-87.
6.06711	0.4	12.	228.5714	-100.79	-87.
4.493233	0.4	12.	265.053323	-229.95	-85.
4.866328	0.4	12.	167.73	-258.33	-84.830947
4.713377	0.4	12.	162.386485	-249.52	-85.
4.818265	0.4	12.	202.65	-233.54	-87.632285
5.446916	0.4	12.	124.66	-232.053108	-85.
6.688913	0.4	12.	211.79	-88.021498	-85.
5.38796	0.4	12.	251.939928	-91.	-85.
6.526098	0.4	12.	305.16447	-152.	-85.
4.607835	0.4	12.	113.24	-243.98	-86.108906
5.233186	0.4	12.	225.49	-83.83	-83.991756
4.860276	0.4	12.	218.904866	-254.09	-83.
4.491612	0.4	12.	303.16	-186.217328	-83.
5.184791	0.4	12.	304.559268	-175.81	-83.
5.305463	0.4	12.	170.02	-104.312961	-82.
5.600396	0.4	12.	264.98	-219.19	-86.271719
5.460173	0.4	12.	252.58	-241.91871	-82.
5.613016	0.4	12.	304.79	-140.25	-81.217001
6.780776	0.4	12.	291.750948	-103.72	-81.
5.36332	0.4	12.	264.256639	-242.67	-81.
4.716816	0.4	12.	236.59	-241.04	-81.474348
4.497059	0.4	12.	205.26	-78.95597	-81.
5.413499	0.4	12.	194.82	-86.571041	-81.
5.587972	0.4	12.	261.552007	-122.97	-81.
4.634634	0.4	12.	281.963969	-96.87	-81.
5.662245	0.4	12.	264.05094	-85.78	-81.
4.629296	0.4	12.	294.67	-158.85	-83.001396
5.003774	0.4	12.	176.22	-124.6	-78.784279
4.800454	0.4	12.	174.91	-114.81	-83.432558
4.862916	0.4	12.	158.27	-258.33	-82.004162
6.059277	0.4	12.	159.541181	-143.19	-81.
5.092668	0.4	12.	150.76	-187.87	-76.094033
4.894067	0.4	12.	108.67	-195.328117	-81.
4.883254	0.4	12.	107.04	-184.911596	-81.
6.072486	0.4	12.	105.73	-223.75	-85.228549
6.093803	0.4	12.	152.07	-272.347065	-81.
5.353988	0.4	12.	186.99	-206.47	-78.922535
4.610431	0.4	12.	201.6622	-201.25	-81.
5.733915	0.4	12.	262.37	-190.632637	-81.
5.614559	0.4	12.	257.15	-181.35	-76.960676
4.782458	0.4	12.	288.47	-187.247828	-81.
4.995036	0.4	12.	257.15	-107.371917	-81.
5.351021	0.4	12.	201.02	-99.16	-80.731541
4.759406	0.4	12.	182.801287	-106.01	-81.
4.563345	0.4	12.	192.53	-215.115095	-80.
5.558272	0.4	12.	283.9	-208.174492	-80.
5.120809	0.4	12.	176.858312	-266.48	-80.
6.091104	0.4	12.	122.7	-244.95	-78.75654
5.870667	0.4	12.	133.79	-244.3	-83.57792
4.618533	0.4	12.	140.146798	-154.61	-80.
4.797687	0.4	12.	172.95	-246.59	-80.490207
5.159049	0.4	12.	135.43	-164.192745	-80.
5.395296	0.4	12.	225.57881	-200.6	-79.
5.352624	0.4	12.	268.89	-133.4	-76.769844
4.488808	0.4	12.	294.35	-170.26	-77.649947
4.689971	0.4	12.	162.84	-110.715909	-79.
5.586729	0.4	12.	166.35443	-120.68	-79.
6.306618	0.4	12.	129.23	-145.281702	-79.
4.48977	0.4	12.	116.247968	-234.84	-79.
4.497522	0.4	12.	293.908438	-139.28	-79.
5.512055	0.4	12.	213.026419	-245.28	-79.
5.63273	0.4	12.	227.45	-259.493466	-79.
5.026001	0.4	12.	196.336983	-241.37	-79.
4.828796	0.4	12.	210.03247	-257.35	-79.
4.60654	0.4	12.	120.085837	-151.34	-79.
4.771812	0.4	12.	311.188363	-131.45	-79.
5.374063	0.4	12.	222.238354	-189.18	-79.
7.185252	0.4	12.	151.779745	-120.36	-79.
6.112495	0.4	12.	105.224617	-238.76	-79.
5.5284	0.4	12.	295.085467	-200.6	-79.
4.730898	0.4	12.	245.72	-234.19	-77.095842
4.646761	0.4	12.	215.38	-100.050492	-79.
5.002572	0.4	12.	275.33645	-106.01	-78.
4.765602	0.4	12.	286.19	-174.83	-81.36141
5.083173	0.4	12.	303.48	-163.74	-80.932387
4.890114	0.4	12.	294.02	-149.817589	-78.
5.244842	0.4	12.	237.24	-251.15	-81.220463
6.071228	0.4	12.	200.36	-266.379304	-78.
4.897047	0.4	12.	187.96	-248.87	-78.560347
5.520895	0.4	12.	179.278521	-255.07	-78.
6.173597	0.4	12.	143.558935	-257.02	-78.
4.871288	0.4	12.	158.59	-130.421026	-78.
5.709596	0.4	12.	177.610315	-96.55	-78.
5.076458	0.4	12.	189.27	-95.930959	-78.
5.992459	0.4	12.	105.73	-158.742286	-78.
5.25259	0.4	12.	124.799418	-160.48	-78.
4.56606	0.4	12.	232.02	-230.93	-75.75149
5.081188	0.4	12.	225.706358	-244.3	-78.
4.649027	0.4	12.	154.03	-250.031971	-78.
5.705271	0.4	12.	163.107814	-267.13	-78.
4.93028	0.4	12.	140.462612	-144.17	-78.
5.936867	0.4	12.	305.44	-120.36	-76.857101
4.619198	0.4	12.	294.867331	-179.39	-77.
5.851183	0.4	12.	272.694671	-211.03	-77.
5.540412	0.4	12.	189.92	-259.31	-78.754505
6.323307	0.4	12.	137.38	-201.06583	-77.
5.120265	0.4	12.	125.96	-217.726238	-77.
5.603315	0.4	12.	129.23	-184.914682	-77.
5.290376	0.4	12.	186.66	-129.82	-77.875343
6.381028	0.4	12.	224.816683	-107.96	-77.
4.508573	0.4	12.	268.24	-114.184041	-77.
4.906228	0.4	12.	285.54	-159.253302	-77.
5.181669	0.4	12.	285.86	-147.76	-71.969122
4.848959	0.4	12.	228.154954	-96.55	-76.
4.502974	0.4	12.	213.09	-85.46	-73.79621
4.943806	0.4	12.	216.68	-74.968421	-76.
5.232399	0.4	12.	276.4	-86.10462	-76.
5.286305	0.4	12.	294.35	-116.12	-72.818319
4.658396	0.4	12.	297.61	-190.055854	-76.
5.619349	0.4	12.	144.24	-169.34142	-76.
5.032155	0.4	12.	283.718852	-111.55	-76.
4.762088	0.4	12.	210.81	-235.796887	-74.
5.810602	0.4	12.	157.94	-239.276671	-74.
5.983094	0.4	12.	262.69	-233.21	-73.432378
5.202063	0.4	12.	306.02011	-156.24	-74.
5.448297	0.4	12.	152.72	-176.79	-79.399639
4.834377	0.4	12.	165.944646	-254.41	-74.
4.693111	0.4	12.	260.74	-92.819861	-74.
5.327534	0.4	12.	147.17	-133.4	-74.217468
4.990355	0.4	12.	118.603438	-179.39	-74.
4.924677	0.4	12.	124.940325	-232.23	-74.
4.536445	0.4	12.	274.11	-95.747681	-74.
5.915721	0.4	12.	130.86	-254.09	-74.292926
5.776695	0.4	12.	226.916208	-82.2	-73.
4.586262	0.4	12.	246.05	-110.932307	-73.
5.790032	0.4	12.	227.12	-119.33916	-73.
5.543402	0.4	12.	101.547	-204.84	-73.
5.47222	0.4	12.	100.84	-170.91	-71.792411
6.942235	0.4	12.	90.412061	-186.9	-73.
6.316013	0.4	12.	110.470255	-146.12	-73.
5.670656	0.4	12.	303.845301	-178.09	-72.
5.485504	0.4	12.	312.156109	-170.59	-72.
4.795928	0.4	12.	266.61	-220.49	-75.444867
5.223602	0.4	12.	309.769353	-140.25	-71.
4.561934	0.4	12.	301.53	-146.45	-72.871737
4.811066	0.4	12.	282.066097	-103.72	-70.
4.936263	0.4	12.	283.814333	-93.94	-70.
5.671827	0.4	12.	268.57	-79.347248	-70.
5.916045	0.4	12.	202.98	-79.000897	-70.
5.182899	0.4	12.	179.15	-114.16	-69.062925
4.86365	0.4	12.	177.85	-103.637466	-70.
4.853852	0.4	12.	168.06	-109.92	-65.922535
5.44191	0.4	12.	253.39222	-240.06	-70.
4.851783	0.4	12.	155.294091	-258.65	-70.
5.313831	0.4	12.	138.282407	-263.87	-70.
5.29544	0.4	12.	146.602582	-272.35	-70.
4.898777	0.4	12.	106.151176	-246.91	-70.
5.065597	0.4	12.	109.65	-226.69	-74.780581
4.480896	0.4	12.	105.062947	-219.51	-70.
5.967363	0.4	12.	107.69	-181.815913	-70.
4.581253	0.4	12.	155.478202	-145.8	-70.
5.08487	0.4	12.	286.520178	-184.94	-70.
4.883366	0.4	12.	206.89	-91.398113	-70.
5.481052	0.4	12.	255.84	-117.013386	-70.
5.141843	0.4	12.	264.65	-103.526631	-70.
4.615855	0.4	12.	258.063656	-83.83	-70.
5.141184	0.4	12.	242.724837	-240.71	-70.
5.084494	0.4	12.	143.430772	-192.44	-70.
4.976357	0.4	12.	133.47	-243.638078	-69.
5.664367	0.4	12.	118.46	-250.298881	-69.
4.520651	0.4	12.	165.45	-263.55	-68.694365
5.56314	0.4	12.	178.760618	-264.85	-69.
4.739221	0.4	12.	292.72	-157.657177	-69.
5.068409	0.4	12.	138.36	-150.442183	-69.
5.74966	0.4	12.	169.893266	-243.32	-69.
4.845773	0.4	12.	262.37	-211.089035	-69.
4.481532	0.4	12.	277.995753	-177.11	-69.
5.175995	0.4	12.	254.54	-105.457262	-69.
5.136547	0.4	12.	139.06701	-161.78	-69.
5.702708	0.4	12.	262.89975	-189.51	-69.
5.006514	0.4	12.	223.35722	-135.69	-69.
5.425492	0.4	12.	176.87	-127.21	-67.077321
5.976771	0.4	12.	227.45	-254.41	-67.37575
4.834835	0.4	12.	213.42	-250.768486	-68.
5.062997	0.4	12.	207.261328	-259.96	-68.
5.199303	0.4	12.	115.623173	-238.43	-68.
6.767313	0.4	12.	97.576814	-238.76	-68.
5.751199	0.4	12.	120.853779	-150.04	-68.
4.616404	0.4	12.	129.88	-143.452506	-68.
5.235072	0.4	12.	168.06	-120.488328	-68.
7.202706	0.4	12.	155.66	-110.25	-64.643798
4.920062	0.4	12.	216.227777	-95.57	-68.
5.338032	0.4	12.	299.378052	-167.65	-68.
4.500139	0.4	12.	305.44	-129.94393	-68.
4.667745	0.4	12.	192.53	-91.922956	-68.
5.499232	0.4	12.	231.69	-105.03	-65.537494
4.729827	0.4	12.	294.67	-142.650141	-67.
4.53036	0.4	12.	231.04	-231.26	-62.546007
5.630995	0.4	12.	230.71	-242.239232	-67.
5.186895	0.4	12.	239.151144	-250.83	-67.
4.805232	0.4	12.	219.62	-262.01847	-67.
4.643236	0.4	12.	219.94	-243.06563	-67.
4.50345	0.4	12.	197.537614	-261.59	-67.
4.9318	0.4	12.	161.21	-273.343118	-67.
4.528561	0.4	12.	144.749032	-255.39	-67.
4.750863	0.4	12.	129.83579	-155.91	-67.
5.544157	0.4	12.	158.59	-127.998345	-67.
4.826679	0.4	12.	188.94	-102.210089	-67.
4.604438	0.4	12.	180.804412	-93.94	-67.
4.766709	0.4	12.	237.24	-227.02	-68.562352
5.224535	0.4	12.	288.8	-175.04598	-66.
4.580333	0.4	12.	304.512987	-119.38	-66.
4.63627	0.4	12.	149.78	-154.552145	-66.
5.896755	0.4	12.	94.63	-158.85	-70.026699
4.73187	0.4	12.	172.427125	-254.74	-66.
5.637544	0.4	12.	189.92	-249.699378	-66.
4.574674	0.4	12.	283.25	-155.26	-65.785774
4.506067	0.4	12.	280.31	-166.070864	-66.
5.654424	0.4	12.	286.19	-113.51	-59.989372
4.654736	0.4	12.	273.46	-88.772207	-65.
5.045912	0.4	12.	226.47	-93.138693	-65.
6.568785	0.4	12.	214.07	-72.385153	-65.
4.951377	0.4	12.	296.881049	-188.53	-65.
4.571839	0.4	12.	139.34	-176.13	-69.560767
5.217191	0.4	12.	139.34	-169.94	-61.800689
5.72119	0.4	12.	214.910033	-106.01	-65.
4.641557	0.4	12.	274.717892	-107.96	-65.
5.432629	0.4	12.	300.634153	-155.26	-63.
4.601519	0.4	12.	289.78	-149.71	-61.790735
5.138222	0.4	12.	259.462962	-93.29	-63.
4.643724	0.4	12.	146.52	-140.699343	-63.
6.39462	0.4	12.	119.476728	-183.31	-63.
5.057503	0.4	12.	309.03	-161.727521	-63.
4.858163	0.4	12.	210.81	-237.78	-63.683279
4.719688	0.4	12.	116.244919	-142.54	-62.
4.553844	0.4	12.	101.348534	-205.49	-62.
6.461853	0.4	12.	95.94	-194.769643	-62.
4.947632	0.4	12.	133.14	-258.65	-59.793051
4.953754	0.4	12.	124.33	-253.76	-60.571228
5.709181	0.4	12.	295.33	-199.649995	-62.
4.950759	0.4	12.	304.466275	-174.5	-61.
5.079462	0.4	12.	262.37	-227.497037	-61.
4.948151	0.4	12.	110.860756	-175.48	-61.
4.65413	0.4	12.	257.634728	-129.49	-60.
5.436351	0.4	12.	245.07	-107.64	-62.907907
4.675515	0.4	12.	272.536991	-99.81	-60.
5.62117	0.4	12.	214.72	-85.46	-63.285527
5.055978	0.4	12.	192.453443	-82.52	-60.
5.221268	0.4	12.	267.94077	-218.86	-60.
5.90829	0.4	12.	145.87	-183.63	-62.969551
5.970595	0.4	12.	218.567393	-203.53	-59.
4.768319	0.4	12.	258.855825	-237.45	-59.
4.830667	0.4	12.	288.47	-187.144996	-59.
4.523461	0.4	12.	295.33	-180.158109	-59.
5.312023	0.4	12.	268.57	-82.85	-55.977602
5.46509	0.4	12.	257.15	-80.812479	-59.
5.05718	0.4	12.	202.732919	-83.5	-59.
5.094637	0.4	12.	173.735017	-102.42	-59.
6.063403	0.4	12.	184.767662	-112.2	-59.
4.568018	0.4	12.	174.26	-118.07	-58.582781
5.4043	0.4	12.	159.143117	-142.54	-59.
4.656221	0.4	12.	107.36	-191.14	-60.173163
4.79786	0.4	12.	108.01	-226.36	-63.495993
7.049978	0.4	12.	154.35	-248.704317	-59.
5.119057	0.4	12.	153.37	-261.100329	-59.
5.082555	0.4	12.	141.613207	-265.5	-59.
4.513102	0.4	12.	244.42	-240.39	-60.018773
5.45667	0.4	12.	271.689373	-207.77	-59.
4.912848	0.4	12.	233.32	-94.92	-57.89699
5.507846	0.4	12.	285.982178	-101.77	-59.
6.030033	0.4	12.	271.325388	-181.03	-58.
5.476508	0.4	12.	163.974889	-258.98	-58.
5.845062	0.4	12.	172.468762	-267.79	-58.
4.68067	0.4	12.	132.623325	-246.59	-58.
5.373611	0.4	12.	123.701057	-241.69	-58.
4.601055	0.4	12.	115.459375	-248.22	-58.
5.47502	0.4	12.	104.42	-218.21	-52.671178
4.512893	0.4	12.	143.111673	-147.76	-58.
7.009938	0.4	12.	99.505675	-165.37	-58.
5.409483	0.4	12.	308.089068	-138.62	-58.
5.668377	0.4	12.	258.972629	-104.37	-58.
6.063884	0.4	12.	226.47	-79.59	-58.254962
5.047881	0.4	12.	165.501243	-242.67	-58.
4.671994	0.4	12.	265.3	-197.33	-58.263321
6.095772	0.4	12.	264.65	-117.42	-57.094916
4.619817	0.4	12.	297.291144	-169.28	-57.
4.661676	0.4	12.	290.76	-164.39	-61.619192
5.247371	0.4	12.	205.589959	-245.61	-57.
5.911477	0.4	12.	210.48	-260.197784	-57.
5.314106	0.4	12.	114.54	-235.179255	-57.
6.604819	0.4	12.	105.08	-243.714735	-57.
4.917767	0.4	12.	124.98	-152.555311	-57.
4.775018	0.4	12.	131.021292	-142.54	-57.
4.741991	0.4	12.	206.976253	-94.59	-57.
5.67256	0.4	12.	282.826429	-177.44	-57.
5.131996	0.4	12.	232.67	-252.987292	-56.
4.550972	0.4	12.	218.97	-249.127869	-56.
5.482442	0.4	12.	160.88	-270.707189	-56.
4.531823	0.4	12.	296.365237	-146.12	-56.
4.783018	0.4	12.	133.79	-156.703126	-56.
5.897413	0.4	12.	223.86	-260.023966	-56.
5.169443	0.4	12.	183.72	-98.782514	-56.
4.538086	0.4	12.	192.546038	-92.63	-56.
5.136787	0.4	12.	232.34	-242.002454	-56.
5.186824	0.4	12.	276.73	-159.5	-57.941581
5.90698	0.4	12.	144.837224	-213.97	-56.
4.958175	0.4	12.	150.01679	-191.46	-56.
5.648476	0.4	12.	216.149883	-186.24	-56.
4.86207	0.4	12.	236.26	-179.162084	-56.
5.414458	0.4	12.	196.186969	-200.27	-56.
4.483321	0.4	12.	180.79	-190.22069	-56.
4.551335	0.4	12.	186.33	-211.69	-60.161836
5.098061	0.4	12.	229.762774	-221.47	-56.
4.623882	0.4	12.	188.433448	-248.87	-55.
4.919933	0.4	12.	178.5	-256.04	-55.778491
4.55178	0.4	12.	235.61	-228.97	-53.733564
5.242493	0.4	12.	301.85	-126.23	-53.336413
4.735619	0.4	12.	163.82	-121.471685	-55.
4.58328	0.4	12.	155.98	-129.16	-54.042187
4.647012	0.4	12.	146.19	-157.016257	-55.
5.487446	0.4	12.	158.59	-155.26	-59.759325
4.607852	0.4	12.	276.07	-111.22	-55.390791
5.830259	0.4	12.	278.974278	-88.39	-54.
5.163527	0.4	12.	212.11	-79.59	-49.777645
4.509865	0.4	12.	172.95	-127.86	-56.668306
4.864205	0.4	12.	218.97	-109.008476	-54.
5.024213	0.4	12.	218.97	-97.2	-58.025979
4.881231	0.4	12.	269.22	-106.01	-50.057561
4.727253	0.4	12.	262.831307	-211.03	-54.
4.577008	0.4	12.	195.47	-256.37	-57.828304
5.85987	0.4	12.	282.27	-118.4	-50.060014
5.418061	0.4	12.	236.91	-84.194905	-54.
5.08731	0.4	12.	225.662526	-234.52	-54.
5.127968	0.4	12.	110.95	-183.63	-53.240352
4.701513	0.4	12.	100.18	-184.032237	-54.
4.563638	0.4	12.	285.86	-167.348775	-54.
4.586286	0.4	12.	145.22	-256.04	-56.455648
5.172285	0.4	12.	264.32	-189.34984	-52.
4.946767	0.4	12.	288.912712	-152.	-52.
5.322424	0.4	12.	146.813155	-136.99	-52.
4.522799	0.4	12.	302.862751	-155.91	-52.
4.488161	0.4	12.	210.508569	-234.19	-52.
5.033333	0.4	12.	122.37	-181.67903	-52.
5.299682	0.4	12.	234.228958	-163.74	-52.
4.841272	0.4	12.	97.710251	-208.42	-51.
4.976017	0.4	12.	104.131162	-200.27	-51.
5.080614	0.4	12.	96.59	-194.72	-46.02784
4.846373	0.4	12.	89.73513	-188.85	-51.
4.524395	0.4	12.	136.73	-255.39	-50.566777
5.553893	0.4	12.	244.59036	-247.56	-51.
4.941983	0.4	12.	115.85	-148.137628	-51.
4.725696	0.4	12.	222.88	-88.39	-52.846754
5.891472	0.4	12.	228.34269	-186.24	-50.
4.654731	0.4	12.	280.97	-139.374805	-50.
4.4823	0.4	12.	244.42	-227.427052	-50.
4.818469	0.4	12.	104.339313	-176.46	-50.
7.271567	0.4	12.	270.141072	-233.87	-50.
4.704952	0.4	12.	216.35	-241.299369	-50.
5.02953	0.4	12.	171.026334	-249.85	-50.
4.706576	0.4	12.	258.45	-227.830292	-50.
4.674658	0.4	12.	249.31	-219.51	-52.811505
4.795217	0.4	12.	275.75	-98.699298	-49.
6.265711	0.4	12.	195.8	-81.413997	-49.
4.673484	0.4	12.	263.015836	-219.51	-49.
4.884417	0.4	12.	172.880731	-220.17	-49.
4.980147	0.4	12.	250.95	-129.16	-52.715571
5.734717	0.4	12.	248.01	-101.491393	-49.
6.098692	0.4	12.	231.37	-106.99844	-49.
4.735427	0.4	12.	183.72	-122.007709	-49.
4.686405	0.4	12.	188.62	-113.186696	-49.
4.509165	0.4	12.	199.215612	-193.09	-49.
4.744156	0.4	12.	211.155638	-194.07	-49.
5.060439	0.4	12.	207.87	-179.124464	-49.
5.502028	0.4	12.	222.88	-141.404924	-49.
5.333678	0.4	12.	227.12	-118.24587	-49.
5.694374	0.4	12.	275.75	-169.28	-52.933319
4.592922	0.4	12.	196.12	-182.628146	-49.
4.59579	0.4	12.	170.49168	-175.48	-49.
5.584385	0.4	12.	139.774149	-171.89	-49.
4.866137	0.4	12.	252.512548	-239.08	-48.
7.055286	0.4	12.	293.931518	-183.63	-48.
4.832447	0.4	12.	160.328041	-141.23	-48.
4.808585	0.4	12.	174.203481	-120.36	-48.
4.656386	0.4	12.	180.46	-106.724522	-48.
6.571674	0.4	12.	259.057974	-86.11	-48.
4.697845	0.4	12.	151.42	-261.391399	-48.
4.627738	0.4	12.	107.04	-233.835727	-48.
5.035554	0.4	12.	142.811239	-182.33	-48.
4.780987	0.4	12.	135.75	-162.76	-45.977813
5.404144	0.4	12.	112.91	-195.05	-49.012417
5.006451	0.4	12.	205.26	-87.933656	-48.
5.056753	0.4	12.	165.623467	-258.65	-47.
5.006069	0.4	12.	122.7	-248.702963	-47.
4.737619	0.4	12.	134.444746	-245.93	-47.
6.281688	0.4	12.	110.95	-223.43	-42.885458
5.361505	0.4	12.	111.28	-211.58194	-47.
5.608624	0.4	12.	151.196757	-148.73	-47.
4.840065	0.4	12.	138.375208	-148.08	-47.
4.637753	0.4	12.	109.390356	-168.63	-47.
5.701252	0.4	12.	260.08	-100.94763	-47.
5.582762	0.4	12.	232.875622	-92.96	-47.
4.716597	0.4	12.	217.66	-87.09	-43.724994
4.614671	0.4	12.	274.77	-176.13	-44.606842
5.031113	0.4	12.	292.479388	-162.11	-46.
4.727259	0.4	12.	214.72	-261.633092	-46.
4.486141	0.4	12.	204.624285	-244.63	-46.
6.186585	0.4	12.	183.775154	-261.26	-46.
5.136065	0.4	12.	116.5	-238.62648	-46.
4.498316	0.4	12.	125.576237	-149.06	-46.
4.775402	0.4	12.	131.51	-139.752174	-46.
4.598904	0.4	12.	261.71	-112.2	-46.801198
7.422775	0.4	12.	307.425062	-172.54	-46.
5.079239	0.4	12.	238.842188	-240.06	-46.
4.491619	0.4	12.	242.685075	-169.61	-46.
6.609342	0.4	12.	271.759725	-207.45	-46.
5.47714	0.4	12.	203.3	-258.148753	-46.
4.853637	0.4	12.	227.78	-224.41	-40.390556
4.702909	0.4	12.	228.280934	-239.41	-45.
4.681857	0.4	12.	222.742366	-247.56	-45.
4.723131	0.4	12.	223.21	-257.214441	-45.
6.679026	0.4	12.	280.31	-186.417382	-45.
5.679315	0.4	12.	234.63	-176.577616	-45.
5.024651	0.4	12.	208.85	-163.628634	-45.
4.921665	0.4	12.	216.07257	-185.92	-45.
4.686536	0.4	12.	276.4	-132.154389	-45.
4.614171	0.4	12.	233.724431	-253.76	-44.
4.970294	0.4	12.	213.74	-251.404339	-44.
6.646521	0.4	12.	162.84	-268.77	-41.007965
4.490753	0.4	12.	188.157416	-251.48	-44.
4.597346	0.4	12.	142.957349	-156.56	-44.
5.141889	0.4	12.	183.4	-95.388332	-44.
4.538706	0.4	12.	274.563282	-117.75	-43.
5.735238	0.4	12.	278.565956	-107.64	-43.
5.980894	0.4	12.	270.485083	-88.07	-43.
4.931023	0.4	12.	113.503454	-184.61	-43.
5.325995	0.4	12.	237.061311	-229.95	-43.
4.659674	0.4	12.	143.26	-257.851103	-43.
5.338776	0.4	12.	288.47	-172.22	-41.078631
6.268571	0.4	12.	280.894545	-162.11	-43.
4.664154	0.4	12.	268.57	-108.29	-39.642123
5.512201	0.4	12.	219.29	-99.81	-46.849532
5.301993	0.4	12.	153.7	-215.6	-46.482101
5.04279	0.4	12.	146.163018	-208.1	-42.
4.970052	0.4	12.	206.508129	-227.02	-42.
5.06859	0.4	12.	191.936595	-199.94	-42.
6.401201	0.4	12.	120.74	-168.63	-45.618866
4.831452	0.4	12.	266.325097	-192.12	-41.
5.442068	0.4	12.	282.93	-147.959677	-41.
5.534241	0.4	12.	139.67	-130.936713	-41.
5.356818	0.4	12.	151.71528	-137.97	-41.
4.68449	0.4	12.	100.759932	-187.22	-41.
6.980914	0.4	12.	111.6	-146.261141	-40.
4.914887	0.4	12.	103.45	-200.810585	-40.
5.497381	0.4	12.	178.133938	-129.49	-40.
5.082892	0.4	12.	156.31	-156.24	-38.457602
4.852112	0.4	12.	131.84	-253.11	-38.5906
6.056875	0.4	12.	298.903395	-149.71	-40.
6.079269	0.4	12.	135.905242	-199.62	-40.
6.714396	0.4	12.	132.488834	-212.01	-40.
5.429414	0.4	12.	266.28	-178.74	-38.81027
4.83709	0.4	12.	166.43	-213.633216	-40.
5.07322	0.4	12.	211.79	-153.117297	-40.
4.533399	0.4	12.	188.29	-130.322819	-40.
4.697822	0.4	12.	220.443675	-117.1	-40.
5.04351	0.4	12.	222.56	-107.64	-38.287288
5.32874	0.4	12.	245.57366	-224.73	-39.
4.546787	0.4	12.	279.66	-138.608341	-39.
4.83687	0.4	12.	235.93	-120.03	-42.467361
4.530149	0.4	12.	165.45	-132.912263	-39.
4.889466	0.4	12.	179.690042	-251.48	-39.
6.145894	0.4	12.	159.9	-232.89	-37.855937
4.947731	0.4	12.	195.14	-257.645306	-39.
4.898619	0.4	12.	216.03	-241.707573	-39.
4.894772	0.4	12.	209.83	-93.025836	-39.
5.725084	0.4	12.	133.528244	-154.61	-39.
5.184996	0.4	12.	103.984332	-174.83	-39.
5.654466	0.4	12.	168.71	-144.789999	-39.
5.304185	0.4	12.	205.59	-197.66	-41.028177
5.303988	0.4	12.	200.36	-178.09	-38.580263
7.395104	0.4	12.	259.76	-223.389265	-38.
5.095271	0.4	12.	253.031794	-101.77	-38.
4.764866	0.4	12.	227.12	-123.506553	-38.
4.979088	0.4	12.	192.673504	-85.78	-38.
5.20443	0.4	12.	193.991907	-108.94	-38.
4.862683	0.4	12.	185.35	-114.544766	-38.
4.998846	0.4	12.	131.707226	-165.7	-37.
6.144627	0.4	12.	113.89	-161.740597	-37.
6.099803	0.4	12.	112.26	-193.96482	-37.
5.409904	0.4	12.	152.39	-263.716032	-37.
4.799103	0.4	12.	174.58	-260.61	-36.774199
5.448593	0.4	12.	204.61	-80.011246	-37.
4.483276	0.4	12.	174.91	-120.044514	-37.
5.692457	0.4	12.	173.143096	-109.92	-37.
4.891698	0.4	12.	227.78	-145.47	-39.986824
5.7805	0.4	12.	253.842938	-89.37	-37.
5.134201	0.4	12.	175.911673	-163.41	-37.
4.865395	0.4	12.	175.56	-220.276976	-37.
4.838122	0.4	12.	143.274602	-182.	-37.
4.748579	0.4	12.	207.54	-236.17566	-37.
4.528149	0.4	12.	189.811837	-245.61	-37.
4.571615	0.4	12.	240.83	-102.09	-39.117147
5.007066	0.4	12.	168.314401	-249.52	-37.
5.26609	0.4	12.	226.675494	-186.9	-37.
5.264251	0.4	12.	156.96	-146.175976	-36.
4.731954	0.4	12.	145.391874	-147.43	-36.
5.141352	0.4	12.	230.71	-100.355636	-36.
4.556326	0.4	12.	222.23	-91.65	-36.849276
4.989352	0.4	12.	133.758023	-243.	-36.
5.653661	0.4	12.	112.58	-210.052309	-36.
4.521087	0.4	12.	199.39	-190.653331	-36.
4.624515	0.4	12.	252.9	-206.14	-32.222315
5.015016	0.4	12.	257.846326	-198.31	-36.
6.180311	0.4	12.	236.062017	-90.02	-36.
5.09911	0.4	12.	247.03	-123.29	-34.801943
5.576248	0.4	12.	228.43	-155.51329	-35.
5.752384	0.4	12.	245.07	-164.601606	-35.
4.819553	0.4	12.	218.035966	-141.56	-35.
5.264838	0.4	12.	267.59	-117.42	-33.949949
5.17212	0.4	12.	264.755601	-208.1	-35.
4.600704	0.4	12.	274.11	-172.145652	-35.
4.923632	0.4	12.	122.05	-242.530241	-35.
4.950697	0.4	12.	113.89	-235.17	-35.796708
5.769839	0.4	12.	202.98	-249.85	-34.377477
4.783122	0.4	12.	135.1	-143.51456	-35.
4.771809	0.4	12.	177.85	-185.27	-33.431407
5.264281	0.4	12.	225.49	-235.678819	-34.
4.575679	0.4	12.	223.752492	-249.52	-34.
5.714499	0.4	12.	282.6	-179.39	-34.46613
4.538301	0.4	12.	109.32	-221.8	-28.934334
4.58597	0.4	12.	104.342381	-230.28	-33.
4.969368	0.4	12.	232.67	-111.22	-33.93412
4.484832	0.4	12.	183.4	-93.94	-33.815403
6.101504	0.4	12.	145.774473	-254.41	-32.
5.044577	0.4	12.	143.58	-238.810122	-32.
5.307205	0.4	12.	214.4	-254.519866	-32.
5.179489	0.4	12.	238.821045	-240.39	-32.
4.878948	0.4	12.	233.534888	-229.3	-32.
4.77894	0.4	12.	285.54	-160.97999	-32.
5.5369	0.4	12.	275.537037	-108.62	-32.
4.912302	0.4	12.	113.89	-183.63	-29.563346
4.70608	0.4	12.	148.469972	-156.24	-32.
6.60084	0.4	12.	124.98	-148.08	-30.261538
5.716268	0.4	12.	203.523249	-167.33	-32.
4.678985	0.4	12.	218.601816	-181.35	-32.
4.624861	0.4	12.	185.03	-256.596265	-32.
6.688368	0.4	12.	284.930579	-117.75	-32.
5.11003	0.4	12.	270.85	-98.120348	-32.
4.640631	0.4	12.	172.63	-141.88	-29.753303
5.304658	0.4	12.	194.883824	-200.6	-31.
4.711209	0.4	12.	198.73	-227.67	-35.624915
5.122628	0.4	12.	147.5	-209.646224	-31.
6.526982	0.4	12.	157.108225	-247.89	-31.
4.660359	0.4	12.	124.931751	-169.94	-31.
5.54236	0.4	12.	216.853847	-100.13	-31.
5.94351	0.4	12.	214.4	-88.07	-29.646839
5.768377	0.4	12.	258.12	-182.66	-32.166691
4.993141	0.4	12.	142.6	-139.6	-29.607483
4.532951	0.4	12.	208.2	-225.611499	-30.
5.054753	0.4	12.	214.72	-121.01	-32.194272
4.547756	0.4	12.	193.51	-126.55	-26.30086
5.02072	0.4	12.	174.58	-129.785531	-29.
4.854991	0.4	12.	185.35	-133.708288	-29.
4.752974	0.4	12.	203.702767	-157.21	-29.
4.732409	0.4	12.	138.623991	-201.57	-29.
4.865007	0.4	12.	128.615274	-206.47	-29.
4.9822	0.4	12.	135.732204	-214.95	-29.
5.036675	0.4	12.	124.817638	-227.02	-29.
4.496408	0.4	12.	173.93	-214.954539	-29.
5.254947	0.4	12.	211.46	-190.16	-33.400806
4.480624	0.4	12.	266.28	-176.691037	-29.
6.672858	0.4	12.	284.538326	-147.43	-29.
5.061785	0.4	12.	252.960138	-110.9	-29.
5.409047	0.4	12.	158.574484	-224.41	-29.
4.872589	0.4	12.	98.916248	-193.42	-29.
4.707516	0.4	12.	194.82	-254.74	-27.52563
4.500505	0.4	12.	181.44	-244.798675	-28.
5.808778	0.4	12.	278.03	-134.751239	-28.
4.841263	0.4	12.	161.86	-138.862595	-28.
4.960763	0.4	12.	104.1	-169.079249	-28.
5.758345	0.4	12.	134.45	-156.56	-25.791755
5.291722	0.4	12.	238.011879	-123.95	-28.
6.074377	0.4	12.	218.97	-111.160656	-28.
4.898457	0.4	12.	152.301974	-232.89	-28.
4.721777	0.4	12.	212.44	-237.876787	-28.
4.536947	0.4	12.	212.44	-202.945895	-28.
4.895224	0.4	12.	251.6	-99.51908	-27.
5.322577	0.4	12.	187.131133	-108.94	-27.
6.874971	0.4	12.	194.82	-94.744406	-27.
4.923625	0.4	12.	194.49	-80.066084	-27.
4.728945	0.4	12.	203.95	-198.96	-25.814682
4.724981	0.4	12.	229.73	-173.668629	-27.
5.326035	0.4	12.	119.772599	-217.88	-26.
5.443992	0.4	12.	107.69	-199.29	-25.867257
4.487393	0.4	12.	152.818634	-215.93	-26.
4.907793	0.4	12.	190.9	-245.61	-26.955293
4.931992	0.4	12.	189.92	-234.972365	-26.
5.334747	0.4	12.	201.755588	-234.19	-26.
4.962801	0.4	12.	220.6	-206.79	-23.573062
4.480282	0.4	12.	202.32	-180.7	-28.455734
4.676311	0.4	12.	245.72	-188.331975	-26.
5.622048	0.4	12.	250.95	-160.8	-25.696613
4.811306	0.4	12.	223.21	-178.09	-21.605485
4.983033	0.4	12.	142.964064	-179.07	-26.
5.19443	0.4	12.	179.267131	-160.48	-26.
4.57762	0.4	12.	176.920372	-150.04	-26.
7.141269	0.4	12.	245.72	-118.4	-18.220052
4.908774	0.4	12.	242.784799	-107.96	-25.
4.838521	0.4	12.	151.42	-149.513303	-25.
4.623038	0.4	12.	113.56	-173.52	-21.989732
5.451465	0.4	12.	109.574378	-210.38	-25.
4.634264	0.4	12.	127.92	-247.908525	-25.
7.359772	0.4	12.	177.2	-264.74645	-25.
4.674087	0.4	12.	225.676801	-99.16	-25.
6.108498	0.4	12.	226.14	-88.045989	-25.
4.671587	0.4	12.	212.77	-126.123779	-24.
5.917998	0.4	12.	227.477122	-150.37	-24.
4.667308	0.4	12.	236.26	-96.22	-22.792804
5.974941	0.4	12.	239.2	-84.698172	-24.
5.081717	0.4	12.	164.47	-197.705402	-24.
5.311307	0.4	12.	170.34	-248.344177	-24.
5.142458	0.4	12.	206.550313	-249.2	-24.
5.170088	0.4	12.	136.4	-225.291422	-24.
5.326707	0.4	12.	173.93	-191.79	-21.423654
4.944623	0.4	12.	181.11	-225.38	-27.273077
6.171588	0.4	12.	278.03	-166.411652	-24.
5.064715	0.4	12.	134.77	-144.669971	-24.
5.340609	0.4	12.	131.51	-175.443916	-24.
7.269442	0.4	12.	260.41	-203.86	-21.665402
6.88658	0.4	12.	254.21	-219.51	-21.709902
4.531335	0.4	12.	245.893876	-228.97	-24.
5.33453	0.4	12.	295.775398	-166.02	-24.
5.075969	0.4	12.	203.3	-87.41	-21.664399
5.30882	0.4	12.	207.54	-98.738082	-24.
5.700745	0.4	12.	204.61	-74.665907	-24.
7.501656	0.4	12.	121.39	-239.74	-18.317425
6.87472	0.4	12.	291.41	-178.74	-18.100785
4.818324	0.4	12.	227.139851	-247.24	-23.
5.213574	0.4	12.	221.164044	-238.43	-23.
4.854721	0.4	12.	277.7	-184.288636	-23.
5.566755	0.4	12.	177.85	-119.05	-22.304002
4.700895	0.4	12.	111.93	-230.6	-16.952167
5.677331	0.4	12.	272.81	-117.013666	-21.
5.707673	0.4	12.	264.056819	-105.35	-21.
4.788503	0.4	12.	262.839098	-94.92	-21.
5.241474	0.4	12.	233.759743	-234.52	-21.
5.382253	0.4	12.	231.37	-224.155185	-21.
4.593365	0.4	12.	168.345075	-141.23	-21.
4.551482	0.4	12.	145.22	-148.73	-16.948726
5.327809	0.4	12.	144.56	-161.15367	-21.
5.719239	0.4	12.	121.07	-181.35	-17.070242
5.187435	0.4	12.	221.25	-189.645382	-21.
5.618609	0.4	12.	210.81	-175.81	-15.550408
4.742106	0.4	12.	206.57639	-167.33	-21.
5.417576	0.4	12.	250.472858	-143.19	-21.
4.894904	0.4	12.	227.12	-119.38	-19.688783
5.514902	0.4	12.	230.71	-109.55632	-21.
5.443888	0.4	12.	218.31	-254.332208	-21.
5.847223	0.4	12.	144.24	-234.422175	-21.
4.693848	0.4	12.	246.7	-167.98	-18.699834
5.422854	0.4	12.	259.855328	-166.35	-21.
4.606209	0.4	12.	151.74	-177.11	-22.128703
4.580228	0.4	12.	168.38	-183.262668	-20.
4.657195	0.4	12.	179.690047	-182.	-20.
4.538372	0.4	12.	177.420213	-171.89	-20.
5.260085	0.4	12.	195.47	-202.056408	-20.
5.221587	0.4	12.	194.216787	-191.14	-20.
6.59055	0.4	12.	144.89	-195.05	-13.825837
4.804849	0.4	12.	125.597516	-167.65	-20.
4.882434	0.4	12.	191.898249	-119.71	-20.
4.651617	0.4	12.	191.88	-134.531621	-20.
5.017874	0.4	12.	211.46	-186.24	-18.198404
4.774685	0.4	12.	237.431762	-180.37	-20.
5.28136	0.4	12.	235.28	-164.39	-24.785956
4.777931	0.4	12.	199.06	-224.117251	-20.
4.494606	0.4	12.	193.51	-146.78	-17.159207
6.535058	0.4	12.	219.94	-219.106203	-20.
6.26563	0.4	12.	259.76	-187.964594	-19.
4.507823	0.4	12.	210.48	-226.107373	-19.
7.52006	0.4	12.	141.95	-130.488031	-19.
5.86568	0.4	12.	286.544614	-158.52	-19.
4.572787	0.4	12.	199.06	-126.88	-16.110912
4.867591	0.4	12.	184.783288	-126.55	-18.
4.593594	0.4	12.	177.2	-135.752746	-18.
6.221517	0.4	12.	154.856645	-223.1	-18.
4.873968	0.4	12.	146.85	-204.84	-20.20941
5.486516	0.4	12.	265.96	-176.642099	-18.
6.434257	0.4	12.	173.839417	-238.76	-18.
5.596316	0.4	12.	105.4	-187.888622	-18.
6.001871	0.4	12.	136.08	-208.1	-18.356354
6.115531	0.4	12.	217.01	-120.36	-14.438648
4.740951	0.4	12.	182.74	-247.78696	-17.
6.747926	0.4	12.	248.99	-101.44	-10.086613
4.721531	0.4	12.	208.85	-197.761659	-16.
5.003849	0.4	12.	231.04	-172.54	-16.069879
4.790953	0.4	12.	197.1	-244.290966	-15.
5.043201	0.4	12.	245.4	-184.29	-10.340778
4.599537	0.4	12.	210.81	-153.119149	-15.
5.628	0.4	12.	198.41	-161.299987	-15.
5.408304	0.4	12.	217.01	-203.53	-14.003374
5.335498	0.4	12.	179.81	-211.36	-15.36215
4.980583	0.4	12.	186.376559	-234.84	-15.
4.914073	0.4	12.	201.34	-181.68	-18.465875
4.949919	0.4	12.	175.24	-147.413783	-15.
5.363433	0.4	12.	178.788677	-159.17	-15.
4.480918	0.4	12.	160.23	-177.816851	-15.
6.030129	0.4	12.	248.33	-158.85	-11.441986
6.565209	0.4	12.	234.63	-126.23	-8.953146
5.510042	0.4	12.	159.57	-192.685739	-15.
4.854266	0.4	12.	241.971612	-145.47	-15.
5.192136	0.4	12.	163.129788	-231.26	-15.
4.726304	0.4	12.	193.51	-254.507357	-15.
4.943782	0.4	12.	253.56	-134.06	-11.691205
6.275709	0.4	12.	210.15	-136.67	-7.884668
4.548384	0.4	12.	178.145	-191.46	-12.
4.528697	0.4	12.	184.7	-224.0234	-12.
5.447742	0.4	12.	134.45	-147.319576	-12.
4.527876	0.4	12.	168.144832	-198.64	-11.
7.139848	0.4	12.	163.49	-145.15	-4.220763
5.897455	0.4	12.	209.726574	-165.04	-9.
4.530943	0.4	12.	218.893339	-179.39	-9.
5.549831	0.4	12.	216.03	-189.28758	-9.
5.913685	0.4	12.	198.41	-193.612919	-9.
5.046065	0.4	12.	187.64	-191.560678	-9.
5.412594	0.4	12.	177.030227	-182.	-9.
5.180182	0.4	12.	166.11442	-186.57	-9.
4.527542	0.4	12.	156.96	-202.23	-12.930357
6.3507	0.4	12.	232.67	-163.41	-6.183455
6.301553	0.4	12.	239.85	-177.11	-2.338699
5.859078	0.4	12.	188.280955	-202.55	-8.
6.792284	0.4	12.	209.5	-225.06	-5.878565
5.201753	0.4	12.	256.49	-166.35	-3.418683
5.099823	0.4	12.	159.25	-219.51	-4.849737
4.555855	0.4	12.	145.755567	-205.49	-7.
4.503078	0.4	12.	175.732142	-238.76	-7.
8.091215	0.4	12.	191.23	-130.79	-4.039659
6.464407	0.4	12.	176.840336	-123.29	-7.
7.989448	0.4	12.	233.32	-90.68	-6.690588
5.67668	0.4	12.	262.04	-180.384795	-7.
5.188924	0.4	12.	155.456146	-188.2	-4.
4.572161	0.4	12.	161.21	-180.7	-1.231894
5.351068	0.4	12.	217.439991	-150.69	-4.
7.867855	0.4	12.	204.93	-201.57	1.708371
5.866082	0.4	12.	182.15539	-248.54	-4.
4.513093	0.4	12.	193.19	-242.438593	-4.
6.248544	0.4	12.	197.75	-232.686194	-4.
5.108927	0.4	12.	185.154561	-212.99	-3.
6.823657	0.4	12.	203.63	-180.198875	-3.
6.435447	0.4	12.	246.05	-147.76	0.380401
6.413955	0.4	12.	245.428062	-112.53	-2.
6.124485	0.4	12.	139.272416	-153.3	-1.
4.639731	0.4	12.	193.19	-140.978484	-113.
4.611148	0.4	12.	207.22	-133.505474	-113.
4.620562	0.4	12.	219.29	-159.82	-111.101236
5.388975	0.4	12.	184.37	-163.67056	-113.
4.432655	1.	11.	208.2	-155.527588	-125.
4.874606	1.	11.	222.23	-149.71	-129.469362
4.870035	1.	11.	249.556282	-175.81	-125.
4.366492	1.	11.	178.5	-179.72	-126.955489
4.512688	1.	11.	172.3	-171.57	-126.340083
5.806126	1.	11.	228.463726	-140.91	-123.
4.93389	1.	11.	216.68	-140.511602	-123.
4.408748	1.	11.	240.5	-121.34	-127.231427
4.520928	1.	11.	274.77	-181.35	-124.553645
4.978246	1.	11.	261.39	-180.05	-124.838107
4.917176	1.	11.	206.768272	-166.02	-123.
5.225797	1.	11.	204.61	-178.09	-127.166605
4.400478	1.	11.	214.86653	-172.22	-123.
5.031719	1.	11.	208.2	-188.801601	-123.
5.026501	1.	11.	217.01	-210.05	-127.321699
6.343557	1.	11.	253.23	-194.07	-127.20468
4.483516	1.	11.	192.21	-204.566119	-123.
4.467824	1.	11.	188.94	-194.4	-127.360111
4.691289	1.	11.	200.69	-149.012685	-122.
5.755228	1.	11.	223.610879	-103.72	-120.
5.50767	1.	11.	244.09	-212.006462	-119.
4.422031	1.	11.	252.698541	-203.2	-119.
5.824032	1.	11.	264.32	-152.	-119.247727
5.095629	1.	11.	244.42	-116.117287	-119.
4.863734	1.	11.	188.94	-145.8	-120.320203
4.596811	1.	11.	161.21	-142.624582	-119.
4.834471	1.	11.	153.901581	-205.16	-119.
4.345971	1.	11.	223.364265	-170.59	-119.
4.738037	1.	11.	230.71	-129.16	-121.593263
5.719719	1.	11.	271.967434	-127.86	-118.
4.590081	1.	11.	254.64417	-117.42	-118.
4.663265	1.	11.	174.26	-187.55	-121.092414
4.49945	1.	11.	180.33236	-226.69	-118.
4.336969	1.	11.	221.58	-216.770357	-118.
4.681256	1.	11.	186.33	-179.07	-121.632353
5.49482	1.	11.	185.03	-122.97	-118.783207
4.353034	1.	11.	262.69	-140.832533	-118.
4.715686	1.	11.	235.746359	-170.26	-118.
4.453433	1.	11.	237.112203	-183.63	-118.
4.76423	1.	11.	186.757279	-209.73	-117.
5.27766	1.	11.	196.78	-177.321242	-117.
4.569412	1.	11.	280.000247	-166.67	-117.
4.731416	1.	11.	212.877192	-126.88	-117.
4.82185	1.	11.	187.31	-132.43	-114.149299
4.769757	1.	11.	144.114174	-167.98	-117.
4.530941	1.	11.	158.054511	-151.67	-117.
4.509613	1.	11.	155.01	-194.72	-121.432975
5.36142	1.	11.	163.761146	-201.25	-117.
4.336154	1.	11.	194.488261	-221.8	-117.
4.940773	1.	11.	206.56	-206.693595	-117.
4.644247	1.	11.	216.35	-224.73	-120.582469
4.394981	1.	11.	262.37	-197.104931	-117.
4.406449	1.	11.	238.87	-141.23	-118.885965
4.534555	1.	11.	199.39	-127.035865	-117.
4.66053	1.	11.	182.74	-137.32	-120.957656
4.458652	1.	11.	163.16	-176.853241	-117.
4.942989	1.	11.	233.65	-194.864185	-117.
4.647232	1.	11.	249.31	-185.92	-118.288539
4.937478	1.	11.	255.172059	-172.87	-117.
4.342534	1.	11.	206.24	-114.16	-115.742726
4.660327	1.	11.	243.44	-103.686516	-117.
4.363804	1.	11.	188.665424	-188.53	-117.
4.551928	1.	11.	177.85	-156.56	-118.990437
4.352846	1.	11.	195.8	-166.402386	-117.
4.485388	1.	11.	211.46	-150.909102	-117.
4.987584	1.	11.	232.300138	-213.97	-117.
4.780573	1.	11.	282.93	-137.975371	-117.
4.598043	1.	11.	196.12	-109.27	-120.787821
4.610609	1.	11.	196.78	-209.40938	-115.
4.97434	1.	11.	151.217546	-187.22	-115.
4.446677	1.	11.	172.3	-177.76	-118.638277
4.36201	1.	11.	239.2	-123.464696	-115.
4.860184	1.	11.	263.67	-187.010953	-115.
4.628165	1.	11.	245.72	-166.02	-112.256508
4.918532	1.	11.	227.45	-224.08924	-114.
5.300986	1.	11.	244.42	-222.78	-116.403471
4.467195	1.	11.	172.95	-164.287684	-114.
4.524679	1.	11.	178.83	-183.439663	-114.
5.103296	1.	11.	245.305511	-177.11	-114.
4.586086	1.	11.	222.23	-150.880124	-114.
4.393554	1.	11.	180.135108	-174.5	-114.
5.01675	1.	11.	211.79	-214.693699	-114.
4.569591	1.	11.	206.24	-160.904396	-114.
5.809521	1.	11.	222.88	-133.770061	-114.
4.398842	1.	11.	246.05	-200.458106	-113.
4.567156	1.	11.	193.84	-197.442648	-113.
4.765021	1.	11.	184.7	-199.94	-111.982483
4.513556	1.	11.	238.22	-160.564089	-113.
4.811279	1.	11.	201.34	-140.25	-117.742789
5.315479	1.	11.	265.3	-134.06	-109.316364
4.351246	1.	11.	165.12	-169.28	-112.059198
5.579997	1.	11.	228.401317	-123.62	-113.
4.356751	1.	11.	188.94	-153.63	-114.581582
4.687891	1.	11.	196.12	-187.87	-110.535636
4.421963	1.	11.	168.71	-188.808828	-113.
4.420834	1.	11.	221.25	-208.793775	-113.
4.386787	1.	11.	204.840526	-197.99	-113.
4.753251	1.	11.	249.317324	-138.95	-113.
4.437346	1.	11.	236.59	-131.953262	-113.
5.143539	1.	11.	255.737968	-148.08	-113.
4.559289	1.	11.	196.45	-158.289675	-113.
5.136956	1.	11.	268.814992	-173.52	-113.
4.375056	1.	11.	140.973059	-197.33	-113.
5.241697	1.	11.	151.09	-219.84	-117.982515
4.488724	1.	11.	216.03	-141.88	-111.653394
4.505819	1.	11.	212.897516	-172.22	-112.
4.465492	1.	11.	204.93	-178.42	-108.557079
4.654927	1.	11.	206.24	-189.18	-108.043525
4.648593	1.	11.	278.262264	-179.39	-112.
4.647892	1.	11.	255.19	-182.138285	-112.
4.46936	1.	11.	198.73	-134.06	-109.108671
4.951632	1.	11.	226.14	-181.597574	-112.
4.332184	1.	11.	250.95	-159.5	-107.968313
4.499045	1.	11.	241.16	-191.79	-111.202571
4.689323	1.	11.	211.79	-204.51	-108.900789
4.936166	1.	11.	252.9	-193.42	-110.271477
4.382688	1.	11.	203.3	-153.63	-106.931616
4.819841	1.	11.	206.132223	-145.8	-111.
4.342529	1.	11.	193.51	-150.37	-107.824969
4.977872	1.	11.	204.93	-220.93542	-110.
5.624768	1.	11.	255.84	-216.892253	-110.
4.691203	1.	11.	171.65	-139.838205	-110.
4.782977	1.	11.	149.46	-158.85	-110.268344
5.370413	1.	11.	221.25	-109.677708	-109.
4.627518	1.	11.	226.259183	-100.79	-109.
5.327705	1.	11.	253.56	-205.848498	-108.
4.783568	1.	11.	242.46	-213.476132	-108.
4.958804	1.	11.	222.917295	-169.94	-108.
5.055236	1.	11.	240.5	-117.170959	-107.
5.088551	1.	11.	252.58	-114.81	-108.905538
4.392941	1.	11.	127.27	-175.48	-104.299483
5.116366	1.	11.	183.4	-230.056284	-107.
4.34746	1.	11.	233.32	-170.91	-107.710869
4.515633	1.	11.	239.199566	-182.33	-107.
4.479366	1.	11.	196.45	-123.62	-107.999902
4.786869	1.	11.	198.41	-115.14	-104.149866
4.335665	1.	11.	209.5	-110.705371	-106.
5.747945	1.	11.	189.6	-107.64	-108.152014
4.718848	1.	11.	182.74	-135.147229	-106.
4.50033	1.	11.	182.156184	-124.92	-106.
4.748642	1.	11.	275.95658	-170.59	-106.
5.147189	1.	11.	260.41	-173.079528	-106.
5.017339	1.	11.	263.67	-148.24637	-106.
6.02421	1.	11.	272.81	-125.882422	-106.
4.348058	1.	11.	217.01	-220.31267	-106.
4.585731	1.	11.	225.17	-214.62	-106.412939
5.321078	1.	11.	186.66	-209.08	-106.812949
4.456386	1.	11.	159.370778	-176.13	-106.
5.482745	1.	11.	147.83	-168.296849	-106.
5.401157	1.	11.	151.26351	-147.76	-106.
4.688488	1.	11.	157.62	-208.75	-103.292189
4.506273	1.	11.	162.225508	-199.62	-106.
4.790363	1.	11.	186.613413	-180.37	-106.
4.503311	1.	11.	205.59	-123.62	-109.428023
5.106533	1.	11.	248.33	-108.29	-101.328773
4.44887	1.	11.	182.74	-193.706148	-105.
6.05275	1.	11.	266.028135	-194.4	-105.
4.870764	1.	11.	284.504429	-136.01	-105.
4.492878	1.	11.	293.04	-140.102192	-105.
4.408295	1.	11.	283.307729	-122.64	-105.
5.126264	1.	11.	151.09	-226.36	-104.712306
4.646232	1.	11.	204.61	-214.62	-102.101229
4.760227	1.	11.	228.43	-143.19	-100.352115
4.867328	1.	11.	236.26	-146.858155	-105.
4.965688	1.	11.	230.411776	-187.22	-105.
4.558328	1.	11.	157.430401	-188.2	-104.
4.550368	1.	11.	160.589911	-144.49	-104.
4.60067	1.	11.	196.317127	-207.77	-104.
4.939914	1.	11.	212.11	-155.650417	-103.
4.810806	1.	11.	257.8	-155.698192	-103.
4.743176	1.	11.	250.62	-177.468483	-103.
4.692317	1.	11.	245.511945	-221.47	-103.
4.432179	1.	11.	177.150653	-182.33	-103.
4.451742	1.	11.	179.365316	-165.7	-103.
4.366941	1.	11.	164.372672	-155.91	-103.
4.472359	1.	11.	227.78	-115.897269	-103.
5.320502	1.	11.	242.79	-170.374661	-103.
4.762284	1.	11.	215.05	-165.7	-101.546862
4.627244	1.	11.	220.6	-149.238254	-103.
4.696309	1.	11.	171.	-174.83	-102.140717
5.97249	1.	11.	212.11	-131.818819	-102.
4.679004	1.	11.	197.75	-141.23	-101.004865
4.461464	1.	11.	243.015648	-129.49	-102.
4.760271	1.	11.	236.26	-136.67	-104.530219
4.800785	1.	11.	247.68	-198.073371	-102.
4.8868	1.	11.	191.88	-194.72	-102.071257
5.443312	1.	11.	202.905644	-199.62	-102.
4.367379	1.	11.	185.35	-200.92	-98.391406
4.388741	1.	11.	168.71	-184.94	-99.413819
4.818092	1.	11.	182.85809	-156.56	-102.
4.583896	1.	11.	187.96	-143.19	-105.568183
4.359847	1.	11.	174.26	-133.801716	-102.
5.299035	1.	11.	250.400386	-137.32	-102.
4.502592	1.	11.	282.82774	-154.93	-102.
4.399612	1.	11.	270.53	-176.893024	-102.
4.92908	1.	11.	198.41	-161.78	-100.586574
4.554324	1.	11.	265.3	-135.04	-98.004476
4.451302	1.	11.	168.06	-164.301764	-102.
4.457165	1.	11.	231.820943	-126.23	-102.
5.146255	1.	11.	223.86	-134.043666	-101.
4.580034	1.	11.	251.189676	-165.37	-101.
4.600188	1.	11.	210.689878	-179.72	-101.
4.784772	1.	11.	195.14	-185.283518	-101.
5.196913	1.	11.	239.85	-191.899927	-101.
5.087949	1.	11.	188.643572	-164.72	-101.
4.804663	1.	11.	251.92	-188.96942	-101.
4.693717	1.	11.	195.564833	-132.1	-100.
4.57281	1.	11.	205.800634	-148.41	-100.
4.472292	1.	11.	188.29	-149.39	-98.163817
5.210445	1.	11.	197.75	-226.04	-102.899024
4.923466	1.	11.	211.637973	-119.38	-99.
4.644178	1.	11.	221.9	-104.05	-98.069576
4.76892	1.	11.	218.410897	-226.04	-98.
4.501509	1.	11.	216.372927	-142.21	-98.
4.515829	1.	11.	147.630982	-158.52	-98.
4.523108	1.	11.	145.22	-193.09	-100.960254
5.118811	1.	11.	176.54	-211.36	-99.297691
4.825299	1.	11.	209.18	-223.75	-95.84365
5.618363	1.	11.	199.71	-174.585824	-97.
4.583384	1.	11.	256.82	-215.641828	-97.
4.919233	1.	11.	156.96	-219.19	-100.359912
4.71359	1.	11.	180.986824	-226.04	-96.
4.489675	1.	11.	138.69	-225.843266	-96.
4.629068	1.	11.	146.69153	-219.84	-96.
5.028473	1.	11.	128.9	-181.236992	-96.
4.349003	1.	11.	248.66	-116.77	-94.406838
4.430058	1.	11.	235.438076	-115.14	-96.
5.313484	1.	11.	241.81	-182.65473	-96.
4.547139	1.	11.	264.98	-223.07194	-96.
5.60578	1.	11.	175.56	-235.82	-96.03129
4.642142	1.	11.	185.717263	-217.88	-96.
4.690003	1.	11.	202.65	-115.125942	-95.
4.990794	1.	11.	194.82	-122.051664	-95.
4.547357	1.	11.	184.695401	-118.4	-95.
4.75131	1.	11.	194.095486	-106.66	-95.
4.446532	1.	11.	248.66	-101.073899	-95.
4.996398	1.	11.	266.61	-146.12	-94.31286
5.491102	1.	11.	228.672369	-213.97	-95.
4.840093	1.	11.	216.03	-213.669111	-95.
5.627219	1.	11.	163.980393	-209.73	-95.
5.65167	1.	11.	239.392958	-145.47	-94.
5.268068	1.	11.	184.387044	-191.14	-94.
4.566797	1.	11.	273.14	-192.703249	-94.
4.586241	1.	11.	227.175824	-227.02	-94.
4.91964	1.	11.	162.51	-197.01	-95.948051
5.879052	1.	11.	158.27	-175.48	-92.318496
5.316977	1.	11.	229.73	-184.999202	-94.
4.39062	1.	11.	182.42	-179.352689	-94.
5.152375	1.	11.	206.24	-209.288905	-94.
5.048952	1.	11.	282.93	-140.502317	-94.
4.809393	1.	11.	287.738117	-118.73	-94.
4.725982	1.	11.	208.2	-125.9	-90.61221
4.679286	1.	11.	127.59	-220.236044	-93.
4.576058	1.	11.	253.23	-205.81	-97.352475
4.598892	1.	11.	254.561869	-156.56	-92.
4.572184	1.	11.	160.23	-151.614603	-92.
5.085386	1.	11.	244.75	-223.421729	-92.
4.641508	1.	11.	221.58	-234.080525	-92.
4.368297	1.	11.	201.946812	-247.56	-92.
4.801903	1.	11.	160.23	-186.503474	-92.
4.404268	1.	11.	150.44	-231.706186	-92.
5.546772	1.	11.	117.48	-213.628942	-92.
4.7785	1.	11.	212.810949	-166.02	-92.
4.437925	1.	11.	249.247469	-169.94	-92.
4.998383	1.	11.	162.18	-163.09	-94.649271
4.583873	1.	11.	256.258514	-146.78	-92.
4.892282	1.	11.	257.47	-136.670608	-92.
4.514341	1.	11.	244.75	-124.92	-94.135645
4.537561	1.	11.	239.85	-105.35	-93.021652
4.833002	1.	11.	271.83	-131.12	-87.505257
4.844586	1.	11.	195.8	-210.676325	-92.
4.414175	1.	11.	169.36	-177.043058	-92.
5.601049	1.	11.	273.79	-174.322815	-91.
4.392928	1.	11.	282.940735	-152.65	-91.
4.585009	1.	11.	240.942729	-134.38	-91.
4.343481	1.	11.	230.332742	-127.86	-91.
5.325243	1.	11.	230.276392	-137.97	-91.
4.479102	1.	11.	237.89	-122.31	-88.780614
4.473527	1.	11.	208.2	-135.109432	-91.
4.674128	1.	11.	200.30546	-140.91	-91.
4.698302	1.	11.	176.54	-136.67	-93.295051
4.332133	1.	11.	184.7	-140.481467	-91.
4.521866	1.	11.	170.02	-167.98	-89.820613
4.357471	1.	11.	250.77963	-198.96	-91.
4.446776	1.	11.	176.87	-162.76	-94.442001
4.999497	1.	11.	184.05	-167.370368	-90.
4.488217	1.	11.	244.09	-190.16	-87.190337
4.430371	1.	11.	241.48	-199.593605	-90.
5.036661	1.	11.	171.	-188.329695	-90.
5.115668	1.	11.	172.3	-215.465111	-90.
4.344167	1.	11.	156.31	-202.597781	-90.
4.331166	1.	11.	262.37	-152.97	-88.002454
4.503396	1.	11.	197.924845	-187.22	-90.
5.57498	1.	11.	210.164731	-178.74	-89.
5.483225	1.	11.	190.9	-197.01	-86.966925
5.132751	1.	11.	253.56	-188.024262	-89.
4.626805	1.	11.	264.289432	-162.43	-89.
4.594984	1.	11.	187.96	-148.41	-88.372174
4.40712	1.	11.	197.43	-132.1	-90.388204
4.714155	1.	11.	238.313922	-96.22	-89.
5.88396	1.	11.	212.44	-116.768713	-87.
4.414214	1.	11.	153.42432	-154.93	-87.
5.057833	1.	11.	190.57	-224.012879	-87.
4.900498	1.	11.	217.01	-223.43	-88.60492
4.72598	1.	11.	204.909806	-222.78	-87.
4.418535	1.	11.	156.64	-163.63193	-87.
4.508667	1.	11.	145.07967	-191.46	-87.
5.965785	1.	11.	133.796495	-174.18	-87.
4.397771	1.	11.	123.03	-170.26	-88.961472
4.654076	1.	11.	211.46	-142.86	-82.963081
4.686594	1.	11.	291.524341	-126.23	-87.
5.205847	1.	11.	220.130875	-127.21	-87.
5.703549	1.	11.	227.393287	-117.42	-87.
4.693142	1.	11.	272.16	-183.96	-86.471749
4.332078	1.	11.	168.06	-153.63	-86.561961
5.127427	1.	11.	209.687784	-153.63	-87.
4.370201	1.	11.	198.524906	-152.	-87.
4.470119	1.	11.	247.68	-161.785362	-87.
5.257588	1.	11.	239.743121	-215.27	-87.
4.399396	1.	11.	189.355754	-178.74	-87.
4.856664	1.	11.	254.86	-214.95	-84.122671
4.414143	1.	11.	264.98	-200.900693	-86.
4.825803	1.	11.	220.6	-139.28	-85.034487
4.617929	1.	11.	181.76	-157.21	-86.261162
4.428529	1.	11.	193.84	-165.745788	-86.
4.659734	1.	11.	247.36	-146.26628	-86.
4.380201	1.	11.	179.48	-231.485104	-85.
5.028052	1.	11.	172.120616	-224.41	-85.
4.535173	1.	11.	133.47	-227.34	-88.686112
4.398008	1.	11.	139.34	-217.643605	-85.
5.128331	1.	11.	143.748381	-227.34	-85.
6.382186	1.	11.	177.252616	-146.78	-85.
4.737911	1.	11.	238.55	-175.28651	-85.
5.218054	1.	11.	234.63	-191.79	-85.723033
4.780514	1.	11.	245.07	-114.16	-85.77095
4.655929	1.	11.	201.67	-118.341455	-84.
4.898208	1.	11.	188.434633	-119.38	-84.
4.614719	1.	11.	158.92	-212.66	-85.19126
5.071083	1.	11.	224.19	-211.30484	-84.
5.324391	1.	11.	189.92	-155.91	-80.108078
4.349677	1.	11.	168.06	-139.28	-85.558709
4.448274	1.	11.	191.88	-107.882709	-84.
4.409718	1.	11.	248.01	-122.88041	-84.
5.667621	1.	11.	203.852293	-162.76	-84.
4.575615	1.	11.	201.357277	-175.48	-84.
5.34625	1.	11.	213.74	-211.165271	-84.
5.163771	1.	11.	161.534019	-231.58	-83.
4.360422	1.	11.	181.76	-175.13265	-83.
5.0401	1.	11.	179.81	-186.424128	-83.
4.701523	1.	11.	283.58	-120.68	-81.043478
4.595941	1.	11.	163.82	-172.37191	-83.
4.495376	1.	11.	241.69334	-206.14	-83.
4.685626	1.	11.	226.793591	-223.1	-83.
4.514789	1.	11.	205.59	-214.62	-79.309028
4.445874	1.	11.	163.296736	-202.23	-83.
4.925665	1.	11.	280.97	-141.543214	-83.
4.487402	1.	11.	268.57	-142.86	-85.473213
5.60823	1.	11.	279.34	-194.46927	-83.
4.473498	1.	11.	189.382733	-187.55	-83.
4.400098	1.	11.	160.594816	-181.68	-83.
4.521444	1.	11.	180.13	-198.630854	-83.
4.533819	1.	11.	230.39	-181.878177	-82.
4.771734	1.	11.	246.7	-182.66	-80.476251
4.364673	1.	11.	179.979417	-220.17	-82.
4.935292	1.	11.	121.72	-208.217277	-81.
4.422911	1.	11.	157.94	-193.09	-84.06904
4.750826	1.	11.	164.867998	-160.15	-81.
4.788614	1.	11.	245.4	-105.03	-81.750664
4.477677	1.	11.	233.766791	-90.35	-81.
4.420474	1.	11.	260.881218	-140.58	-81.
5.168946	1.	11.	218.97	-235.215545	-81.
4.860297	1.	11.	256.82	-224.08	-81.047267
4.393477	1.	11.	245.4	-223.048917	-81.
4.528959	1.	11.	203.3	-246.91	-82.948096
4.542657	1.	11.	118.22765	-191.79	-81.
4.899529	1.	11.	133.47	-211.13007	-81.
4.99499	1.	11.	257.47	-159.82	-78.242337
4.952278	1.	11.	254.932725	-149.71	-81.
5.067081	1.	11.	230.126783	-136.34	-80.
5.060505	1.	11.	233.593991	-125.58	-80.
4.449106	1.	11.	272.81	-168.451466	-80.
5.120971	1.	11.	253.44941	-197.01	-80.
5.668655	1.	11.	173.069869	-168.63	-80.
4.46472	1.	11.	188.94	-138.62	-83.501305
4.538285	1.	11.	208.85	-130.47	-80.637166
4.615849	1.	11.	176.829088	-136.67	-80.
4.385325	1.	11.	172.95	-235.088892	-80.
5.463734	1.	11.	185.35	-238.040616	-80.
4.576608	1.	11.	241.81	-134.71	-81.115387
4.923557	1.	11.	242.79	-191.46	-77.80426
4.644165	1.	11.	235.61	-199.94	-78.130079
4.74428	1.	11.	183.07	-165.766222	-79.
4.342231	1.	11.	196.45	-143.19	-82.369992
4.558116	1.	11.	203.3	-137.97	-75.840076
4.933406	1.	11.	171.65	-179.72	-82.839978
4.377007	1.	11.	165.77	-189.51	-81.173351
5.353028	1.	11.	171.923643	-214.29	-79.
4.347168	1.	11.	200.36	-110.871674	-79.
4.528577	1.	11.	164.14	-209.08	-74.699977
5.675396	1.	11.	150.032609	-200.27	-78.
5.93085	1.	11.	113.721988	-168.63	-78.
4.863733	1.	11.	250.95	-138.944302	-78.
4.406418	1.	11.	198.73	-127.86	-82.229863
4.645136	1.	11.	194.16	-136.34	-75.717151
5.141427	1.	11.	245.07	-127.21	-75.258178
4.600858	1.	11.	243.77	-87.442591	-78.
4.371505	1.	11.	220.268503	-89.37	-78.
4.478192	1.	11.	189.6	-224.499269	-76.
4.897006	1.	11.	157.62	-155.769848	-76.
5.067945	1.	11.	132.210882	-174.18	-76.
5.012959	1.	11.	140.32	-184.924551	-76.
4.503571	1.	11.	142.93	-215.71438	-76.
6.07008	1.	11.	246.7	-167.446443	-76.
4.71011	1.	11.	240.218088	-142.86	-76.
4.552998	1.	11.	264.32	-149.517617	-76.
4.344092	1.	11.	205.59	-123.307335	-76.
5.12689	1.	11.	209.18	-114.343032	-76.
4.872798	1.	11.	258.45	-132.1	-75.245916
4.741832	1.	11.	215.38	-225.06	-77.724032
5.115401	1.	11.	267.171173	-198.96	-74.
5.238002	1.	11.	135.43	-225.71	-78.968939
4.623277	1.	11.	140.32	-224.73	-69.417549
5.562124	1.	11.	180.46	-228.595328	-74.
4.868808	1.	11.	196.590207	-147.43	-74.
4.454786	1.	11.	188.62	-163.41	-71.803733
4.462819	1.	11.	175.56	-144.724567	-74.
4.433454	1.	11.	234.341437	-179.07	-74.
6.081252	1.	11.	291.402155	-127.86	-74.
4.613832	1.	11.	269.22	-167.65	-68.852785
5.790922	1.	11.	217.746538	-126.55	-73.
4.756311	1.	11.	195.47	-120.68	-76.200773
4.42436	1.	11.	176.87	-160.403463	-73.
4.562197	1.	11.	167.883309	-134.06	-73.
4.596854	1.	11.	191.655507	-110.25	-73.
4.335182	1.	11.	241.81	-118.07	-77.064413
4.629773	1.	11.	219.29	-146.831912	-73.
6.090978	1.	11.	193.19	-180.05	-73.516132
5.063348	1.	11.	216.330581	-156.56	-73.
4.359772	1.	11.	248.99	-147.747544	-73.
4.473374	1.	11.	225.49	-215.70986	-72.
4.362947	1.	11.	240.83	-204.579996	-72.
4.461094	1.	11.	241.16	-217.23	-74.515928
5.005097	1.	11.	233.65	-210.729636	-72.
4.835702	1.	11.	249.31	-214.62	-70.698619
4.461518	1.	11.	281.62	-195.056544	-72.
4.934149	1.	11.	160.88	-183.63	-71.694833
5.502398	1.	11.	150.11	-228.32	-73.788165
4.583574	1.	11.	133.47	-231.58	-69.12486
5.184575	1.	11.	211.022786	-210.38	-72.
5.334625	1.	11.	188.62	-153.63	-67.403574
4.368885	1.	11.	181.44	-152.97	-74.514469
4.598594	1.	11.	184.578949	-145.15	-71.
5.020208	1.	11.	164.8	-143.287093	-71.
4.993717	1.	11.	278.458422	-140.58	-71.
4.366756	1.	11.	189.6	-118.4	-68.792897
4.360071	1.	11.	216.528545	-218.86	-71.
6.237734	1.	11.	118.997843	-207.12	-70.
4.657068	1.	11.	121.889405	-195.38	-70.
4.776687	1.	11.	119.11	-219.888941	-70.
4.435486	1.	11.	177.053307	-191.46	-70.
4.809054	1.	11.	182.74	-173.054027	-70.
4.877637	1.	11.	203.931773	-221.8	-70.
5.106195	1.	11.	240.83	-153.020467	-70.
4.653899	1.	11.	258.235368	-153.63	-70.
4.533603	1.	11.	246.38	-179.549478	-70.
4.510702	1.	11.	241.81	-99.81	-72.718507
4.800328	1.	11.	201.288036	-106.66	-69.
5.568181	1.	11.	208.2	-132.43	-68.074624
4.876852	1.	11.	165.058592	-162.11	-69.
4.698942	1.	11.	254.014417	-195.7	-69.
4.680398	1.	11.	263.35	-141.23	-70.093923
5.385042	1.	11.	200.69	-159.17	-72.769132
4.528361	1.	11.	227.12	-224.338906	-69.
4.978258	1.	11.	248.01	-225.71	-69.254922
4.779885	1.	11.	258.514406	-221.8	-69.
4.569683	1.	11.	256.763578	-163.74	-69.
4.999725	1.	11.	273.672995	-186.9	-69.
4.752296	1.	11.	165.45	-173.148908	-69.
5.069594	1.	11.	235.28	-134.519687	-69.
4.653647	1.	11.	238.22	-123.423662	-69.
5.181251	1.	11.	179.81	-216.061107	-69.
4.516107	1.	11.	174.26	-232.89	-66.816725
4.784933	1.	11.	223.502841	-233.87	-69.
4.660744	1.	11.	204.61	-249.2	-72.391698
5.087843	1.	11.	200.04	-241.300003	-68.
4.349558	1.	11.	235.61	-193.42	-71.403225
5.028276	1.	11.	280.204171	-123.95	-68.
4.518877	1.	11.	213.09	-200.642011	-68.
5.671803	1.	11.	202.	-207.77	-66.272103
4.514266	1.	11.	195.14	-217.88	-63.630696
4.661076	1.	11.	243.44	-197.99	-65.702385
4.775064	1.	11.	234.3	-201.57	-64.727357
4.457612	1.	11.	169.69	-185.653037	-68.
4.339939	1.	11.	166.43	-195.079727	-68.
5.377192	1.	11.	156.64	-228.65	-64.968135
5.239278	1.	11.	152.72	-215.93	-72.111437
5.308018	1.	11.	222.540288	-186.57	-68.
5.074394	1.	11.	177.52	-202.23	-68.316264
5.037766	1.	11.	270.2	-125.58	-66.472625
4.965387	1.	11.	253.775967	-140.91	-68.
4.388247	1.	11.	200.282106	-118.07	-68.
4.378032	1.	11.	244.09	-138.3	-68.613436
4.635482	1.	11.	177.403625	-137.32	-68.
4.629566	1.	11.	227.422825	-148.41	-68.
4.866806	1.	11.	237.667178	-88.39	-67.
4.596599	1.	11.	242.46	-95.89	-63.490005
4.765104	1.	11.	250.124794	-91.65	-67.
4.620848	1.	11.	129.150866	-166.02	-67.
5.559791	1.	11.	117.751873	-170.26	-67.
4.562515	1.	11.	111.6	-161.13	-67.920142
5.694101	1.	11.	104.1	-152.32	-63.166786
4.457826	1.	11.	158.27	-207.77	-67.845977
4.37022	1.	11.	199.125571	-136.99	-67.
5.378165	1.	11.	189.98012	-132.1	-67.
4.610357	1.	11.	254.54	-205.49	-71.345426
4.920483	1.	11.	248.99	-187.22	-64.640646
4.649663	1.	11.	174.729693	-167.	-67.
4.524184	1.	11.	185.986772	-192.12	-67.
4.769982	1.	11.	256.49	-173.85	-68.970819
4.396393	1.	11.	199.06	-127.53	-68.656448
4.396463	1.	11.	171.	-155.91	-65.305218
4.670716	1.	11.	209.18	-145.778049	-67.
4.409561	1.	11.	158.27	-198.359284	-67.
4.417613	1.	11.	173.712967	-176.79	-67.
4.637244	1.	11.	167.41	-211.03	-63.236826
5.873171	1.	11.	147.208029	-202.88	-66.
4.949558	1.	11.	128.9	-212.603844	-66.
4.452518	1.	11.	266.158945	-155.58	-65.
4.704302	1.	11.	273.46	-150.37	-67.027691
4.532856	1.	11.	205.59	-121.66	-61.70152
4.391098	1.	11.	194.94271	-227.34	-65.
5.461599	1.	11.	212.77	-175.15	-62.341393
4.982292	1.	11.	204.61	-193.42	-69.90454
4.994086	1.	11.	243.44	-169.959539	-65.
4.63183	1.	11.	247.68	-159.5	-66.020512
4.617593	1.	11.	153.763472	-165.37	-65.
4.556704	1.	11.	168.06	-200.6	-61.159288
4.488327	1.	11.	213.74	-118.000933	-65.
4.636337	1.	11.	130.53	-175.58838	-65.
4.796494	1.	11.	246.38	-126.26583	-65.
4.836281	1.	11.	188.643464	-166.67	-63.
5.192791	1.	11.	211.346523	-225.71	-63.
4.401366	1.	11.	186.012469	-230.93	-63.
4.636726	1.	11.	224.515399	-127.86	-63.
4.768689	1.	11.	265.3	-134.987982	-63.
4.369659	1.	11.	167.936878	-227.67	-63.
5.21283	1.	11.	158.769163	-218.21	-63.
5.538639	1.	11.	129.350967	-192.77	-63.
4.552716	1.	11.	158.436626	-174.5	-63.
5.10473	1.	11.	238.22	-144.081629	-63.
4.380073	1.	11.	199.71	-95.880754	-63.
4.393142	1.	11.	241.425029	-118.07	-62.
4.545656	1.	11.	227.12	-154.28	-58.407498
5.003878	1.	11.	214.410459	-137.97	-61.
4.652409	1.	11.	215.38	-127.86	-58.887039
5.466893	1.	11.	238.96577	-215.93	-60.
5.361782	1.	11.	228.76	-211.69	-62.729241
4.694369	1.	11.	218.97	-217.161825	-60.
4.466647	1.	11.	180.13	-159.965154	-60.
5.034678	1.	11.	178.5	-148.73	-63.262999
4.683324	1.	11.	171.65	-141.88	-62.19695
5.042651	1.	11.	131.18	-222.493854	-60.
4.53065	1.	11.	132.577572	-233.87	-60.
4.831948	1.	11.	119.11	-227.99	-64.435355
4.836565	1.	11.	183.204905	-139.93	-60.
4.82137	1.	11.	191.55	-144.17	-63.224488
4.485763	1.	11.	158.92	-183.31	-60.54801
5.06983	1.	11.	120.41	-201.169925	-59.
4.534459	1.	11.	121.07	-222.12	-56.697358
4.606705	1.	11.	250.29	-148.08	-61.98667
4.359627	1.	11.	252.25	-120.36	-58.06329
4.388223	1.	11.	194.16	-106.883822	-59.
4.361831	1.	11.	193.19	-122.97	-61.34703
5.77053	1.	11.	276.847467	-134.06	-59.
4.536022	1.	11.	185.68	-149.71	-56.660345
4.34323	1.	11.	246.998398	-202.55	-58.
4.577301	1.	11.	230.886194	-121.34	-58.
4.496227	1.	11.	206.56	-132.924691	-58.
5.26721	1.	11.	233.611109	-135.04	-58.
5.160963	1.	11.	279.99	-194.215996	-58.
5.237488	1.	11.	260.08	-169.946872	-58.
4.389631	1.	11.	220.27	-227.02	-56.7834
4.759175	1.	11.	176.337766	-222.12	-58.
4.390764	1.	11.	169.04	-185.59	-53.671458
4.431475	1.	11.	162.690886	-190.81	-57.
4.685733	1.	11.	172.3	-191.79	-61.175838
4.846818	1.	11.	167.41	-164.472146	-57.
4.411667	1.	11.	198.41	-116.028434	-57.
4.346428	1.	11.	203.549296	-107.31	-57.
4.876922	1.	11.	247.36	-138.3	-59.841273
4.767642	1.	11.	245.782279	-192.77	-57.
4.653815	1.	11.	236.59	-206.525394	-57.
4.390275	1.	11.	245.283819	-182.66	-56.
4.5445	1.	11.	236.069915	-190.81	-56.
4.344797	1.	11.	195.47	-133.911326	-56.
4.58328	1.	11.	238.87	-103.176046	-56.
4.416748	1.	11.	248.083977	-93.29	-56.
4.40638	1.	11.	172.176893	-155.26	-56.
4.459279	1.	11.	114.347554	-166.67	-56.
5.065272	1.	11.	203.205518	-156.24	-56.
4.78389	1.	11.	177.992739	-232.23	-55.
4.868172	1.	11.	149.46	-239.41	-50.78318
4.594938	1.	11.	143.26	-232.56	-53.55881
4.599537	1.	11.	160.88	-212.894674	-55.
4.943957	1.	11.	175.89	-136.01	-51.166912
4.440059	1.	11.	175.89	-162.11	-51.386975
4.526657	1.	11.	239.2	-126.685455	-55.
5.329791	1.	11.	252.58	-210.38	-59.969969
5.465833	1.	11.	198.73	-144.240025	-55.
4.631142	1.	11.	197.43	-165.738092	-54.
5.089986	1.	11.	247.68	-172.366505	-54.
4.51953	1.	11.	254.612861	-160.8	-54.
5.583013	1.	11.	266.28	-160.646226	-54.
5.861849	1.	11.	272.134649	-148.73	-54.
4.603869	1.	11.	238.55	-197.99	-50.251857
4.626353	1.	11.	155.62763	-163.41	-54.
4.353893	1.	11.	126.94	-165.37	-57.37274
4.33236	1.	11.	194.16	-232.573689	-54.
4.838794	1.	11.	194.878888	-221.14	-54.
4.506934	1.	11.	203.3	-232.23	-57.927849
4.444177	1.	11.	167.41	-206.79	-50.374655
4.378838	1.	11.	156.96	-199.29	-57.184482
5.074472	1.	11.	179.81	-180.7	-51.277988
4.346978	1.	11.	177.52	-170.59	-55.74453
4.670491	1.	11.	256.278079	-182.66	-54.
4.376565	1.	11.	206.769724	-115.46	-54.
4.807957	1.	11.	248.01	-112.381259	-54.
4.581983	1.	11.	183.72	-203.53	-56.598457
4.365353	1.	11.	197.75	-241.69	-52.368203
4.488616	1.	11.	184.352682	-240.06	-54.
4.799173	1.	11.	149.931938	-224.08	-54.
4.611634	1.	11.	156.96	-233.766758	-54.
4.675658	1.	11.	129.55	-174.273541	-54.
5.406581	1.	11.	216.03	-168.80759	-54.
4.334688	1.	11.	227.12	-173.656206	-54.
4.749599	1.	11.	217.817016	-152.32	-54.
4.539521	1.	11.	241.602392	-154.28	-54.
4.587224	1.	11.	244.75	-163.09	-56.828954
4.919606	1.	11.	164.47	-151.02	-51.224382
4.524116	1.	11.	165.45	-132.75	-58.219097
4.374212	1.	11.	186.328112	-129.49	-54.
4.764765	1.	11.	127.938906	-211.69	-54.
4.600487	1.	11.	261.434391	-138.95	-53.
5.991412	1.	11.	203.3	-185.59	-57.483921
4.475682	1.	11.	227.450841	-198.64	-53.
4.397394	1.	11.	180.493714	-214.29	-53.
4.979382	1.	11.	174.206277	-200.6	-53.
4.334652	1.	11.	164.8	-198.522373	-53.
4.912552	1.	11.	217.691415	-118.73	-53.
4.451362	1.	11.	192.53	-174.905892	-53.
4.857414	1.	11.	136.4	-193.173286	-53.
4.52906	1.	11.	145.284694	-202.23	-53.
4.381829	1.	11.	198.25106	-124.92	-53.
4.352462	1.	11.	252.9	-145.47	-52.735194
4.362601	1.	11.	187.31	-166.02	-53.044755
4.72491	1.	11.	152.856283	-175.15	-52.
4.893412	1.	11.	207.54	-222.336989	-52.
4.365574	1.	11.	161.86	-224.153435	-52.
4.845593	1.	11.	132.936168	-202.23	-51.
4.401528	1.	11.	125.327087	-192.44	-51.
4.857422	1.	11.	222.88	-128.977092	-51.
4.922223	1.	11.	203.3	-103.07	-48.086449
4.470572	1.	11.	208.865418	-209.73	-50.
4.797815	1.	11.	192.86	-211.36	-51.740534
4.549994	1.	11.	169.567118	-230.93	-50.
4.928064	1.	11.	159.25	-240.71	-46.371643
4.806755	1.	11.	213.74	-133.150043	-50.
4.984571	1.	11.	229.73	-206.980113	-49.
5.390712	1.	11.	235.93	-215.539433	-49.
5.022257	1.	11.	216.03	-216.926829	-49.
4.479729	1.	11.	186.99	-225.14435	-49.
4.45339	1.	11.	183.07	-157.297971	-49.
5.287573	1.	11.	175.89	-146.52929	-49.
4.799522	1.	11.	128.907839	-233.54	-49.
4.409046	1.	11.	119.76	-228.65	-47.852926
5.088878	1.	11.	135.43	-225.110547	-49.
4.666167	1.	11.	162.51	-169.963007	-49.
4.562259	1.	11.	146.964258	-164.72	-49.
4.442168	1.	11.	229.882862	-149.39	-49.
4.450978	1.	11.	267.331792	-132.43	-49.
4.452387	1.	11.	153.7	-203.06221	-49.
4.410205	1.	11.	259.1	-155.07724	-48.
4.703322	1.	11.	248.99	-153.541427	-48.
4.551194	1.	11.	252.58	-120.162891	-48.
4.392363	1.	11.	261.096538	-123.29	-48.
4.531625	1.	11.	244.42	-128.51	-43.978537
4.74932	1.	11.	188.94	-141.608276	-48.
5.545245	1.	11.	242.19647	-145.8	-48.
4.532047	1.	11.	219.62	-200.6	-44.906336
4.461441	1.	11.	225.876278	-217.23	-48.
4.378154	1.	11.	184.7	-173.002032	-48.
5.022562	1.	11.	122.37	-202.813142	-48.
5.26262	1.	11.	175.192002	-240.39	-48.
4.726786	1.	11.	242.13	-136.01	-51.688402
4.679037	1.	11.	233.65	-139.860136	-47.
4.510651	1.	11.	233.65	-130.602519	-47.
5.189523	1.	11.	206.24	-127.220327	-47.
4.421492	1.	11.	246.05	-203.236638	-47.
4.759565	1.	11.	261.06	-163.41	-44.655128
4.437514	1.	11.	260.08	-145.898207	-47.
5.653184	1.	11.	258.12	-173.602992	-47.
4.613511	1.	11.	158.27	-182.33	-48.772387
4.876752	1.	11.	254.379912	-192.12	-46.
4.464685	1.	11.	243.11	-196.03	-41.720156
5.823837	1.	11.	218.64	-227.407781	-46.
4.343334	1.	11.	171.828065	-193.75	-46.
4.854494	1.	11.	159.458526	-191.79	-46.
4.547377	1.	11.	170.34	-185.59	-41.522924
4.681894	1.	11.	168.71	-159.407737	-46.
4.684163	1.	11.	195.295626	-119.71	-46.
4.756148	1.	11.	249.64	-137.97	-45.603907
4.448909	1.	11.	202.32	-113.339031	-46.
4.615993	1.	11.	239.52	-188.2	-47.008744
4.740245	1.	11.	250.442124	-181.03	-45.
4.882491	1.	11.	237.57	-204.84	-42.417452
4.711498	1.	11.	213.74	-211.03	-41.220998
4.784003	1.	11.	195.14	-152.091945	-45.
4.450323	1.	11.	182.09	-231.91	-40.331536
4.549117	1.	11.	197.43	-140.91	-40.013294
4.653145	1.	11.	194.947458	-235.5	-43.
4.531134	1.	11.	193.993071	-223.75	-43.
5.217676	1.	11.	182.42	-203.2	-45.089164
4.544391	1.	11.	159.57	-207.464617	-43.
5.008598	1.	11.	154.03	-200.6	-39.153639
4.750831	1.	11.	126.61	-177.902227	-43.
5.557313	1.	11.	120.74	-215.901705	-43.
5.550066	1.	11.	145.22	-231.239953	-43.
5.178751	1.	11.	143.58	-218.587565	-43.
4.557099	1.	11.	128.9	-226.36	-39.059224
4.337594	1.	11.	204.28	-137.32	-46.801095
4.335468	1.	11.	196.78	-132.1	-46.882222
4.806453	1.	11.	224.242243	-177.76	-43.
4.487547	1.	11.	215.7	-174.057142	-43.
4.754244	1.	11.	266.94	-153.3	-41.417126
5.603201	1.	11.	245.07	-111.873869	-43.
5.485516	1.	11.	243.44	-213.64	-39.820039
4.517642	1.	11.	194.82	-168.3	-40.307406
4.669018	1.	11.	136.08	-187.119697	-42.
4.947672	1.	11.	212.10151	-111.88	-42.
4.481574	1.	11.	180.653385	-213.64	-42.
4.863788	1.	11.	165.45	-199.377324	-42.
4.787431	1.	11.	212.11	-142.21	-46.579157
4.46752	1.	11.	263.344732	-139.28	-41.
4.642664	1.	11.	176.87	-174.18	-39.037219
4.470715	1.	11.	197.771251	-126.55	-40.
4.891568	1.	11.	232.374193	-165.37	-39.
4.773186	1.	11.	222.56	-156.89	-43.739237
4.374308	1.	11.	211.79	-134.810342	-39.
4.65157	1.	11.	166.75	-157.21	-37.003096
4.39288	1.	11.	207.87	-206.47	-35.124169
4.681126	1.	11.	198.419906	-207.12	-39.
5.051411	1.	11.	233.65	-195.859228	-39.
4.580602	1.	11.	248.33	-174.83	-35.808819
4.711861	1.	11.	217.66	-127.428584	-39.
4.567581	1.	11.	124.	-190.16	-42.005858
4.432291	1.	11.	144.135198	-191.46	-38.
4.398639	1.	11.	162.18	-165.04	-41.091121
4.340061	1.	11.	174.863412	-153.3	-38.
4.875982	1.	11.	180.46	-142.664775	-38.
4.785092	1.	11.	185.68	-123.29	-33.26057
5.236154	1.	11.	206.490488	-217.56	-38.
4.885829	1.	11.	231.442766	-213.97	-38.
4.827229	1.	11.	264.	-129.160644	-38.
5.043404	1.	11.	254.54	-133.08	-38.17621
4.779992	1.	11.	156.64	-213.97	-35.20516
5.038635	1.	11.	187.64	-191.14	-38.722045
4.915735	1.	11.	189.6	-180.17976	-38.
5.280128	1.	11.	177.466215	-194.72	-38.
4.403842	1.	11.	258.12	-161.601093	-36.
4.520333	1.	11.	239.2	-151.988633	-36.
4.672783	1.	11.	244.42	-141.602875	-36.
4.760254	1.	11.	235.28	-129.643761	-36.
4.334112	1.	11.	244.089936	-132.43	-36.
4.650163	1.	11.	226.8	-135.4233	-36.
4.391876	1.	11.	207.54	-126.648978	-36.
4.448997	1.	11.	202.32	-118.433794	-36.
4.367815	1.	11.	162.18	-179.07	-39.709805
4.389837	1.	11.	185.35	-162.11	-40.051194
5.227951	1.	11.	155.469134	-185.59	-36.
4.413368	1.	11.	175.24	-208.055756	-36.
4.402104	1.	11.	256.659001	-170.91	-36.
4.647139	1.	11.	262.37	-146.78	-34.461187
4.62446	1.	11.	169.222088	-239.74	-36.
4.498387	1.	11.	166.031563	-223.75	-36.
4.613724	1.	11.	186.99	-209.930096	-36.
5.171653	1.	11.	223.689924	-198.64	-36.
4.681136	1.	11.	220.6	-216.220221	-36.
4.825652	1.	11.	193.778629	-158.85	-36.
4.707517	1.	11.	271.122048	-142.86	-36.
4.417998	1.	11.	168.06	-172.383154	-36.
4.973529	1.	11.	218.64	-166.715139	-36.
4.719479	1.	11.	184.05	-154.93	-32.852113
4.404875	1.	11.	189.550549	-147.1	-36.
4.901618	1.	11.	202.98	-102.32984	-36.
5.527932	1.	11.	151.234296	-171.89	-36.
4.789212	1.	11.	252.581807	-147.43	-36.
4.471699	1.	11.	124.98	-200.325882	-36.
4.807542	1.	11.	187.316865	-219.51	-36.
5.043489	1.	11.	266.61	-163.41	-29.990718
4.499596	1.	11.	243.77	-202.676012	-35.
4.941872	1.	11.	162.757183	-192.77	-35.
4.559363	1.	11.	251.27	-137.97	-30.543752
4.562007	1.	11.	201.34	-150.04	-37.423332
4.519365	1.	11.	249.247186	-193.09	-34.
5.308645	1.	11.	233.125392	-205.16	-33.
4.468255	1.	11.	214.72	-211.69	-30.143292
4.602896	1.	11.	194.996967	-213.64	-33.
4.812285	1.	11.	237.079774	-175.48	-33.
5.02467	1.	11.	206.24	-140.91	-28.813074
4.924225	1.	11.	200.918457	-132.75	-32.
4.718369	1.	11.	194.82	-141.56	-29.689811
4.555671	1.	11.	154.68	-202.55	-27.893583
4.44943	1.	11.	143.382225	-227.67	-32.
4.348075	1.	11.	173.28	-231.58	-34.4999
4.666337	1.	11.	190.9	-224.41	-27.417517
4.4668	1.	11.	238.87	-212.66	-27.919614
4.723302	1.	11.	124.33	-183.361893	-32.
4.461448	1.	11.	194.16	-118.142976	-32.
4.921925	1.	11.	257.47	-119.777305	-32.
4.463013	1.	11.	194.49	-174.5	-30.775662
4.368108	1.	11.	163.754592	-165.37	-32.
4.598831	1.	11.	153.05	-192.77	-27.504799
5.642836	1.	11.	260.08	-153.63	-26.673681
4.751483	1.	11.	217.33	-226.69	-35.007613
4.353942	1.	11.	180.79	-236.921597	-32.
4.923324	1.	11.	168.38	-181.35	-30.812608
4.42311	1.	11.	209.5	-175.81	-31.088725
5.165208	1.	11.	183.72	-200.92	-30.756099
4.337385	1.	11.	268.977626	-152.65	-32.
4.537374	1.	11.	233.32	-141.23	-30.939825
4.74461	1.	11.	187.380655	-168.3	-31.
4.583497	1.	11.	208.655195	-111.22	-31.
5.078165	1.	11.	237.019991	-188.53	-31.
4.623205	1.	11.	144.24	-219.51	-28.039268
4.381813	1.	11.	213.42	-161.13	-29.115341
4.682172	1.	11.	166.1	-206.79	-32.68788
4.549528	1.	11.	158.27	-155.91	-27.98335
5.150224	1.	11.	216.03	-148.73	-27.846119
4.877834	1.	11.	224.19	-163.978175	-28.
4.382064	1.	11.	168.71	-157.057385	-28.
4.516864	1.	11.	165.77	-148.387282	-28.
4.616869	1.	11.	259.76	-134.06	-29.975687
4.56756	1.	11.	251.92	-128.074157	-27.
4.625987	1.	11.	186.33	-191.196134	-27.
4.344958	1.	11.	190.9	-181.68	-24.108393
4.544155	1.	11.	204.61	-214.651797	-27.
4.483692	1.	11.	227.78	-212.01	-27.177804
4.646591	1.	11.	230.373607	-197.66	-27.
4.739029	1.	11.	153.972135	-164.72	-27.
4.897548	1.	11.	141.3	-191.340778	-27.
4.395577	1.	11.	163.49	-233.738279	-27.
4.603573	1.	11.	219.29	-134.475002	-27.
4.457477	1.	11.	162.18	-164.06	-21.96086
5.3542	1.	11.	190.797073	-156.24	-25.
4.389514	1.	11.	184.056313	-143.84	-25.
4.789328	1.	11.	203.333948	-125.58	-25.
4.814808	1.	11.	244.09	-133.08	-20.792859
4.597868	1.	11.	240.18	-141.88	-24.639178
4.377517	1.	11.	227.45	-128.569009	-25.
4.976932	1.	11.	263.35	-142.852265	-25.
4.37937	1.	11.	239.2	-153.3	-23.711064
4.957149	1.	11.	251.444632	-177.44	-25.
4.489065	1.	11.	166.317435	-174.18	-25.
4.449574	1.	11.	184.30743	-175.15	-25.
5.0938	1.	11.	170.34	-226.156769	-25.
4.446564	1.	11.	185.68	-217.23	-20.990427
4.420601	1.	11.	189.71131	-209.4	-25.
5.134058	1.	11.	160.677133	-210.38	-25.
4.665813	1.	11.	174.164423	-203.2	-25.
4.954342	1.	11.	129.55	-193.09	-27.742144
4.421194	1.	11.	148.15	-185.92	-21.631375
4.4002	1.	11.	217.01	-170.91	-27.026348
4.58961	1.	11.	242.13	-198.96	-20.113531
4.375261	1.	11.	228.169802	-137.32	-24.
5.268999	1.	11.	211.79	-143.84	-19.370811
6.121931	1.	11.	265.63	-130.14	-20.984164
5.182597	1.	11.	134.45	-187.55	-19.744626
4.634343	1.	11.	202.32	-116.418109	-23.
5.193259	1.	11.	202.32	-148.261488	-22.
4.878622	1.	11.	206.89	-132.75	-19.173574
4.378419	1.	11.	181.44	-198.992372	-20.
5.570816	1.	11.	142.6	-222.78	-13.446575
5.021056	1.	11.	195.14	-172.22	-18.625091
4.460776	1.	11.	215.7	-160.15	-20.266087
5.113718	1.	11.	223.86	-163.74	-15.277531
5.020125	1.	11.	167.73	-158.144157	-17.
6.003828	1.	11.	155.645262	-156.56	-17.
5.027374	1.	11.	209.83	-211.36	-12.222555
4.440423	1.	11.	187.912684	-184.29	-16.
4.580709	1.	11.	219.198112	-138.95	-14.
6.523	1.	11.	264.267768	-146.78	-14.
4.430247	1.	11.	243.44	-136.99	-9.575702
4.736281	1.	11.	171.45723	-219.19	-13.
5.263019	1.	11.	230.39	-137.149131	-13.
4.58888	1.	11.	190.25	-156.24	-8.442809
4.42152	1.	11.	185.03	-150.69	-17.000396
5.860841	1.	11.	185.03	-142.54	-9.074267
4.56457	1.	11.	175.24	-227.34	-15.904663
4.503348	1.	11.	169.04	-174.706724	-13.
5.176656	1.	11.	223.53	-130.79	-8.244499
5.507432	1.	11.	176.032963	-204.18	-6.
5.076252	1.	11.	220.6	-160.471676	-6.