5.244224	0.4	12.	-9.46	2.28	4.42284
4.822814	0.4	12.	-6.2	59.04	-144.210769
4.614949	0.4	12.	5.87	25.12	-138.447621
4.765973	0.4	12.	15.99	1.446153	-141.1
4.888358	0.4	12.	17.940002	-29.03	-141.1
4.946858	0.4	12.	0.33	-11.379272	-135.36
5.270604	0.4	12.	-13.38	-14.841741	-135.36
4.744677	0.4	12.	-14.68	1.63	-138.17869
4.631512	0.4	12.	-23.82	4.24	-132.045673
6.687248	0.4	12.	34.26	-19.57	-140.584526
5.725908	0.4	12.	21.86	-6.971898	-134.91
4.934962	0.4	12.	39.81	41.474311	-134.91
4.780869	0.4	12.	11.571972	55.78	-134.91
4.996203	0.4	12.	57.76	-6.2	-134.726562
5.42911	0.4	12.	46.66	-15.282421	-134.91
5.557714	0.4	12.	48.62	31.581349	-134.39
5.129659	0.4	12.	21.633215	-21.2	-134.39
4.729783	0.4	12.	14.03	66.488737	-134.
5.048051	0.4	12.	-22.52	28.659583	-133.14
5.801686	0.4	12.	12.123508	-27.4	-128.42
5.238904	0.4	12.	-8.16	61.32	-132.211798
4.955693	0.4	12.	36.87	24.46	-129.635847
4.729572	0.4	12.	-21.21	44.03	-131.993959
4.847212	0.4	12.	-12.07	39.317284	-128.03
5.580482	0.4	12.	15.136787	31.96	-140.31
5.576035	0.4	12.	16.64	46.97	-144.053828
5.062037	0.4	12.	29.37	37.51	-144.385101
5.477384	0.4	12.	-4.57	20.22	-142.854976
4.559397	0.4	12.	-6.85	7.932093	-139.74
5.090064	0.4	12.	7.078456	47.29	-131.21
4.590279	0.4	12.	29.021695	-32.62	-131.21
6.742471	0.4	12.	40.349172	-29.68	-131.21
6.106091	0.4	12.	59.72	-17.29	-137.3151
4.704955	0.4	12.	18.6	6.845692	-126.66
5.180403	0.4	12.	34.92	6.259734	-126.66
5.101822	0.4	12.	-36.22	8.910083	-126.66
5.601284	0.4	12.	-35.57	31.798278	-126.66
5.051934	0.4	12.	-15.01	-29.03	-126.668711
5.539839	0.4	12.	28.39	32.62	-127.89123
5.158551	0.4	12.	57.43	11.581128	-125.87
4.503527	0.4	12.	-24.983055	-0.98	-124.5
5.038215	0.4	12.	55.48	-9.571713	-124.5
4.909748	0.4	12.	45.736717	-13.7	-124.5
5.065434	0.4	12.	68.26796	-3.91	-124.5
5.323852	0.4	12.	19.91	-3.629214	-124.22
4.955491	0.4	12.	40.14	35.261262	-124.1
4.999127	0.4	12.	26.250289	52.51	-124.1
5.05563	0.4	12.	13.38	43.771216	-124.05
5.047944	0.4	12.	-32.905129	58.38	-124.1
4.597147	0.4	12.	-16.32	59.04	-123.131312
4.586648	0.4	12.	20.56	-22.644188	-123.65
4.800745	0.4	12.	30.67	-20.55	-125.724426
5.745481	0.4	12.	15.618354	61.97	-123.65
4.703859	0.4	12.	-19.25	6.796169	-123.65
4.981795	0.4	12.	-36.87	45.34	-124.029752
5.546772	0.4	12.	50.814656	33.6	-121.77
5.743279	0.4	12.	54.82	48.93	-126.405728
4.64504	0.4	12.	-20.56	-35.620838	-121.37
5.278333	0.4	12.	-20.23	-21.583868	-121.37
6.825374	0.4	12.	62.	-20.125246	-120.58
4.646905	0.4	12.	22.771817	-32.62	-120.58
5.200552	0.4	12.	10.385925	-38.16	-120.58
7.350905	0.4	12.	21.21	-50.88	-126.031312
5.255464	0.4	12.	-49.93	-26.42	-119.850857
4.492951	0.4	12.	-52.750796	22.51	-120.52
4.73446	0.4	12.	8.988669	-19.57	-118.87
6.51213	0.4	12.	-9.79	-46.64	-120.96748
4.76595	0.4	12.	34.92	17.603296	-118.13
6.131467	0.4	12.	-32.63	-43.440407	-116.32
4.593734	0.4	12.	-28.06	44.36	-113.353036
5.007586	0.4	12.	30.821047	28.05	-116.32
4.861604	0.4	12.	48.612991	11.42	-115.29
4.494514	0.4	12.	59.268248	13.7	-115.29
4.898865	0.4	12.	67.026177	21.2	-115.29
5.816453	0.4	12.	63.31	31.495315	-115.29
5.006067	0.4	12.	-13.38	8.309797	-115.29
5.334418	0.4	12.	-14.68	-9.13	-119.154614
4.558986	0.4	12.	-16.32	60.119608	-113.98
4.584605	0.4	12.	-37.154084	60.34	-113.93
4.972274	0.4	12.	13.38	39.654611	-113.93
4.71232	0.4	12.	21.86	54.8	-115.070203
4.946633	0.4	12.	34.92	47.044987	-113.93
4.49028	0.4	12.	-45.36	-15.391777	-113.93
4.844947	0.4	12.	-40.79	-8.15	-109.400413
5.140668	0.4	12.	54.085958	-8.81	-113.81
5.487376	0.4	12.	64.720453	-0.33	-113.76
4.583538	0.4	12.	-31.174133	1.3	-113.81
5.138761	0.4	12.	56.166722	47.95	-111.37
4.507205	0.4	12.	-36.22	48.775522	-113.36
4.518913	0.4	12.	-19.25	47.511023	-112.56
4.915356	0.4	12.	-26.743988	59.69	-112.28
4.561098	0.4	12.	51.56	23.16	-112.355254
4.581165	0.4	12.	-22.196928	-21.2	-111.54
5.044606	0.4	12.	-23.17	-35.606797	-111.14
4.836301	0.4	12.	-4.088739	-18.92	-111.14
4.758014	0.4	12.	-37.53	22.255583	-111.14
4.798914	0.4	12.	-9.79	52.345695	-110.63
4.876582	0.4	12.	-48.3	-23.591331	-110.23
4.986461	0.4	12.	13.523222	-40.12	-108.75
5.874118	0.4	12.	15.333982	-51.86	-109.27
5.200802	0.4	12.	23.82	-43.71	-108.754613
4.93197	0.4	12.	-4.24	-47.759825	-108.87
4.973594	0.4	12.	-56.19186	18.27	-108.64
4.706453	0.4	12.	-47.269408	28.38	-108.64
5.041413	0.4	12.	-35.755123	-16.96	-108.58
4.545318	0.4	12.	0.65	67.947775	-108.64
5.04174	0.4	12.	20.23	-32.62	-107.167298
5.754841	0.4	12.	-16.97	-51.73058	-108.36
5.382546	0.4	12.	-38.83	-27.07	-103.668615
4.578485	0.4	12.	-30.67	-25.12	-109.895265
4.95893	0.4	12.	-45.69	2.160046	-107.79
6.182848	0.4	12.	10.12	59.823494	-107.79
5.573937	0.4	12.	36.017315	70.45	-107.56
5.071159	0.4	12.	54.17	58.705623	-107.56
6.197374	0.4	12.	34.59	-53.82	-112.035461
6.301413	0.4	12.	-38.83	34.57	-113.033286
4.661136	0.4	12.	-33.61	-40.45	-105.215388
5.242058	0.4	12.	-40.712953	-49.25	-106.03
5.258221	0.4	12.	43.875981	30.99	-104.6
4.7209	0.4	12.	33.62408	27.4	-104.6
4.574398	0.4	12.	40.182546	18.27	-104.6
4.651527	0.4	12.	66.9	18.407637	-104.6
5.358714	0.4	12.	65.92	38.16	-103.939989
4.746567	0.4	12.	-62.98	-8.069795	-102.78
5.116477	0.4	12.	-62.33	-23.624404	-102.78
4.490285	0.4	12.	-38.458785	-1.3	-102.78
4.907305	0.4	12.	-45.36	-16.96	-101.274161
4.659354	0.4	12.	-33.29	-9.579549	-102.61
5.527129	0.4	12.	-19.91	-7.18	-102.204998
4.530262	0.4	12.	-55.48	-34.288028	-102.56
6.725974	0.4	12.	-46.34	-36.53	-108.986576
4.576508	0.4	12.	4.89	-56.312491	-101.93
7.656028	0.4	12.	56.168988	-50.88	-101.93
4.723241	0.4	12.	-24.15	45.99	-101.382366
5.411612	0.4	12.	-21.86	61.97	-101.979027
5.006999	0.4	12.	-10.505245	59.69	-101.93
4.545068	0.4	12.	22.19	55.45	-105.51845
4.853136	0.4	12.	38.83	54.591824	-102.05
5.17179	0.4	12.	-33.61	51.501296	-102.05
5.512106	0.4	12.	14.36	0.33	-100.163849
5.228359	0.4	12.	7.18	8.81	-99.13128
4.540958	0.4	12.	-16.97	-19.57	-103.607544
5.16979	0.4	12.	-21.54	-32.539768	-100.85
4.870269	0.4	12.	-26.11	-15.998413	-100.85
4.70914	0.4	12.	-9.79	-38.16	-101.973365
4.613163	0.4	12.	0.	-36.53	-100.610744
4.882638	0.4	12.	-33.67486	63.28	-100.57
5.333769	0.4	12.	-36.548022	21.85	-100.51
5.877365	0.4	12.	-54.285684	10.11	-100.4
4.961781	0.4	12.	-13.822835	49.9	-100.4
4.705407	0.4	12.	5.22	-45.596291	-99.37
5.282276	0.4	12.	30.086271	-44.03	-99.37
5.105431	0.4	12.	24.8	-53.17	-101.987156
6.459607	0.4	12.	41.44	-57.470679	-99.37
4.536952	0.4	12.	-6.378373	22.51	-99.26
5.047709	0.4	12.	-14.36	15.66306	-99.03
4.773718	0.4	12.	19.018463	-39.47	-97.84
5.156803	0.4	12.	16.64	-51.54	-93.06932
4.868932	0.4	12.	16.32	-60.34	-99.818667
6.268995	0.4	12.	-11.42	-48.351837	-97.84
4.560212	0.4	12.	-53.52	30.99	-94.591045
4.540244	0.4	12.	-53.19	20.846303	-97.84
4.936937	0.4	12.	-46.99	37.910082	-97.78
5.086558	0.4	12.	7.18	53.808418	-97.78
4.496985	0.4	12.	16.99214	50.56	-97.5
4.519279	0.4	12.	0.961125	62.3	-97.33
4.752802	0.4	12.	10.312709	63.28	-97.33
5.372542	0.4	12.	55.185112	53.17	-97.1
5.064139	0.4	12.	61.493449	61.65	-97.1
4.618749	0.4	12.	43.94585	62.95	-97.1
6.128161	0.4	12.	9.194872	76.65	-97.1
5.819436	0.4	12.	-4.24	76.65	-102.85321
4.526143	0.4	12.	15.692735	-26.42	-97.1
4.499962	0.4	12.	-39.16	-28.05	-93.02775
5.118651	0.4	12.	30.67	-63.6	-97.898613
7.333608	0.4	12.	73.515645	48.93	-96.3
5.134148	0.4	12.	53.19	30.33	-95.713283
5.328453	0.4	12.	80.476255	22.18	-96.3
4.968791	0.4	12.	-36.55	-50.716793	-95.34
4.546524	0.4	12.	-32.193993	-34.57	-95.34
4.825694	0.4	12.	41.12	30.66	-90.668224
4.553176	0.4	12.	27.74	38.16	-98.00136
5.382097	0.4	12.	38.83	38.49	-97.715387
4.637345	0.4	12.	29.7	18.92	-97.304691
4.484225	0.4	12.	-33.228062	29.68	-94.31
4.989653	0.4	12.	-19.25	32.29	-89.589145
4.585038	0.4	12.	63.96	36.86	-92.200221
4.514358	0.4	12.	16.790742	-8.15	-93.06
4.557182	0.4	12.	-46.66	-21.525005	-92.27
5.159251	0.4	12.	-64.61	-24.825288	-92.27
5.002996	0.4	12.	-49.6	-32.94	-94.540994
5.28127	0.4	12.	-61.68	-3.108575	-92.27
4.798785	0.4	12.	-39.571227	41.1	-92.27
4.868655	0.4	12.	-8.16	66.505883	-92.27
4.585081	0.4	12.	61.68	-31.384854	-92.1
5.042566	0.4	12.	-60.04	-37.595178	-92.1
4.505643	0.4	12.	47.729731	49.25	-91.7
4.586401	0.4	12.	-14.600682	58.38	-91.7
4.641919	0.4	12.	-19.288233	67.19	-91.7
5.290779	0.4	12.	33.94	55.516363	-91.7
4.596028	0.4	12.	-14.68	-17.94	-88.245098
5.362837	0.4	12.	-28.06	-21.577925	-90.28
4.571168	0.4	12.	-12.07	-38.16	-89.595886
4.583162	0.4	12.	-46.85839	-5.22	-90.28
4.491447	0.4	12.	-49.28	10.220374	-90.28
4.637431	0.4	12.	-58.74	8.955542	-90.28
4.900465	0.4	12.	-35.813445	19.9	-90.16
4.8453	0.4	12.	-42.42	30.739388	-90.16
4.82206	0.4	12.	-23.5	53.687369	-89.99
6.243237	0.4	12.	-41.185244	-39.47	-89.99
4.999949	0.4	12.	13.641026	83.5	-89.48
5.059692	0.4	12.	-11.177533	20.22	-88.74
4.576297	0.4	12.	2.038585	7.5	-89.14
4.950475	0.4	12.	-12.73	-6.2	-88.554813
4.589155	0.4	12.	5.125076	-44.36	-89.03
4.79175	0.4	12.	-20.88	15.33	-86.006215
4.513673	0.4	12.	-29.965593	60.67	-89.03
4.619579	0.4	12.	-12.73	8.81	-89.832302
5.580166	0.4	12.	-2.94	30.088999	-88.23
4.56683	0.4	12.	38.51	-63.395024	-87.83
5.428609	0.4	12.	14.68	-61.269656	-87.83
4.576725	0.4	12.	15.66	-41.056851	-87.83
4.673738	0.4	12.	-54.17	23.865056	-87.66
4.485974	0.4	12.	24.15	56.324023	-87.61
4.798215	0.4	12.	-22.52	-29.610152	-87.32
4.48934	0.4	12.	-1.31	20.016448	-87.32
4.586432	0.4	12.	14.328276	47.95	-87.21
4.613801	0.4	12.	7.152622	54.8	-87.21
5.160798	0.4	12.	14.926515	62.95	-87.15
5.552539	0.4	12.	64.61	20.22	-91.474135
4.483087	0.4	12.	14.68	-29.21219	-86.64
6.015278	0.4	12.	15.34	-18.27	-89.093214
5.405187	0.4	12.	-9.46	-57.41	-90.452731
5.980853	0.4	12.	-2.61	76.65	-90.970596
4.63314	0.4	12.	-5.658405	50.88	-86.64
6.198014	0.4	12.	66.1875	58.38	-86.64
5.990033	0.4	12.	55.15	63.666144	-86.64
5.587388	0.4	12.	74.497336	22.83	-86.13
5.724299	0.4	12.	84.150411	16.31	-86.13
4.931099	0.4	12.	50.58	34.9	-83.016043
4.732166	0.4	12.	8.16	-52.695798	-86.13
5.660884	0.4	12.	31.98	-54.8	-89.441277
4.601322	0.4	12.	-36.87	54.847678	-85.73
4.702518	0.4	12.	-33.94	69.390366	-85.73
5.378498	0.4	12.	43.73	62.446725	-85.39
6.264129	0.4	12.	-40.79	-52.521008	-85.05
4.902852	0.4	12.	-51.56	-45.588401	-85.05
4.640798	0.4	12.	57.76	26.070679	-83.63
4.675275	0.4	12.	31.98	33.27	-81.638195
5.323535	0.4	12.	-33.979697	30.99	-83.57
4.586676	0.4	12.	-50.25	31.803415	-83.57
6.212586	0.4	12.	-5.87	-48.516773	-83.
5.993593	0.4	12.	23.82	-53.49	-81.059578
4.768459	0.4	12.	-46.342543	-30.33	-82.09
4.624035	0.4	12.	-56.13	-31.64	-80.064548
4.955126	0.4	12.	-67.182922	-9.13	-82.09
4.786516	0.4	12.	-43.08	38.109295	-81.86
4.90196	0.4	12.	-53.948796	-3.59	-81.86
5.20455	0.4	12.	-68.2	-23.694703	-81.86
4.997591	0.4	12.	-60.7	-16.63	-79.645869
5.071905	0.4	12.	-63.96	2.051114	-81.64
4.970592	0.4	12.	-62.	20.55	-77.226669
4.61711	0.4	12.	-60.492004	30.33	-81.52
4.959944	0.4	12.	-10.12	59.04	-82.585746
4.677966	0.4	12.	40.227068	37.84	-81.35
4.759046	0.4	12.	14.68	-9.390661	-81.18
5.477061	0.4	12.	32.913949	73.06	-80.73
4.671714	0.4	12.	-47.32	-1.63	-75.071699
4.769194	0.4	12.	-59.218843	10.76	-79.53
4.992556	0.4	12.	-8.487032	-12.07	-79.53
5.081986	0.4	12.	-15.34	-19.57	-76.172177
4.849141	0.4	12.	-44.38	-42.08	-79.393545
5.606128	0.4	12.	47.569318	24.14	-79.31
4.860582	0.4	12.	23.82	26.20204	-79.31
4.568164	0.4	12.	13.695	81.54	-79.31
4.707924	0.4	12.	4.24	-46.851938	-78.96
4.651509	0.4	12.	-5.348334	7.5	-78.96
5.051375	0.4	12.	-21.020275	-6.2	-78.96
4.670082	0.4	12.	-18.93	6.52	-79.639808
4.607356	0.4	12.	-28.974666	-18.92	-78.96
4.616006	0.4	12.	-16.135251	51.86	-78.45
4.794669	0.4	12.	2.785556	62.95	-78.45
4.554364	0.4	12.	24.137422	15.98	-78.45
4.614989	0.4	12.	-28.11254	4.24	-78.45
4.709931	0.4	12.	-41.44	23.843979	-78.17
5.448375	0.4	12.	70.017621	38.49	-78.17
4.49612	0.4	12.	-0.155306	33.6	-78.17
5.264029	0.4	12.	-10.77	31.729865	-78.17
5.483481	0.4	12.	7.622254	-60.99	-77.83
4.818982	0.4	12.	14.03	-41.1	-75.796525
4.861512	0.4	12.	20.23	57.08	-78.506104
5.696024	0.4	12.	21.54	46.32	-79.880168
5.406573	0.4	12.	10.134254	47.62	-77.03
5.477417	0.4	12.	66.57	16.31	-75.922513
4.784324	0.4	12.	-4.033195	22.83	-77.03
4.54228	0.4	12.	-22.84	-27.07	-74.956706
5.334633	0.4	12.	-31.65	-35.33865	-77.03
4.494123	0.4	12.	-13.38	-30.33	-73.610097
4.491922	0.4	12.	-50.91	22.83	-78.966272
4.480116	0.4	12.	-2.596292	77.96	-76.46
5.688609	0.4	12.	10.022326	71.43	-76.46
6.05583	0.4	12.	33.024343	61.65	-76.46
4.901905	0.4	12.	-10.955602	-55.78	-76.29
4.626283	0.4	12.	-20.56	-38.16	-77.046164
4.659141	0.4	12.	80.77741	17.29	-76.12
5.29038	0.4	12.	78.176579	28.38	-76.12
4.506775	0.4	12.	-35.979813	62.3	-75.72
4.613839	0.4	12.	-31.98	72.249229	-75.72
5.525567	0.4	12.	-8.81	-3.26	-73.46546
5.377065	0.4	12.	14.231101	-26.09	-75.61
5.574038	0.4	12.	48.045506	60.34	-75.16
5.602439	0.4	12.	70.16	49.34674	-75.16
5.520747	0.4	12.	-55.15	-48.877181	-74.7
4.616619	0.4	12.	18.27	65.89	-72.912716
4.690666	0.4	12.	-48.3	32.62	-72.673913
4.652115	0.4	12.	-33.29	27.895591	-72.82
4.594191	0.4	12.	16.32	-54.250225	-72.82
5.235067	0.4	12.	-35.9	-47.581772	-72.65
4.628687	0.4	12.	-49.673618	-29.36	-71.63
4.932805	0.4	12.	-73.352099	-23.81	-71.63
4.819767	0.4	12.	-66.24	-11.081668	-71.63
4.625189	0.4	12.	-66.818708	0.33	-71.69
5.136325	0.4	12.	-56.552047	1.96	-71.35
5.295621	0.4	12.	58.09	32.332341	-71.23
4.849551	0.4	12.	57.76	21.85	-72.68023
4.542418	0.4	12.	40.365799	34.57	-71.23
5.165141	0.4	12.	-42.42	51.102607	-71.23
5.557067	0.4	12.	-7.18	61.534245	-71.23
4.684678	0.4	12.	32.31	39.904275	-71.18
4.847383	0.4	12.	-24.47	16.63	-75.615216
4.863128	0.4	12.	33.14556	-52.51	-70.61
4.753094	0.4	12.	-0.33	54.14	-73.768756
4.960379	0.4	12.	-11.168881	72.41	-69.02
4.753218	0.4	12.	43.4	70.78	-71.503455
4.532271	0.4	12.	50.58	41.1	-67.808772
4.62223	0.4	12.	-40.46	-8.81	-69.359166
4.608325	0.4	12.	-41.44	-26.023483	-68.5
4.742884	0.4	12.	-7.379792	-39.14	-68.5
4.970138	0.4	12.	-1.794271	-49.58	-68.5
4.666461	0.4	12.	-15.34	48.27	-66.555448
5.005377	0.4	12.	-23.549297	57.73	-68.28
4.548957	0.4	12.	-30.934398	5.87	-68.28
5.058578	0.4	12.	6.53	-67.19	-63.3433
5.567709	0.4	12.	16.450009	-63.6	-67.42
5.157536	0.4	12.	44.05	-65.56	-70.330048
5.69848	0.4	12.	-42.1	-36.906393	-67.42
5.133496	0.4	12.	-36.22	-60.037147	-67.42
5.319636	0.4	12.	49.28	27.424856	-67.42
4.607837	0.4	12.	0.662314	14.68	-66.8
4.584757	0.4	12.	-8.034414	17.94	-66.8
5.403426	0.4	12.	6.742426	50.88	-66.8
4.712708	0.4	12.	16.32	56.660339	-66.74
4.748404	0.4	12.	59.72	57.6067	-66.63
4.755575	0.4	12.	80.28	35.23	-64.782833
5.536644	0.4	12.	68.616757	37.51	-66.63
4.625967	0.4	12.	-24.8	-32.142291	-66.57
4.897504	0.4	12.	-13.05	29.901832	-66.51
4.507559	0.4	12.	-16.97	20.145557	-66.51
4.851796	0.4	12.	-48.3	-18.689101	-66.29
5.272678	0.4	12.	-50.123739	-8.48	-66.29
5.440666	0.4	12.	85.256098	26.09	-66.12
4.891854	0.4	12.	82.23	13.446387	-66.
5.077378	0.4	12.	0.990327	67.19	-65.83
4.558991	0.4	12.	-3.26	76.	-64.71192
5.638169	0.4	12.	7.51	76.32	-66.088029
5.001705	0.4	12.	26.074719	61.97	-65.66
4.704786	0.4	12.	28.72	50.42132	-65.66
5.173572	0.4	12.	12.720261	-38.49	-65.43
4.496208	0.4	12.	-2.94	-60.204539	-65.43
5.165025	0.4	12.	-18.27	-46.367654	-65.43
5.5717	0.4	12.	-27.857531	-53.17	-65.43
5.501784	0.4	12.	71.14	16.96	-63.592667
4.991822	0.4	12.	35.24	79.91	-70.06773
5.900329	0.4	12.	-34.983492	60.34	-65.21
4.539481	0.4	12.	-28.083765	69.47	-65.21
5.146837	0.4	12.	-59.39	23.81	-66.756702
4.861423	0.4	12.	-57.664601	10.44	-65.04
4.749359	0.4	12.	-15.66	-33.763021	-64.98
4.84365	0.4	12.	-45.36	30.054464	-63.27
5.347467	0.4	12.	36.22	59.39857	-63.27
5.290592	0.4	12.	67.22	50.812984	-63.16
4.700469	0.4	12.	-23.17	27.07	-66.50036
5.435019	0.4	12.	-34.581259	28.05	-62.59
4.899073	0.4	12.	-52.86	-52.920197	-62.59
5.703239	0.4	12.	-62.	-42.73	-56.928857
5.477906	0.4	12.	47.32	61.32	-63.523867
4.543701	0.4	12.	18.919133	48.93	-61.8
4.745807	0.4	12.	11.660678	63.6	-61.8
4.870281	0.4	12.	20.88	68.5	-57.717721
4.825619	0.4	12.	-52.060385	-29.68	-61.4
5.826643	0.4	12.	-16.64	-65.399973	-61.34
5.046557	0.4	12.	-67.55	5.629051	-61.34
4.748817	0.4	12.	-61.35	-2.229408	-61.34
4.967231	0.4	12.	-71.79	-25.44	-57.577986
4.52774	0.4	12.	56.406112	22.18	-60.94
4.883272	0.4	12.	35.828132	39.79	-60.2
4.492432	0.4	12.	-2.94	51.54	-62.686138
5.519877	0.4	12.	45.658515	73.39	-58.78
5.421143	0.4	12.	31.65	70.45	-61.554762
4.911519	0.4	12.	28.06	17.29	-62.594219
4.719223	0.4	12.	26.642857	8.15	-58.78
4.689535	0.4	12.	61.963153	1.96	-58.78
4.717404	0.4	12.	8.48	22.51	-61.222228
5.179701	0.4	12.	-16.32	37.51	-58.747906
4.573967	0.4	12.	-10.77	70.13	-55.991427
4.482896	0.4	12.	-34.26	46.64	-55.046763
5.328794	0.4	12.	-49.6	-0.0799	-58.78
5.259319	0.4	12.	-48.62	17.29	-62.892825
5.141291	0.4	12.	13.38	-56.379911	-58.38
4.956771	0.4	12.	-8.16	-47.29	-53.628702
5.357519	0.4	12.	-27.040645	-40.12	-58.21
5.076409	0.4	12.	-41.77	-46.048865	-58.21
4.873521	0.4	12.	17.95	-66.678717	-56.79
5.102065	0.4	12.	30.67	-52.84	-58.598129
5.118478	0.4	12.	42.1	-67.83667	-56.79
6.242862	0.4	12.	-3.697639	-66.87	-56.79
5.288829	0.4	12.	49.575494	29.68	-56.79
4.502217	0.4	12.	7.750475	49.25	-56.79
4.757263	0.4	12.	-11.1	48.684417	-56.79
4.649564	0.4	12.	66.287954	23.16	-56.79
4.5111	0.4	12.	-10.77	12.673599	-56.
4.698281	0.4	12.	-18.93	3.59	-55.188257
4.493228	0.4	12.	-14.36	23.448191	-56.
4.954742	0.4	12.	-2.94	20.55	-58.829687
6.045005	0.4	12.	71.79	41.050409	-55.94
6.641144	0.4	12.	88.159309	17.61	-55.94
4.601956	0.4	12.	60.04	55.879099	-55.94
5.151944	0.4	12.	-28.72	16.96	-52.649611
4.682209	0.4	12.	-28.72	-0.262065	-55.94
4.548391	0.4	12.	39.722992	8.15	-55.54
4.892467	0.4	12.	37.85	19.418075	-55.49
4.945313	0.4	12.	-5.87	61.59584	-55.49
5.182605	0.4	12.	27.09	60.34	-55.018904
4.600567	0.4	12.	27.41	38.497494	-55.26
4.933437	0.4	12.	-1.349988	-4.89	-55.26
4.870229	0.4	12.	0.33	9.13	-53.16054
5.640781	0.4	12.	-28.39	-25.44	-57.086103
5.047995	0.4	12.	-56.950239	-18.59	-55.26
4.870513	0.4	12.	-25.45	-52.257496	-55.2
4.527251	0.4	12.	-18.64156	-44.69	-55.2
6.473401	0.4	12.	1.709862	-54.47	-55.2
5.452867	0.4	12.	-37.2	-37.51	-53.243376
4.884814	0.4	12.	-53.938783	25.77	-55.2
4.803435	0.4	12.	-62.65	22.83	-51.962723
4.526029	0.4	12.	-29.407239	54.8	-55.2
4.691762	0.4	12.	-23.5	62.95	-53.196217
5.680184	0.4	12.	10.12	77.976727	-55.2
5.099733	0.4	12.	4.750205	66.54	-55.2
4.704591	0.4	12.	-17.838994	-34.9	-52.81
4.497323	0.4	12.	-44.71	34.9	-48.631355
4.971408	0.4	12.	36.544465	56.43	-52.64
5.171242	0.4	12.	73.75	28.653291	-52.64
5.020217	0.4	12.	46.01	38.16	-52.030461
4.639836	0.4	12.	-55.8	-40.77	-48.885155
5.204429	0.4	12.	-53.19	-50.691823	-51.73
4.690689	0.4	12.	-35.57	36.777744	-51.73
5.340569	0.4	12.	-35.999835	26.42	-51.73
5.011646	0.4	12.	-24.47	26.42	-55.366426
4.651058	0.4	12.	-65.479651	6.52	-51.73
4.727336	0.4	12.	-15.99	-61.28489	-50.71
4.52963	0.4	12.	-60.149069	-28.38	-50.71
6.132574	0.4	12.	-68.2	-21.2	-44.811643
5.733116	0.4	12.	-69.955191	-3.26	-50.71
6.197119	0.4	12.	22.422213	50.23	-50.71
4.67134	0.4	12.	15.112911	60.02	-50.71
5.698967	0.4	12.	74.73	17.045623	-50.71
4.517683	0.4	12.	-11.1	-16.31	-52.167574
5.562727	0.4	12.	-23.519524	-16.63	-49.46
4.863855	0.4	12.	47.410109	58.38	-49.46
4.818923	0.4	12.	-39.534247	52.84	-49.46
5.527108	0.4	12.	86.8	-7.203923	-49.46
5.819917	0.4	12.	87.982788	6.2	-49.46
5.218176	0.4	12.	17.62	38.249851	-49.46
4.542876	0.4	12.	5.73777	33.27	-48.61
5.027007	0.4	12.	41.44	68.865417	-48.66
4.543886	0.4	12.	-20.797877	37.18	-48.61
4.948863	0.4	12.	1.871253	47.95	-48.61
5.197848	0.4	12.	-55.15	7.83	-50.676043
4.819176	0.4	12.	-41.44	3.371789	-48.61
4.701324	0.4	12.	-37.53	13.185466	-48.61
4.78218	0.4	12.	-45.36	21.566075	-48.61
5.775522	0.4	12.	15.34	-39.79	-50.541051
4.675831	0.4	12.	-42.1	-55.686236	-48.1
5.51045	0.4	12.	-26.43	-64.93099	-48.1
4.871623	0.4	12.	17.62	-54.431824	-48.1
5.429849	0.4	12.	32.31	-46.32	-49.891597
4.841295	0.4	12.	34.59	-36.297855	-46.22
5.908495	0.4	12.	53.84	-59.814445	-46.22
5.345814	0.4	12.	10.77	-64.536464	-46.22
5.015598	0.4	12.	-9.46	-46.32	-41.640255
5.46212	0.4	12.	61.63933	21.2	-46.45
4.483146	0.4	12.	43.672111	49.58	-45.99
5.733749	0.4	12.	33.61	44.22563	-45.93
5.424511	0.4	12.	-11.42	12.801084	-45.93
4.798892	0.4	12.	-7.481772	1.96	-45.93
4.544279	0.4	12.	-25.45	10.345401	-45.93
4.795546	0.4	12.	-19.802263	19.9	-45.93
4.81751	0.4	12.	-8.16	23.394061	-45.93
4.773896	0.4	12.	56.45	51.563296	-45.93
4.727103	0.4	12.	-30.35	-10.76	-41.232269
4.886042	0.4	12.	-38.51	-15.899693	-45.99
4.809691	0.4	12.	-49.374588	-3.26	-45.93
4.724597	0.4	12.	25.13	-23.330672	-45.76
5.331004	0.4	12.	25.78	-9.46	-46.646476
5.011328	0.4	12.	65.746074	41.1	-45.76
4.787309	0.4	12.	-27.74	45.66	-46.551073
4.904887	0.4	12.	-15.01	46.64	-45.085396
4.859371	0.4	12.	12.497279	48.27	-45.76
5.203401	0.4	12.	54.389076	12.07	-45.76
4.597262	0.4	12.	54.194331	28.38	-45.76
5.085318	0.4	12.	5.55	-49.238983	-45.59
4.964505	0.4	12.	32.96	13.05	-49.065868
4.891065	0.4	12.	-3.59	62.181454	-44.51
4.648115	0.4	12.	-19.25	60.915263	-44.51
5.507209	0.4	12.	-21.337528	-43.38	-44.91
4.738045	0.4	12.	-31.871453	-43.38	-44.91
4.630745	0.4	12.	-36.457637	-30.99	-44.34
5.020312	0.4	12.	-58.09	18.27	-44.138417
4.59045	0.4	12.	29.950535	-57.08	-44.29
6.330555	0.4	12.	-4.57	-57.723857	-44.34
4.565727	0.4	12.	25.78	33.456987	-43.89
4.862705	0.4	12.	3.59	19.109701	-43.89
5.229002	0.4	12.	63.63	7.216584	-43.89
5.17281	0.4	12.	6.53	-30.33	-46.184431
4.820004	0.4	12.	79.542407	-11.09	-41.1
5.317877	0.4	12.	56.13	-10.76	-41.693161
4.585304	0.4	12.	35.9	-10.11	-42.219365
6.32989	0.4	12.	46.34	-8.81	-35.205354
5.485963	0.4	12.	-40.414527	29.03	-41.1
4.612303	0.4	12.	-41.12	42.614606	-41.1
5.569216	0.4	12.	-23.891221	28.7	-41.1
4.975222	0.4	12.	-30.484151	19.57	-41.1
5.694386	0.4	12.	-51.229839	-15.	-41.05
5.023068	0.4	12.	-15.34	-34.9	-38.865931
6.013624	0.4	12.	-1.63	-37.23716	-40.31
4.590705	0.4	12.	-48.573191	-31.64	-40.19
4.816337	0.4	12.	-64.643082	2.61	-40.19
5.665294	0.4	12.	16.042266	64.26	-40.19
4.755168	0.4	12.	79.3	20.87	-39.772627
4.57713	0.4	12.	75.06	33.916854	-40.19
5.769123	0.4	12.	75.11188	3.59	-40.19
5.44356	0.4	12.	64.94	30.99	-39.926771
6.3161	0.4	12.	30.02	63.6	-35.352258
4.574963	0.4	12.	53.19	37.327603	-38.94
4.692622	0.4	12.	85.82	-1.7689	-38.94
4.552567	0.4	12.	64.61	-4.24	-41.32948
4.538369	0.4	12.	15.34	36.53	-37.640419
5.634858	0.4	12.	-38.83	13.327423	-38.32
4.816914	0.4	12.	-48.3	18.749039	-38.32
4.629444	0.4	12.	-5.55	43.631613	-38.32
4.627404	0.4	12.	6.53	27.75614	-38.32
5.950225	0.4	12.	0.33	1.3	-36.44079
5.342141	0.4	12.	-24.8	-68.401747	-37.46
6.220124	0.4	12.	-44.38	-56.724668	-37.46
4.842271	0.4	12.	19.91	-47.906906	-37.46
5.63581	0.4	12.	66.9	-41.1	-39.846101
4.606924	0.4	12.	28.224615	-17.61	-37.58
5.870857	0.4	12.	46.688614	28.38	-37.52
4.49917	0.4	12.	-12.07	-6.85	-36.304498
4.745833	0.4	12.	-13.063475	18.59	-35.19
4.630816	0.4	12.	-26.76	41.297683	-35.19
4.835775	0.4	12.	-53.305609	1.96	-35.13
5.271908	0.4	12.	-22.614481	14.03	-35.13
4.532326	0.4	12.	66.57	17.308277	-35.13
5.175687	0.4	12.	45.69	4.89	-31.823277
4.948534	0.4	12.	25.45	-36.918871	-35.13
4.614436	0.4	12.	-17.95	-51.86	-31.530767
4.917992	0.4	12.	0.65	-59.923669	-33.54
5.169083	0.4	12.	-15.66	49.25	-34.104737
4.502208	0.4	12.	6.2	52.19	-30.23051
7.207216	0.4	12.	4.57	38.49	-33.145529
4.567342	0.4	12.	-15.66	60.035291	-33.54
5.604252	0.4	12.	43.73	40.367924	-33.54
4.735616	0.4	12.	59.07	12.002329	-33.54
5.76451	0.4	12.	26.837211	39.79	-33.54
5.358969	0.4	12.	-7.83	34.233376	-33.54
4.577816	0.4	12.	-30.02	-35.55	-35.517316
5.304716	0.4	12.	46.66	-47.592995	-31.84
5.250597	0.4	12.	10.922126	-33.6	-31.84
5.743705	0.4	12.	-9.46	-65.354858	-31.84
4.54923	0.4	12.	-37.120499	-44.03	-31.78
6.461634	0.4	12.	-52.54	-44.69	-35.982822
5.797732	0.4	12.	-55.48	-31.929993	-31.78
4.819626	0.4	12.	-43.389629	-11.09	-31.15
4.753835	0.4	12.	-36.77446	-1.96	-31.15
5.545153	0.4	12.	37.706295	19.57	-31.15
4.996486	0.4	12.	52.86	9.79	-26.197038
4.853392	0.4	12.	50.214233	17.94	-31.15
4.615999	0.4	12.	2.61	-42.681086	-30.24
5.570924	0.4	12.	-7.18	-45.941005	-30.24
5.455842	0.4	12.	70.222304	-11.42	-30.24
4.749298	0.4	12.	83.283521	-15.66	-30.19
4.526947	0.4	12.	-25.822227	21.85	-30.07
5.786667	0.4	12.	-36.22	24.412941	-30.07
4.903893	0.4	12.	-54.17	-8.706196	-30.07
5.145572	0.4	12.	-52.21	-19.627528	-30.07
5.840404	0.4	12.	-62.33	1.3	-27.914145
6.305287	0.4	12.	66.9	35.88	-26.158438
4.675736	0.4	12.	73.75	27.07	-27.661591
6.478001	0.4	12.	42.75	-58.38	-24.461179
4.622683	0.4	12.	34.26	-11.09	-32.846987
6.126434	0.4	12.	16.97	-58.593938	-30.02
4.611597	0.4	12.	11.75	-44.649548	-30.02
5.512496	0.4	12.	-2.61	-30.484074	-30.02
4.503109	0.4	12.	-28.72	8.81	-28.872934
4.534469	0.4	12.	-20.88	-30.33	-32.424695
5.022691	0.4	12.	37.53	-19.9	-29.22487
6.374986	0.4	12.	36.87	-41.361184	-29.39
4.560663	0.4	12.	67.22	10.44	-27.460248
5.250921	0.4	12.	68.86	0.890606	-29.05
4.933396	0.4	12.	31.65	34.57	-25.510998
5.417787	0.4	12.	0.146648	13.05	-28.6
5.491072	0.4	12.	-18.27	29.430987	-28.6
5.42688	0.4	12.	-15.99	-20.22	-31.533523
4.615555	0.4	12.	-7.98708	5.87	-28.42
5.05073	0.4	12.	15.935812	-13.05	-28.31
5.325642	0.4	12.	17.95	-2.001798	-28.31
4.916208	0.4	12.	36.221173	1.63	-28.2
5.353827	0.4	12.	-20.56	2.61	-29.509052
5.868036	0.4	12.	54.82	36.53	-22.975805
5.097334	0.4	12.	31.33	-28.05	-28.211348
4.769636	0.4	12.	27.090718	-18.92	-26.83
5.104685	0.4	12.	16.97	-22.83	-24.406999
5.916297	0.4	12.	-24.296437	-61.32	-26.83
6.507662	0.4	12.	-67.384793	-29.68	-26.83
6.047976	0.4	12.	-68.85	-44.628261	-26.78
6.144392	0.4	12.	-82.223724	-31.64	-26.78
6.262909	0.4	12.	-21.86	-9.46	-28.336734
4.522441	0.4	12.	5.55	0.98	-23.293763
4.971063	0.4	12.	63.96	-41.863562	-25.53
5.8006	0.4	12.	19.91	-46.97	-22.997757
4.630735	0.4	12.	-12.306095	-3.91	-25.13
5.778393	0.4	12.	62.98	22.51	-26.472114
5.016584	0.4	12.	-25.78	39.861019	-25.07
6.345337	0.4	12.	-6.53	-53.17	-19.950136
4.489359	0.4	12.	21.86	32.62	-25.869337
4.564243	0.4	12.	-2.94	35.23	-24.031159
4.55608	0.4	12.	18.317263	42.08	-23.54
4.770639	0.4	12.	-20.686034	13.05	-23.14
4.631012	0.4	12.	44.627052	29.03	-23.14
4.547981	0.4	12.	-34.92	-21.53	-25.341999
4.48141	0.4	12.	-16.251813	-48.27	-23.14
4.688877	0.4	12.	-18.523927	-33.92	-23.14
4.588707	0.4	12.	47.143745	-42.73	-21.83
5.637712	0.4	12.	4.880046	-29.03	-21.49
4.981176	0.4	12.	45.171291	-9.46	-21.38
4.721196	0.4	12.	-42.75	-2.037438	-21.09
4.677135	0.4	12.	55.48	14.35	-17.359654
4.698347	0.4	12.	-4.502093	-36.53	-19.9
5.412759	0.4	12.	8.16	-44.102821	-19.9
6.187818	0.4	12.	-66.57	11.633322	-20.81
5.864168	0.4	12.	-59.72	1.63	-14.7432
5.596734	0.4	12.	0.	49.9	-15.44711
5.307294	0.4	12.	-19.802246	49.25	-19.78
4.762497	0.4	12.	-26.76	25.532856	-19.73
4.732264	0.4	12.	47.076614	19.9	-19.73
7.505844	0.4	12.	78.64	-36.469138	-19.5
4.977394	0.4	12.	27.32896	-10.11	-19.5
5.916505	0.4	12.	-0.268491	23.81	-19.5
5.434626	0.4	12.	49.595257	-21.53	-19.39
4.947666	0.4	12.	41.44	-33.166234	-19.33
5.091218	0.4	12.	31.	-36.21	-19.688807
6.888996	0.4	12.	74.08	-5.691583	-19.33
6.935057	0.4	12.	64.61	4.89	-16.282233
5.198021	0.4	12.	-38.51	16.906883	-18.42
5.227377	0.4	12.	12.4	-16.363195	-17.68
5.443218	0.4	12.	38.145575	6.85	-17.68
5.070514	0.4	12.	25.820408	4.57	-17.68
6.155746	0.4	12.	57.824298	-35.55	-17.68
6.215203	0.4	12.	16.941697	-3.59	-16.88
6.502856	0.4	12.	-23.17	-26.75	-10.785746
5.381064	0.4	12.	-23.815075	-13.7	-16.32
5.717618	0.4	12.	26.559867	-23.81	-16.26
4.779636	0.4	12.	-0.33	-2.382132	-16.26
5.821561	0.4	12.	10.970402	7.18	-16.26
5.756033	0.4	12.	36.583944	-4.24	-16.26
4.566177	0.4	12.	-18.6	6.52761	-16.26
4.696779	0.4	12.	-8.48	7.360502	-16.26
6.819421	0.4	12.	16.97	-46.32	-8.808727
5.063055	0.4	12.	-13.758245	-3.91	-14.78
4.595631	0.4	12.	23.075415	34.25	-13.19
6.67196	0.4	12.	12.4	41.42	-10.430117
4.753805	0.4	12.	-6.253468	-21.2	-12.17
4.987304	0.4	12.	-14.36	14.430541	-11.2
4.910096	0.4	12.	39.16	26.42	-13.093445
4.609442	0.4	12.	44.226593	-12.39	-11.2
6.341412	0.4	12.	45.40472	-44.03	-10.46
5.852736	0.4	12.	-29.911778	-4.24	-10.46
4.723613	0.4	12.	4.89	-28.408789	-10.4
4.603098	0.4	12.	-43.624484	28.7	-9.84
4.634323	0.4	12.	8.16	16.31	-7.012476
5.07812	0.4	12.	-7.83	-33.564168	-9.84
5.133195	0.4	12.	0.	-45.683018	-9.84
6.6423	0.4	12.	-19.91	25.530152	-9.38
5.723023	0.4	12.	22.309734	-12.07	-9.21
5.7844	0.4	12.	37.85	-32.858511	-9.1
5.91287	0.4	12.	19.802371	-31.64	-9.1
4.962688	0.4	12.	11.913755	-1.63	-6.71
4.88194	0.4	12.	28.72	0.65	-6.76506
6.612602	0.4	12.	51.89	-35.55	-2.920505
6.001458	0.4	12.	-4.62297	-9.46	-6.31
4.640276	0.4	12.	-19.850045	-12.07	-6.25
5.810135	0.4	12.	-4.770036	11.74	-6.08
4.797279	0.4	12.	-21.866	8.81	-6.08
5.262136	0.4	12.	0.	0.33	-1.06478
5.664929	0.4	12.	9.46	-12.39	-3.133787
4.667067	0.4	12.	46.34	-16.329638	-0.85
5.60406	0.4	12.	-74.725898	18.59	-57.25
4.999324	0.4	12.	-77.01	6.838443	-57.25
4.564745	0.4	12.	-69.18	31.591635	-57.25
5.392256	0.4	12.	-62.33	44.90191	-57.25
6.523388	0.4	12.	-38.83	76.	-50.910838
5.068935	0.4	12.	-14.36	79.59	-52.582086
4.813649	0.4	12.	20.88	84.15	-53.95834
4.587879	0.4	12.	23.82	79.26	-61.635771
5.216523	0.4	12.	60.37	31.64	-56.009451
5.276541	0.4	12.	58.09	45.213987	-58.84
4.908244	0.4	12.	40.792271	48.6	-58.84
4.796271	0.4	12.	-63.043747	-11.42	-58.84
4.812874	0.4	12.	-75.06	-12.884255	-58.84
4.807035	0.4	12.	20.475513	-11.42	-58.84
5.043469	0.4	12.	-1.639387	-22.83	-0.23
5.927421	0.4	12.	28.822202	-22.18	-2.44
6.407421	0.4	12.	28.72	14.68	-0.458681
5.205685	0.4	12.	42.950664	5.87	-6.42
5.912662	0.4	12.	-50.91	20.573002	-14.38
5.069429	0.4	12.	-32.51077	34.25	-14.72
4.872815	0.4	12.	-19.58	40.45	-12.53735
6.073762	0.4	12.	28.06	22.8863	-15.35
4.652676	0.4	12.	50.169551	5.87	-16.2
5.721212	0.4	12.	62.98	-12.39	-13.851216
4.792211	0.4	12.	68.131926	-24.79	-16.37
5.245916	0.4	12.	-30.35	-34.326655	-17.62
7.094842	0.4	12.	-34.92	-47.112883	-17.45
4.944437	0.4	12.	-48.671667	-29.36	-17.85
5.616988	0.4	12.	-63.896178	-21.53	-18.31
5.331286	0.4	12.	-55.15	-11.74	-15.929681
4.759251	0.4	12.	-44.731307	-16.96	-18.76
5.453057	0.4	12.	-56.868922	-42.08	-18.53
5.231337	0.4	12.	-46.826454	-50.88	-18.53
5.377662	0.4	12.	-69.83	-9.79	-14.284915
4.688045	0.4	12.	18.93	-34.57	-25.451422
4.514646	0.4	12.	54.196894	-40.45	-29.39
5.453138	0.4	12.	-24.15	56.888644	-29.05
7.301607	0.4	12.	-65.59	-14.066036	-30.87
5.50182	0.4	12.	22.52	52.84	-37.107849
4.830852	0.4	12.	32.96	52.364711	-32.58
7.826153	0.4	12.	48.3	55.848736	-33.2
5.341246	0.4	12.	5.55	72.391326	-33.37
6.162745	0.4	12.	-3.26	61.65	-28.287497
7.932717	0.4	12.	-40.79	58.766894	-33.37
5.861104	0.4	12.	-61.35	12.39	-34.74471
4.744485	0.4	12.	56.78	26.42	-34.861748
5.087605	0.4	12.	23.5	-8.48	-34.459209
4.608892	0.4	12.	4.24	-24.597509	-37.35
5.114396	0.4	12.	-33.023165	-58.38	-38.32
7.696763	0.4	12.	-76.789589	10.44	-40.08
4.736781	0.4	12.	-64.156643	28.38	-40.08
4.602543	0.4	12.	-48.95	39.14	-36.260775
4.749539	0.4	12.	-29.04	50.23	-38.234046
5.162047	0.4	12.	-7.18	68.17	-36.945195
5.99641	0.4	12.	68.53	-15.942532	-41.39
4.653734	0.4	12.	54.5	1.548772	-42.07
4.633791	0.4	12.	42.086698	19.57	-42.18
4.736041	0.4	12.	59.72	45.66	-38.033239
5.027519	0.4	12.	38.51	34.766847	-42.41
5.127286	0.4	12.	15.66	-10.11	-43.164465
4.513701	0.4	12.	39.16	-48.790728	-43.04
4.829827	0.4	12.	-41.77	-40.997734	-43.66
5.356183	0.4	12.	50.672044	-23.48	-44.
5.069243	0.4	12.	7.18	71.120358	-44.23
5.021557	0.4	12.	5.632684	58.38	-44.4
5.862604	0.4	12.	29.7	72.08	-47.179329
5.922847	0.4	12.	-14.68	71.713802	-44.51
5.00377	0.4	12.	-31.98	62.946014	-44.51
4.888407	0.4	12.	-62.83119	39.14	-44.63
5.501753	0.4	12.	-61.781773	-11.09	-44.29
4.660611	0.4	12.	34.343946	-25.44	-45.59
4.526619	0.4	12.	58.985323	-35.88	-49.46
4.903817	0.4	12.	-0.809439	76.32	-50.31
5.06842	0.4	12.	3.161088	-39.14	-50.54
4.676695	0.4	12.	-48.367954	-35.23	-50.77
5.278299	0.4	12.	-48.3	-23.197842	-50.77
4.753189	0.4	12.	-66.832692	-34.9	-51.45
4.797635	0.4	12.	66.24	-19.9	-53.228268
5.227432	0.4	12.	75.768755	-17.29	-51.45
4.569609	0.4	12.	70.76852	-8.48	-51.45
5.092434	0.4	12.	74.4	0.518671	-51.45
6.063521	0.4	12.	41.883493	-11.42	-51.45
5.627473	0.4	12.	17.421646	-27.72	-51.45
5.801449	0.4	12.	-7.417693	-36.53	-52.25
4.639875	0.4	12.	46.66	0.16717	-52.25
4.861501	0.4	12.	47.97	20.496382	-52.25
5.359436	0.4	12.	8.48	-31.31	-57.969181
5.718249	0.4	12.	37.53	30.33	-54.373051
4.86048	0.4	12.	48.3	-39.281853	-54.97
4.776502	0.4	12.	47.80561	-27.72	-54.97
5.067007	0.4	12.	57.214101	13.05	-55.83
4.559127	0.4	12.	26.984851	-17.61	-56.17
6.541726	0.4	12.	42.75	-51.458968	-56.57
4.516649	0.4	12.	24.198861	-42.08	-59.64
4.491595	0.4	12.	33.94	-26.775915	-59.64
4.480576	0.4	12.	37.502836	-17.61	-59.64
5.186922	0.4	12.	57.76	-29.69418	-59.64
4.57848	0.4	12.	37.85	-41.1	-61.955534
4.4892	0.4	12.	-4.504472	-17.29	-61.97
4.595968	0.4	12.	11.42	-15.	-62.41677
4.909808	0.4	12.	19.58	-28.7	-63.724763
5.742169	0.4	12.	1.63	-41.034617	-62.71
5.076858	0.4	12.	74.08	4.89	-61.994683
4.865226	0.4	12.	41.77	-7.996135	-63.05
5.242847	0.4	12.	48.297059	-19.24	-63.05
4.826445	0.4	12.	74.08	-11.09	-67.140153
5.21221	0.4	12.	73.574062	-24.46	-63.27
5.172236	0.4	12.	54.17	-4.6234	-64.24
4.851168	0.4	12.	-46.01	40.12	-61.027191
4.628308	0.4	12.	-55.478098	42.4	-65.21
5.411497	0.4	12.	-49.28	62.897239	-65.21
4.575946	0.4	12.	-52.21	52.19	-64.517479
5.46364	0.4	12.	-82.730469	-4.57	-65.21
4.800576	0.4	12.	-81.91	-15.206138	-65.21
5.28964	0.4	12.	-64.29	-33.92	-63.250961
4.568377	0.4	12.	0.33	85.795219	-66.12
4.971732	0.4	12.	-10.52063	87.09	-66.34
5.25976	0.4	12.	48.146397	15.	-66.
4.78279	0.4	12.	42.1	5.54	-64.753123
4.607236	0.4	12.	43.08	-32.62	-65.701027
5.573261	0.4	12.	49.773157	-43.38	-66.
7.354358	0.4	12.	29.37	-64.250175	-66.
4.700145	0.4	12.	-27.09	79.91	-62.390495
5.330339	0.4	12.	-78.284428	4.89	-67.94
4.942619	0.4	12.	-79.3	20.526422	-67.94
5.469657	0.4	12.	-67.855707	14.03	-67.94
4.697779	0.4	12.	-66.24	30.76626	-68.56
5.558927	0.4	12.	-77.319656	34.57	-68.28
4.516451	0.4	12.	-67.55	40.45	-65.83709
5.024718	0.4	12.	-62.65	50.224423	-69.02
5.269065	0.4	12.	-36.87	76.65	-64.602267
5.186604	0.4	12.	5.87	-23.48	-67.454977
4.71076	0.4	12.	-31.98	18.445346	-68.73
4.510402	0.4	12.	-14.03	8.518606	-68.73
4.719877	0.4	12.	-27.802689	-43.05	-68.73
4.573779	0.4	12.	-52.173603	-38.81	-68.73
5.050696	0.4	12.	-58.802686	-20.22	-68.73
4.74197	0.4	12.	8.8506	-49.58	-68.79
5.02349	0.4	12.	10.12	-5.698019	-70.72
5.236779	0.4	12.	43.73	47.29	-73.581342
5.020724	0.4	12.	-47.814089	70.78	-73.51
5.150282	0.4	12.	58.41	47.784296	-73.51
5.569968	0.4	12.	25.107402	-27.4	-74.13
4.549067	0.4	12.	-19.767822	38.16	-74.53
4.848741	0.4	12.	9.14	91.33	-72.81463
5.127712	0.4	12.	-79.3	-7.5	-78.031401
6.427718	0.4	12.	-68.2	-38.675541	-75.5
4.64383	0.4	12.	-48.051579	58.38	-75.5
5.405376	0.4	12.	-50.25	44.36	-73.869148
5.659829	0.4	12.	-14.68	79.26	-76.508993
5.196243	0.4	12.	31.65	49.658403	-75.5
4.943675	0.4	12.	-30.321763	54.14	-75.5
5.544261	0.4	12.	6.498732	-14.68	-75.5
4.587183	0.4	12.	-3.92	-18.92	-71.197946
4.854378	0.4	12.	1.618242	-37.84	-75.5
5.032083	0.4	12.	-15.34	-46.292767	-75.5
5.03821	0.4	12.	36.22	-9.13	-75.736497
4.8178	0.4	12.	24.15	-42.4	-73.272135
5.166291	0.4	12.	36.55	-23.876293	-70.72
5.47227	0.4	12.	57.878483	-29.68	-70.66
5.05224	0.4	12.	61.02	4.57	-72.218011
4.614141	0.4	12.	50.778369	5.54	-70.66
4.631692	0.4	12.	52.54	13.7	-74.9394
4.938175	0.4	12.	19.58	-11.598031	-70.78
5.296989	0.4	12.	35.816236	13.37	-71.29
5.522972	0.4	12.	31.65	-35.23	-69.218172
5.867972	0.4	12.	39.81	-43.572145	-73.05
5.455713	0.4	12.	73.42	1.709625	-73.05
5.050711	0.4	12.	54.5	-17.311192	-73.05
4.728263	0.4	12.	44.71	-13.63809	-73.05
4.504766	0.4	12.	24.399437	75.67	-73.17
5.778053	0.4	12.	62.856658	-7.18	-73.68
5.016561	0.4	12.	47.669481	-32.62	-76.41
5.708526	0.4	12.	-6.85	89.047415	-77.2
4.603609	0.4	12.	-25.13	78.93	-73.589383
4.609986	0.4	12.	-13.38	17.94	-76.134146
5.241705	0.4	12.	-46.66	-13.169682	-77.15
4.634982	0.4	12.	-71.79	15.640628	-78.4
4.551644	0.4	12.	-80.28	9.46	-80.655972
4.594973	0.4	12.	36.87	24.982014	-78.4
4.487759	0.4	12.	21.793433	35.55	-78.85
5.007422	0.4	12.	-5.957917	42.08	-78.79
5.962556	0.4	12.	-71.47	28.191247	-78.74
6.999023	0.4	12.	-37.85	82.555852	-79.25
4.877025	0.4	12.	-60.04	42.872266	-79.25
4.710131	0.4	12.	-72.889884	39.47	-79.25
5.165913	0.4	12.	-68.53	49.197325	-79.25
4.496726	0.4	12.	-36.974243	-14.03	-79.53
4.947726	0.4	12.	3.92	-24.46	-81.665929
5.528504	0.4	12.	1.96	-2.236606	-79.53
5.557061	0.4	12.	-27.465994	-45.34	-80.33
6.053953	0.4	12.	50.912219	73.71	-80.39
5.000009	0.4	12.	-12.07	68.855512	-80.33
4.576512	0.4	12.	-55.48	52.868271	-81.52
4.989287	0.4	12.	-38.18	-23.81	-83.451295
5.738309	0.4	12.	42.42	14.03	-80.505792
5.117194	0.4	12.	59.39	11.006124	-81.75
4.957469	0.4	12.	49.93	-4.57	-78.635086
5.087587	0.4	12.	24.15	-5.87	-83.839085
5.553935	0.4	12.	25.45	-16.96	-81.418766
4.505027	0.4	12.	35.686075	-19.9	-82.15
4.875466	0.4	12.	59.72	39.915687	-82.21
4.65229	0.4	12.	-73.1	2.61	-78.364756
4.741841	0.4	12.	49.97775	7.18	-83.29
5.498859	0.4	12.	53.19	-22.052977	-83.29
5.166512	0.4	12.	45.69	-12.864668	-83.29
5.058948	0.4	12.	24.8	-42.547875	-83.29
4.981137	0.4	12.	43.763881	-38.81	-83.29
5.472573	0.4	12.	67.88	3.999317	-83.29
5.653591	0.4	12.	4.607432	94.92	-85.27
4.821478	0.4	12.	58.09	49.601394	-85.27
4.622008	0.4	12.	-78.048991	-16.31	-85.39
4.657054	0.4	12.	7.51	-36.081166	-85.39
4.716233	0.4	12.	10.479395	2.94	-85.73
4.667436	0.4	12.	4.24	-14.681528	-85.73
6.609956	0.4	12.	-82.89	-6.85	-89.484103
4.893296	0.4	12.	-16.97	82.85	-86.211798
4.581218	0.4	12.	-50.91	62.963921	-85.73
4.992163	0.4	12.	66.9	29.68	-82.985434
4.528451	0.4	12.	3.581469	45.34	-86.41
4.667835	0.4	12.	12.73	73.051717	-86.41
4.706966	0.4	12.	23.5	69.15	-90.244378
4.628607	0.4	12.	-14.03	-27.4	-82.338196
5.358435	0.4	12.	-3.26	-34.9	-84.016918
4.6714	0.4	12.	25.78	-30.726989	-86.98
5.125944	0.4	12.	38.83	-28.05	-87.336221
4.506481	0.4	12.	-5.55	-22.18	-83.882079
5.391901	0.4	12.	-10.12	89.04	-90.924243
5.824432	0.4	12.	-26.43	76.98	-87.335647
4.918316	0.4	12.	-25.78	88.65841	-87.83
4.527432	0.4	12.	-49.6	40.959536	-88.12
5.156844	0.4	12.	-79.822939	16.96	-88.34
4.928325	0.4	12.	-51.050881	72.74	-88.57
4.837203	0.4	12.	-70.662439	39.79	-89.99
6.576515	0.4	12.	-69.583751	54.8	-90.16
4.703883	0.4	12.	-41.24354	78.28	-90.11
4.565523	0.4	12.	2.28	87.74	-92.864841
5.298263	0.4	12.	-26.11	-9.79	-91.76488
4.48497	0.4	12.	-29.37	-0.33	-93.320179
4.731989	0.4	12.	-72.830268	25.44	-90.05
4.916274	0.4	12.	-69.18	12.39	-90.178498
4.606836	0.4	12.	21.858339	30.33	-90.28
5.195392	0.4	12.	19.25	17.152781	-90.28
4.616761	0.4	12.	19.25	39.220375	-90.28
4.553016	0.4	12.	-4.263221	42.08	-90.28
4.562449	0.4	12.	-32.96	47.529785	-90.28
4.692237	0.4	12.	-37.2	-13.086918	-90.28
4.674868	0.4	12.	2.61	-21.85	-91.983023
5.213907	0.4	12.	-23.17	-46.597748	-91.19
5.440496	0.4	12.	46.01	72.08	-90.74866
4.972454	0.4	12.	35.24	68.230357	-92.21
4.762877	0.4	12.	-56.45	46.32	-92.148103
4.495959	0.4	12.	-62.239856	35.88	-92.15
4.658385	0.4	12.	-62.33	21.948892	-92.15
4.977837	0.4	12.	38.18	20.87	-89.981621
4.808526	0.4	12.	45.69	13.88981	-92.78
4.50747	0.4	12.	46.66	-5.87	-93.802392
4.74236	0.4	12.	28.354603	-6.85	-92.78
4.650217	0.4	12.	-72.275791	-9.46	-92.78
4.97747	0.4	12.	-74.73	1.913399	-93.35
4.950043	0.4	12.	48.128265	3.59	-93.35
4.539384	0.4	12.	61.35	9.420322	-93.35
6.273763	0.4	12.	58.41	-2.94	-92.960098
5.731051	0.4	12.	47.97	-28.006554	-93.35
4.627614	0.4	12.	35.9	-37.64202	-93.35
5.267335	0.4	12.	-55.8	-13.05	-92.616377
4.929033	0.4	12.	52.21	-17.205902	-94.31
4.793436	0.4	12.	31.33	30.01	-90.737631
5.395953	0.4	12.	31.	44.03	-89.481278
4.848754	0.4	12.	-11.1	30.108046	-95.56
5.9852	0.4	12.	-75.06	-22.274506	-95.56
4.568449	0.4	12.	-57.11	57.41	-93.602529
4.795656	0.4	12.	-18.27	82.766094	-96.76
5.34812	0.4	12.	8.174091	-13.05	-96.36
4.886271	0.4	12.	-40.79	58.38	-94.17687
5.136459	0.4	12.	39.16	82.616417	-96.36
4.918433	0.4	12.	12.07	92.96	-101.765427
4.574104	0.4	12.	20.081666	64.26	-97.61
5.404138	0.4	12.	26.76	76.174703	-97.61
5.272309	0.4	12.	-9.79	87.41	-101.820619
4.912969	0.4	12.	-7.51	-21.53	-101.642018
4.693027	0.4	12.	-12.007619	-29.36	-97.55
5.222684	0.4	12.	66.419404	29.03	-98.07
4.921145	0.4	12.	7.18	-31.31	-97.041183
5.221384	0.4	12.	-23.588669	74.04	-98.69
5.985467	0.4	12.	-30.365254	84.48	-98.63
4.527751	0.4	12.	-46.34	47.62	-95.675245
4.782411	0.4	12.	-80.93	17.928219	-98.63
5.178936	0.4	12.	-66.059135	46.32	-98.63
4.645803	0.4	12.	-52.21	-25.12	-101.155591
6.45419	0.4	12.	-54.702779	67.11	-99.26
4.758904	0.4	12.	34.031972	-23.56	-99.49
4.983909	0.4	12.	73.04	-0.4	-100.502348
4.719497	0.4	12.	-2.99	40.444263	-100.28
5.437114	0.4	12.	-2.99	50.81	-99.510039
4.795728	0.4	12.	18.87	40.111064	-100.51
4.624816	0.4	12.	-37.372499	74.94	-101.08
6.743152	0.4	12.	-43.78	84.958198	-101.19
4.852334	0.4	12.	-70.87	12.582236	-101.48
4.771821	0.4	12.	-64.99	5.14	-97.289948
4.898843	0.4	12.	-48.169245	-6.93	-101.59
4.532486	0.4	12.	28.99	49.557865	-102.16
5.862273	0.4	12.	46.362503	46.24	-102.5
4.483203	0.4	12.	-13.853831	69.07	-102.5
5.040151	0.4	12.	-59.806448	36.78	-102.9
4.959041	0.4	12.	-64.34	19.919836	-103.01
5.968202	0.4	12.	-74.705143	-9.21	-103.18
5.791323	0.4	12.	47.92	72.799274	-103.18
4.495021	0.4	12.	33.23	62.22	-101.501641
4.773429	0.4	12.	-56.18	46.642154	-103.52
4.72545	0.4	12.	30.13875	-2.36	-103.58
5.734186	0.4	12.	41.043689	-5.3	-103.58
4.519967	0.4	12.	47.92	6.550341	-103.58
5.701449	0.4	12.	62.076376	6.45	-103.58
4.702338	0.4	12.	53.12336	-3.34	-103.58
4.90312	0.4	12.	32.25	-36.61	-108.266177
6.357449	0.4	12.	-79.68	3.205827	-104.15
5.216513	0.4	12.	-55.85	-1.06	-104.627792
4.821286	0.4	12.	-12.78	7.280333	-104.49
4.983661	0.4	12.	-29.933037	13.95	-104.49
4.533234	0.4	12.	42.205027	-22.91	-104.95
5.480805	0.4	12.	52.16	-15.090944	-104.95
4.969284	0.4	12.	32.25	37.43	-107.523386
4.62694	0.4	12.	28.66	19.17	-109.699877
4.952997	0.4	12.	23.845716	28.3	-105.29
4.523197	0.4	12.	-29.577999	32.54	-106.14
5.455214	0.4	12.	-20.94	19.82	-106.497946
5.053343	0.4	12.	-63.091655	53.74	-106.59
6.612353	0.4	12.	18.55	83.75	-109.474934
6.455503	0.4	12.	31.6	85.122801	-106.76
5.235189	0.4	12.	0.93	-7.25	-108.433968
5.386651	0.4	12.	6.47	-28.033755	-109.1
5.110249	0.4	12.	24.1	-20.570348	-109.1
5.503014	0.4	12.	20.563587	65.16	-109.1
5.079741	0.4	12.	9.3152	75.27	-109.1
4.584563	0.4	12.	-7.56	84.4	-111.732208
4.984108	0.4	12.	-27.46	80.573714	-109.49
4.671255	0.4	12.	-66.947949	43.3	-109.95
4.521618	0.4	12.	-44.76	67.11	-111.227179
4.727676	0.4	12.	-47.04	43.591249	-109.55
4.776999	0.4	12.	-11.47	17.54	-110.431687
5.255037	0.4	12.	-1.36	11.353661	-109.66
4.95044	0.4	12.	-53.57	-13.12	-107.705577
4.560616	0.4	12.	-14.904898	-29.43	-109.95
4.531603	0.4	12.	16.59	-26.5	-113.898323
5.105564	0.4	12.	53.46	35.135284	-110.46
5.306504	0.4	12.	26.38	74.665371	-110.46
4.681413	0.4	12.	-17.311356	80.49	-111.03
4.482782	0.4	12.	-7.88	69.758917	-111.03
4.501339	0.4	12.	1.58	85.38	-110.108462
4.750445	0.4	12.	3.703547	42.65	-111.03
4.655036	0.4	12.	10.223064	9.06	-111.03
5.505595	0.4	12.	16.677173	-3.66	-111.03
4.573998	0.4	12.	-45.997694	15.58	-111.48
5.325447	0.4	12.	3.438677	-40.52	-111.65
4.886635	0.4	12.	-12.361832	-40.2	-111.65
4.577368	0.4	12.	42.04	-35.726566	-111.99
5.935464	0.4	12.	50.694429	-27.47	-111.99
5.112029	0.4	12.	-35.95	71.497892	-111.99
5.392502	0.4	12.	-47.501478	78.2	-112.96
5.845722	0.4	12.	-54.117368	35.8	-113.02
4.771475	0.4	12.	-64.441609	27.65	-113.02
4.959228	0.4	12.	-67.16046	18.19	-113.02
4.591707	0.4	12.	-60.75	7.75	-110.017152
5.615663	0.4	12.	-63.03	-1.71	-115.139674
4.852533	0.4	12.	-22.439737	-3.01	-113.53
5.052144	0.4	12.	-26.312795	-12.47	-113.53
6.588871	0.4	12.	42.7	62.87	-115.109017
5.064839	0.4	12.	-21.26	71.969318	-113.81
4.88112	0.4	12.	40.082374	-1.38	-113.81
5.87138	0.4	12.	-64.99	-15.803138	-114.04
5.215199	0.4	12.	39.76	8.73	-109.815345
4.873996	0.4	12.	-42.15	-1.71	-117.386013
4.918512	0.4	12.	30.172062	61.57	-114.27
4.758092	0.4	12.	44.853926	50.15	-114.27
4.532752	0.4	12.	-44.76	55.199364	-114.27
5.23683	0.4	12.	31.27	3.51	-115.294568
4.864079	0.4	12.	-33.226124	11.67	-115.58
5.193878	0.4	12.	41.25521	26.67	-115.58
4.805396	0.4	12.	-15.06	26.02	-114.157148
4.50755	0.4	12.	-20.428258	17.86	-116.26
4.757373	0.4	12.	-29.1	36.78	-118.941609
4.927217	0.4	12.	-45.41	38.41	-122.237056
4.770263	0.4	12.	-49.938783	47.54	-119.84
5.097943	0.4	12.	-49.	65.81	-124.124074
5.88459	0.4	12.	-1.36	76.25	-115.892627
5.377017	0.4	12.	13.98	72.908203	-120.41
5.580121	0.4	12.	-3.32	-8.88	-120.758471
5.685147	0.4	12.	6.47	-1.391792	-120.98
4.767883	0.4	12.	-4.3	-20.3	-124.422715
7.354561	0.4	12.	-2.01	-36.61	-128.315948
6.008885	0.4	12.	-35.3	-32.555537	-121.89
5.161744	0.4	12.	-33.99	21.12	-124.982843
5.484593	0.4	12.	-45.760978	13.62	-121.89
4.606486	0.4	12.	-21.187554	80.81	-121.89
6.065615	0.4	12.	-62.38	42.33	-127.935427
5.673259	0.4	12.	-54.55	-6.27	-121.546189
4.757663	0.4	12.	-53.9	4.16	-124.953356
4.59423	0.4	12.	-54.55	31.089399	-123.54
5.920431	0.4	12.	-67.28	1.55	-128.249651
7.94682	0.4	12.	42.04	60.27	-130.268846
5.104562	0.4	12.	-28.44	77.23	-128.42244
5.733578	0.4	12.	-40.19	76.351337	-123.54
4.516695	0.4	12.	-30.08	66.14	-119.209392
4.769698	0.4	12.	-11.8	77.517845	-124.22
4.607453	0.4	12.	-17.35	68.399912	-124.22
4.751287	0.4	12.	-49.484061	-16.39	-124.22
4.673106	0.4	12.	-45.41	-1.06	-127.170415
4.907344	0.4	12.	47.26	-2.36	-121.572821
4.750397	0.4	12.	17.57	32.110361	-125.3
4.786357	0.4	12.	23.12	39.39	-121.764751
5.178064	0.4	12.	37.355676	46.24	-125.3
5.261941	0.4	12.	5.17	79.18	-124.896418
5.168112	0.4	12.	-23.87	52.11	-125.832969
4.823913	0.4	12.	-42.15	54.738196	-125.3
4.583721	0.4	12.	-3.646629	47.87	-125.7
5.58781	0.4	12.	45.31	16.917874	-125.3
5.712869	0.4	12.	-38.56	-16.915105	-125.3
4.551519	0.4	12.	-26.49	-13.45	-126.537503
5.113299	0.4	12.	-19.63	20.139863	-126.38
5.322402	0.4	12.	-27.14	13.95	-132.216929
5.488926	0.4	12.	0.93	57.66	-126.522929
5.011166	0.4	12.	-2.66	73.486188	-130.81
5.064409	0.4	12.	12.35	-12.8	-132.562402
4.837746	0.4	12.	9.74	-3.34	-135.278592
5.017327	0.4	12.	-42.898296	18.84	-134.11
4.563296	0.4	12.	22.79	55.7	-135.207523
4.906507	0.4	12.	-26.16	62.545333	-134.11
6.464763	0.4	12.	-42.332432	44.61	-134.11
4.667672	0.4	12.	44.65	-2.280655	-134.22
5.291992	0.4	12.	-0.38	37.43	-139.215895
4.759971	0.4	12.	-2.99	48.163632	-135.76
4.680764	0.4	12.	34.475813	51.46	-135.76
4.965381	0.4	12.	27.03	45.59	-133.698245
4.552848	0.4	12.	-17.67	67.784091	-135.76
5.585843	0.4	12.	-17.759912	78.86	-135.76
4.920068	0.4	12.	-19.31	55.257235	-135.76
5.184698	0.4	12.	-34.97	54.72	-137.374258
4.952466	0.4	12.	-3.97	-22.715331	-135.76
7.01104	0.4	12.	2.23	-30.74	-142.122622
6.612479	0.4	12.	13.98	-39.87	-139.45037
4.829738	0.4	12.	-15.72	22.232484	-136.61
4.983123	0.4	12.	26.741984	24.39	-136.61
6.182004	0.4	12.	47.784149	8.08	-136.61
7.382644	0.4	12.	46.94	21.12	-141.847329
4.703231	0.4	12.	-29.42	42.625384	-136.61
5.008419	0.4	12.	7.13	13.95	-142.736869
4.862421	0.4	12.	27.36	1.23	-140.412666
5.069725	0.4	12.	35.84	6.077783	-138.37
4.605067	0.4	12.	33.743971	15.58	-138.37
4.62496	0.4	12.	-35.713948	28.95	-139.06
5.840093	0.4	12.	40.09	-5.522382	-144.63
5.015408	0.4	12.	14.085468	-17.36	-144.63
4.765396	0.4	12.	14.96	-7.465307	-144.63
4.565109	0.4	12.	6.47	-2.36	-144.408209
5.216978	0.4	12.	-31.781281	12.97	-145.14
5.205117	0.4	12.	-28.44	22.1	-149.16913
4.90471	0.4	12.	-19.63	27.97	-148.786077
4.659692	0.4	12.	-9.03793	29.28	-145.65
4.797869	0.4	12.	-22.57	44.61	-143.023499
5.001611	0.4	12.	-8.21	41.35	-145.395965
5.266781	0.4	12.	1.9	39.72	-150.026315
4.854895	0.4	12.	6.15	48.85	-142.781816
4.973658	0.4	12.	-18.65	11.67	-145.758897
6.061457	0.4	12.	-0.38	-17.3176	-147.75
5.161305	0.4	12.	-17.35	3.19	-151.983234
5.910188	0.4	12.	16.92	10.850244	-148.15
5.367326	0.4	12.	5.82	11.99	-154.221355
6.19931	0.4	12.	34.86	3.158441	-151.96
5.682292	0.4	12.	-11.852742	19.82	-151.56
4.689478	0.4	12.	6.8	23.397024	-151.16
5.042258	0.4	12.	15.28	28.3	-155.563889
5.663991	0.4	12.	33.009746	15.91	-152.98
6.388872	0.4	12.	-3.64	28.311078	-156.05
5.307928	0.4	12.	-11.595226	42.33	-156.56
4.637513	1.	11.	13.71	37.18	-149.047309
4.685463	1.	11.	25.45	26.75	-150.222953
4.608999	1.	11.	0.	50.88	-151.762808
5.308265	1.	11.	-6.2	-0.98	-151.018692
4.402681	1.	11.	2.847588	5.87	-145.82
4.680844	1.	11.	-24.076031	-4.57	-142.47
4.971953	1.	11.	-7.18	-8.61211	-142.64
4.605147	1.	11.	-16.64	35.243418	-142.3
4.38655	1.	11.	-14.03	51.21849	-142.3
4.470587	1.	11.	18.27	19.57	-141.322478
4.651696	1.	11.	5.87	31.64	-145.0493
5.599699	1.	11.	21.54	10.265986	-137.12
5.739528	1.	11.	51.56	41.75	-140.617145
4.578539	1.	11.	2.94	5.259546	-135.3
4.695901	1.	11.	0.	14.797493	-135.25
4.915213	1.	11.	5.22	64.91	-138.602916
4.464801	1.	11.	9.906905	29.36	-131.21
5.243416	1.	11.	-19.91	-6.563252	-130.7
4.416013	1.	11.	-8.569687	-4.24	-130.58
4.615419	1.	11.	16.85717	16.96	-130.41
6.113149	1.	11.	35.24	-8.248815	-130.41
4.719767	1.	11.	5.22	-19.9	-133.612935
4.894175	1.	11.	-5.87	30.99	-133.258659
4.930697	1.	11.	-12.73	49.002664	-129.62
4.623193	1.	11.	-21.86	36.21	-125.410259
4.466696	1.	11.	26.11	-40.12	-125.689881
4.580346	1.	11.	-33.94	-2.61	-125.694377
4.654711	1.	11.	25.45	13.371229	-126.55
4.690099	1.	11.	47.64	41.42	-127.941927
4.512278	1.	11.	12.07	8.15	-120.256567
4.561089	1.	11.	5.87	7.5	-126.88544
4.551027	1.	11.	-0.98	10.76	-120.705162
4.343976	1.	11.	6.85	18.489962	-124.62
4.543162	1.	11.	5.55	68.17	-125.440269
5.037076	1.	11.	8.232284	32.29	-120.86
4.633545	1.	11.	31.215239	-5.22	-119.9
4.477443	1.	11.	19.232537	17.29	-119.9
4.401241	1.	11.	31.853998	-29.36	-119.84
4.599921	1.	11.	5.87	-12.07	-123.820199
4.577458	1.	11.	23.17	-12.137663	-119.84
5.052643	1.	11.	-10.44	1.3	-122.488524
4.346552	1.	11.	4.89	-28.678422	-119.84
5.1319	1.	11.	-5.87	31.96	-115.580208
4.467969	1.	11.	-14.03	33.6	-120.47204
5.508558	1.	11.	-10.77	43.675645	-117.62
4.45485	1.	11.	-7.765127	58.38	-117.62
5.105588	1.	11.	3.59	62.808045	-117.62
4.379479	1.	11.	-4.57	23.16	-119.254312
4.836372	1.	11.	22.19	9.13	-115.193596
5.854859	1.	11.	-6.2	-32.085173	-116.37
4.435192	1.	11.	-19.91	39.070369	-115.63
4.479078	1.	11.	8.266615	18.27	-114.27
4.489214	1.	11.	-4.57	3.59	-114.721515
4.899962	1.	11.	-25.026412	27.07	-114.27
4.606904	1.	11.	21.21	32.938699	-114.27
4.570557	1.	11.	22.52	43.05	-111.175491
4.898245	1.	11.	1.395847	52.84	-113.81
4.618852	1.	11.	-10.12	-3.26	-110.676192
4.850564	1.	11.	15.827516	24.14	-113.19
4.915223	1.	11.	44.170449	40.12	-112.96
4.611222	1.	11.	11.42	49.735184	-112.56
4.48817	1.	11.	-12.73	-15.156416	-111.43
4.596779	1.	11.	2.336713	33.27	-110.23
5.037055	1.	11.	1.96	23.48	-108.6703
4.39133	1.	11.	-11.75	38.060236	-106.25
4.96567	1.	11.	39.16	-14.35	-110.555907
4.77259	1.	11.	29.077577	10.11	-106.42
5.012494	1.	11.	4.591413	-17.61	-106.42
4.342421	1.	11.	16.32	-15.33	-107.323412
4.715402	1.	11.	-7.497201	29.03	-105.85
4.959183	1.	11.	-18.6	30.273775	-104.77
4.540888	1.	11.	-23.5	5.87	-108.962227
4.40349	1.	11.	-38.28863	9.46	-104.21
4.386549	1.	11.	7.83	17.597589	-104.21
4.456158	1.	11.	76.36	8.75758	-104.21
5.043183	1.	11.	-9.79	-4.57	-100.421611
4.443539	1.	11.	-28.673667	-0.33	-103.18
5.052226	1.	11.	22.84	-9.51691	-103.07
4.72364	1.	11.	14.68	22.83	-98.611291
4.92717	1.	11.	14.03	32.29	-106.296694
4.926453	1.	11.	-47.97	54.468797	-102.39
4.679949	1.	11.	3.8115	29.03	-99.37
5.160091	1.	11.	7.51	41.963209	-97.9
4.609772	1.	11.	-12.438476	-14.03	-97.78
4.370632	1.	11.	23.133782	-20.22	-97.38
4.800544	1.	11.	68.53	-8.653625	-97.38
4.574451	1.	11.	-2.28	-29.36	-94.506918
5.249918	1.	11.	-44.71	15.780579	-97.44
5.22016	1.	11.	17.95	11.74	-99.384125
4.567731	1.	11.	2.28	-3.91	-97.757644
4.724728	1.	11.	-3.26	12.07	-97.029821
5.201491	1.	11.	-15.010071	40.45	-96.13
5.229686	1.	11.	39.81	-13.730828	-96.13
5.143997	1.	11.	63.035755	-21.2	-96.19
4.393371	1.	11.	-2.900814	-15.66	-95.96
5.893612	1.	11.	36.782068	6.2	-95.91
4.911512	1.	11.	53.19	19.84193	-95.91
4.498306	1.	11.	54.5	43.05	-93.836316
5.073688	1.	11.	-24.47	25.24046	-95.85
4.808776	1.	11.	-28.0867	37.84	-95.85
4.437025	1.	11.	-5.352981	2.94	-95.79
4.720432	1.	11.	-18.87138	1.96	-93.86
4.712674	1.	11.	-37.2	9.211787	-93.86
5.361928	1.	11.	-27.445101	13.05	-93.86
4.40903	1.	11.	5.22	17.814077	-93.86
4.508288	1.	11.	23.5	4.89	-93.564295
4.49081	1.	11.	13.05	31.64	-95.474861
4.411741	1.	11.	-38.018231	-3.59	-92.49
4.706541	1.	11.	11.75	23.48	-88.823507
4.897882	1.	11.	6.53	35.23	-85.564291
4.723176	1.	11.	77.01	-1.96	-90.671114
4.392422	1.	11.	77.34	6.85	-84.851575
5.359335	1.	11.	26.11	79.895451	-86.75
5.391598	1.	11.	24.15	90.574325	-86.7
4.414132	1.	11.	-42.1	65.232521	-86.47
4.346728	1.	11.	-45.69	52.696693	-86.36
4.502179	1.	11.	66.24	-15.765822	-85.05
5.231173	1.	11.	11.1	13.864485	-84.42
4.387011	1.	11.	-25.45	26.018044	-84.37
4.952068	1.	11.	-34.59	11.42	-79.534184
5.016239	1.	11.	-41.77	3.91	-85.182566
4.757193	1.	11.	18.93	3.615701	-81.35
4.837237	1.	11.	30.35	6.982999	-81.35
4.863705	1.	11.	39.16	2.085861	-81.35
4.37478	1.	11.	-38.51	-4.461176	-81.35
4.687227	1.	11.	-23.82	0.33	-85.892229
4.346106	1.	11.	10.44	23.500199	-79.59
4.370038	1.	11.	-44.895676	12.72	-79.59
5.24542	1.	11.	-19.91	44.03	-83.737619
4.370467	1.	11.	-20.23	27.72	-75.912077
5.024697	1.	11.	-32.63	41.292474	-79.42
4.785473	1.	11.	-32.63	-3.59	-74.264502
5.129963	1.	11.	9.955123	5.22	-74.08
4.722139	1.	11.	7.51	15.33	-73.4928
4.836574	1.	11.	-2.28	-28.382876	-74.08
5.065794	1.	11.	71.226201	-18.92	-74.08
4.726755	1.	11.	-41.12	17.29	-71.306746
5.22512	1.	11.	7.18	36.394469	-72.37
4.836267	1.	11.	-41.44	6.775353	-72.37
4.534448	1.	11.	41.936863	-1.96	-70.78
4.767162	1.	11.	28.39	-2.874417	-70.78
4.802365	1.	11.	18.93	-0.98	-71.367406
5.085219	1.	11.	-22.84	68.5	-74.933327
4.433158	1.	11.	-57.76	31.96	-72.245414
5.698269	1.	11.	23.17	88.701959	-70.27
4.79662	1.	11.	8.16	26.09	-70.382537
4.593528	1.	11.	-16.32	-12.39	-69.331957
4.77348	1.	11.	-21.54	2.61	-66.509004
4.480921	1.	11.	-4.89	4.922826	-68.85
4.59357	1.	11.	-3.258028	32.94	-68.11
4.952297	1.	11.	27.09	29.688936	-68.11
4.521137	1.	11.	-31.98	-12.72	-70.862939
4.883846	1.	11.	-25.219278	46.97	-68.11
5.329271	1.	11.	-30.679001	37.18	-68.11
5.011473	1.	11.	17.62	22.127502	-68.11
4.555244	1.	11.	17.275823	12.39	-68.11
4.447331	1.	11.	-25.13	-6.2	-69.061827
4.486992	1.	11.	38.51	23.81	-64.665648
5.030672	1.	11.	18.6	36.53	-66.286456
5.157968	1.	11.	29.146556	-16.31	-67.37
4.333098	1.	11.	16.641735	81.54	-67.37
4.578517	1.	11.	-7.18	43.05	-67.470136
5.136495	1.	11.	-0.98	-8.15	-66.828782
5.866798	1.	11.	-16.32	-21.53	-61.93169
4.331429	1.	11.	-31.98	-23.219057	-66.86
4.741289	1.	11.	-38.272369	14.68	-62.53
5.403263	1.	11.	-4.711457	-29.03	-62.53
5.328947	1.	11.	63.96	-11.206885	-62.53
4.631062	1.	11.	1.574691	6.2	-62.53
4.587924	1.	11.	12.4	5.54	-64.232655
5.124546	1.	11.	-40.14	3.926116	-61.23
4.361873	1.	11.	-41.44	50.509195	-61.28
4.583854	1.	11.	23.17	-2.396644	-59.58
4.351625	1.	11.	38.18	-1.96	-55.968885
4.500638	1.	11.	-55.8	34.536669	-59.52
4.534294	1.	11.	-20.279778	72.08	-59.52
4.562978	1.	11.	6.85	13.37	-58.56783
4.558753	1.	11.	9.405407	40.12	-59.24
5.093371	1.	11.	-42.294605	-8.15	-58.38
4.612798	1.	11.	-10.44	2.28	-60.45679
4.347582	1.	11.	7.51	-3.767603	-58.33
4.48029	1.	11.	-32.63	-8.48	-60.568526
5.437161	1.	11.	2.61	-22.206763	-56.96
4.522355	1.	11.	19.914727	26.42	-56.96
4.42192	1.	11.	8.48	30.82226	-56.96
4.935788	1.	11.	-8.16	30.803115	-56.91
4.800004	1.	11.	-26.76	39.11618	-57.25
5.209631	1.	11.	-20.88	49.25	-53.050766
5.223308	1.	11.	-2.61	40.12	-57.997637
4.34949	1.	11.	30.637844	-35.55	-56.45
4.568305	1.	11.	18.6	16.728202	-56.45
4.422084	1.	11.	17.3	6.588832	-56.45
4.66533	1.	11.	-21.373991	-7.5	-56.45
5.14143	1.	11.	-12.4	-5.87	-52.816942
5.007111	1.	11.	-20.23	15.66	-58.314715
4.426196	1.	11.	-28.72	8.81	-59.223208
4.430196	1.	11.	-32.31	-16.125207	-56.
4.378223	1.	11.	-40.14	-20.536479	-56.
4.389346	1.	11.	30.02	-0.65	-51.751877
5.331244	1.	11.	-49.6	53.530078	-51.73
4.826196	1.	11.	-49.6	42.81948	-51.73
4.565394	1.	11.	61.786385	-10.76	-51.68
4.458939	1.	11.	9.352202	-11.74	-51.68
4.519342	1.	11.	-8.161445	-26.09	-51.68
4.530246	1.	11.	9.14	3.903059	-51.68
4.697716	1.	11.	-36.22	-5.487146	-50.03
4.3975	1.	11.	12.4	-20.55	-46.411921
4.772212	1.	11.	-1.31	-13.915378	-50.03
4.988857	1.	11.	26.43	22.173633	-50.03
4.75997	1.	11.	-55.031001	33.6	-49.06
4.79705	1.	11.	-24.47	71.95103	-49.06
4.40901	1.	11.	18.654935	-0.33	-49.06
4.743971	1.	11.	-16.64	-26.42	-47.666881
4.859191	1.	11.	-3.59	32.83091	-46.67
4.582429	1.	11.	-12.4	32.62	-42.930576
4.540944	1.	11.	-47.97	9.13	-42.875611
4.447459	1.	11.	-25.775466	-3.91	-45.93
4.516696	1.	11.	-17.872721	1.3	-45.88
4.347942	1.	11.	20.275169	13.37	-45.93
5.037464	1.	11.	14.68	27.732145	-45.93
4.362562	1.	11.	23.859822	-34.9	-45.88
4.97105	1.	11.	48.3	-49.977686	-45.88
4.748594	1.	11.	12.4	17.61	-49.103773
4.838068	1.	11.	-1.96	11.42	-40.247815
4.647168	1.	11.	-6.032716	51.54	-44.51
4.646995	1.	11.	-39.81	-8.48	-39.983318
4.755976	1.	11.	-3.92	-8.15	-42.033032
4.340875	1.	11.	4.24	-5.54	-47.476993
4.44056	1.	11.	-31.33	3.59	-47.126205
4.572931	1.	11.	37.316444	6.2	-43.66
4.667644	1.	11.	33.94	24.800884	-43.72
5.403534	1.	11.	-27.41	-26.271748	-44.06
4.485816	1.	11.	-50.50981	27.4	-43.32
4.497237	1.	11.	25.33561	5.22	-43.26
4.633536	1.	11.	60.37	-25.44	-45.700615
4.480893	1.	11.	52.86	-39.14	-42.622263
4.68357	1.	11.	44.38	-33.107854	-43.26
5.438106	1.	11.	5.55	-14.35	-39.827953
4.377023	1.	11.	6.85	10.44	-45.415924
4.511825	1.	11.	-52.54	47.29	-41.227013
4.433841	1.	11.	-32.96	36.53	-40.915511
5.574195	1.	11.	-9.659516	-25.12	-39.68
5.209188	1.	11.	-18.93	-13.374883	-39.62
5.160166	1.	11.	14.68	-22.51	-36.267213
5.49884	1.	11.	-25.13	71.948581	-37.41
4.361858	1.	11.	60.37	-19.57	-34.674935
4.453661	1.	11.	58.41	-33.958824	-36.9
4.417782	1.	11.	-3.962055	-16.63	-36.1
5.144549	1.	11.	-32.31	-13.7	-31.687367
5.564091	1.	11.	-39.49	-21.897192	-35.19
4.545982	1.	11.	15.34	26.896459	-35.19
4.704325	1.	11.	17.95	16.31	-36.916819
4.4873	1.	11.	-2.94	22.138685	-35.19
4.439418	1.	11.	-44.38	5.22	-34.661696
4.403412	1.	11.	8.40578	10.44	-34.79
4.522582	1.	11.	-5.22	50.88	-30.67584
4.423765	1.	11.	-28.39	-2.28	-37.483096
5.352478	1.	11.	26.43	25.788717	-33.83
4.621404	1.	11.	26.76	3.761537	-31.61
6.123768	1.	11.	-52.54	26.75	-25.935824
4.965596	1.	11.	-38.083509	40.12	-30.19
4.646792	1.	11.	5.87	-11.250038	-30.19
4.511872	1.	11.	-10.12	-25.77	-23.320738
4.744152	1.	11.	-36.206086	-32.29	-27.74
4.450799	1.	11.	32.96	10.751193	-27.74
4.45594	1.	11.	-8.787458	43.05	-27.74
4.90666	1.	11.	56.78	-1.112397	-27.74
4.377761	1.	11.	6.53	28.025011	-27.74
4.360853	1.	11.	-36.55	7.83	-23.757511
4.83486	1.	11.	20.243589	13.05	-26.66
4.445689	1.	11.	-2.28	-2.024399	-26.66
4.449376	1.	11.	-8.48	-14.35	-28.145886
5.767666	1.	11.	-1.63	-13.37	-20.581908
5.574083	1.	11.	58.09	-24.79	-26.37176
4.986647	1.	11.	-34.59	-12.39	-21.453438
5.598333	1.	11.	-31.	-0.98	-22.074695
4.673295	1.	11.	16.64	25.131187	-23.14
4.413751	1.	11.	10.77	15.33	-23.241934
4.343634	1.	11.	-11.1	23.40861	-23.14
4.543884	1.	11.	-47.332259	8.81	-21.26
4.485899	1.	11.	53.240511	-4.89	-17.06
4.93668	1.	11.	-27.74	8.81	-14.437468
4.557901	1.	11.	-12.608196	30.33	-17.06
4.618067	1.	11.	29.7	42.687105	-14.44
4.862516	1.	11.	13.38	25.12	-12.61542
4.972362	1.	11.	5.185341	31.96	-11.82
4.50337	1.	11.	39.49	-21.2	-12.509796
4.724959	1.	11.	18.93	17.675655	-8.3
4.892945	1.	11.	-5.87	25.439538	-8.3
4.614727	1.	11.	-0.98	33.987278	-124.44
4.373519	1.	11.	22.128882	23.16	-126.26
4.888571	1.	11.	-9.46	16.63	-127.948052
4.528299	1.	11.	0.764408	25.12	-129.73