5.675751	0.400000	12.000000	17.950000	38.490000	-5.282868	
4.729951	0.400000	12.000000	1.310000	31.380663	-122.400000	
5.132099	0.400000	12.000000	-8.656763	35.550000	-118.820000	
5.453233	0.400000	12.000000	2.940000	11.740000	-116.168275	
4.971566	0.400000	12.000000	-23.820000	31.546172	-112.170000	
5.793900	0.400000	12.000000	-20.560000	44.355406	-112.050000	
5.844773	0.400000	12.000000	13.380000	27.720000	-115.866418	
5.966079	0.400000	12.000000	33.471670	27.070000	-108.700000	
4.717171	0.400000	12.000000	15.995826	16.630000	-107.840000	
7.085960	0.400000	12.000000	-36.550000	24.790000	-109.316220	
5.916048	0.400000	12.000000	-29.700000	57.743124	-106.250000	
7.317899	0.400000	12.000000	-16.320000	57.410000	-108.086731	
5.153670	0.400000	12.000000	-13.062615	10.440000	-105.740000	
5.804400	0.400000	12.000000	-4.173838	1.300000	-105.680000	
5.858806	0.400000	12.000000	8.480000	58.380000	-105.333891	
4.504082	0.400000	12.000000	-33.610000	73.650877	-98.410000	
4.515374	0.400000	12.000000	-23.820000	65.890000	-97.887109	
7.054538	0.400000	12.000000	-51.400792	29.360000	-97.780000	
7.363135	0.400000	12.000000	-38.432724	13.050000	-97.670000	
5.860703	0.400000	12.000000	-45.360000	0.585912	-96.930000	
4.728383	0.400000	12.000000	-50.580000	13.050000	-97.482787	
5.181794	0.400000	12.000000	27.919427	25.120000	-96.360000	
5.251084	0.400000	12.000000	14.360000	41.750000	-98.025323	
7.098535	0.400000	12.000000	38.180000	39.830469	-94.030000	
5.643388	0.400000	12.000000	26.110000	-0.440520	-93.750000	
5.046765	0.400000	12.000000	15.340000	11.778629	-93.630000	
5.166049	0.400000	12.000000	30.696120	15.330000	-93.460000	
4.928090	0.400000	12.000000	-29.479259	21.850000	-93.230000	
4.874445	0.400000	12.000000	-13.050000	2.940000	-95.060731	
5.155943	0.400000	12.000000	-43.080000	43.710000	-89.866871	
6.065692	0.400000	12.000000	-35.240000	34.685807	-93.230000	
5.118758	0.400000	12.000000	-26.430000	79.170494	-92.610000	
6.476694	0.400000	12.000000	16.144290	56.750000	-91.590000	
5.375209	0.400000	12.000000	26.110000	36.530000	-93.694435	
4.570698	0.400000	12.000000	5.870000	62.950000	-90.983703	
5.685689	0.400000	12.000000	34.260000	61.650000	-92.706213	
7.635114	0.400000	12.000000	22.190000	68.820000	-98.238851	
4.837034	0.400000	12.000000	39.847143	21.530000	-90.510000	
5.901460	0.400000	12.000000	6.850000	74.655771	-90.110000	
5.440554	0.400000	12.000000	-9.140000	80.692538	-89.770000	
5.685508	0.400000	12.000000	-28.110276	52.510000	-89.430000	
4.562302	0.400000	12.000000	1.960000	8.766613	-93.750000	
6.436166	0.400000	12.000000	19.910000	50.230000	-104.448988	
5.792250	0.400000	12.000000	16.279390	30.660000	-98.920000	
6.874196	0.400000	12.000000	0.419135	22.180000	-97.730000	
4.520904	0.400000	12.000000	-35.570000	61.970000	-95.987483	
4.605285	0.400000	12.000000	-37.530000	51.860000	-94.851082	
6.173159	0.400000	12.000000	3.920000	86.793143	-92.320000	
4.715450	0.400000	12.000000	10.770000	3.590000	-90.873948	
6.594436	0.400000	12.000000	11.303789	31.960000	-87.090000	
7.301158	0.400000	12.000000	-10.056471	66.210000	-86.920000	
4.597426	0.400000	12.000000	-51.230000	33.920000	-82.898124	
4.894248	0.400000	12.000000	-33.625002	15.660000	-86.640000	
7.060229	0.400000	12.000000	-52.210000	4.456844	-82.940000	
6.487334	0.400000	12.000000	-46.990000	20.550000	-87.881306	
4.612935	0.400000	12.000000	-24.210264	29.030000	-83.000000	
4.515494	0.400000	12.000000	-39.160000	56.750000	-81.785660	
6.480650	0.400000	12.000000	-52.531803	61.650000	-82.940000	
5.989408	0.400000	12.000000	-28.390000	64.910000	-86.025559	
5.649561	0.400000	12.000000	-39.810000	30.878196	-82.380000	
5.115539	0.400000	12.000000	47.260384	32.940000	-80.950000	
5.892006	0.400000	12.000000	35.210064	35.230000	-80.950000	
5.341743	0.400000	12.000000	29.370000	21.200000	-83.819489	
5.429452	0.400000	12.000000	36.220000	2.938307	-80.950000	
5.245721	0.400000	12.000000	16.970000	21.869812	-80.950000	
5.120591	0.400000	12.000000	50.250000	13.050000	-80.615051	
5.560341	0.400000	12.000000	44.991731	50.880000	-80.780000	
6.209268	0.400000	12.000000	26.760000	69.800000	-82.004084	
5.304209	0.400000	12.000000	12.400000	50.951705	-80.440000	
6.325358	0.400000	12.000000	19.250000	43.050000	-85.540899	
4.555420	0.400000	12.000000	15.660000	82.629237	-80.270000	
6.906954	0.400000	12.000000	-35.642924	75.670000	-80.220000	
5.616615	0.400000	12.000000	-22.840000	78.848486	-80.100000	
4.565813	0.400000	12.000000	-12.070000	76.980000	-79.965209	
6.115074	0.400000	12.000000	2.280000	80.981125	-77.660000	
5.262600	0.400000	12.000000	-41.214973	45.010000	-77.600000	
5.319794	0.400000	12.000000	-58.410000	23.810000	-77.405917	
4.929583	0.400000	12.000000	-18.930000	68.820000	-78.072377	
5.234863	0.400000	12.000000	-52.739110	33.270000	-72.140000	
5.774305	0.400000	12.000000	-33.610000	50.230000	-70.538674	
4.765916	0.400000	12.000000	-30.350000	60.180542	-72.310000	
5.491453	0.400000	12.000000	-44.380000	55.154799	-72.310000	
5.874912	0.400000	12.000000	53.660480	44.360000	-70.840000	
4.940048	0.400000	12.000000	40.752346	68.820000	-70.840000	
4.561160	0.400000	12.000000	37.530000	7.830000	-70.222089	
4.839848	0.400000	12.000000	32.882081	-12.720000	-70.840000	
4.981798	0.400000	12.000000	14.489526	-19.240000	-70.840000	
5.322215	0.400000	12.000000	25.167219	5.220000	-70.840000	
5.302377	0.400000	12.000000	38.830000	-1.960000	-70.050370	
4.850134	0.400000	12.000000	51.230000	5.540000	-72.280244	
5.355148	0.400000	12.000000	61.942736	14.350000	-70.720000	
5.070423	0.400000	12.000000	49.930000	15.330000	-68.994360	
6.852486	0.400000	12.000000	52.860000	29.919314	-70.380000	
5.257354	0.400000	12.000000	28.720000	19.400226	-70.380000	
4.545785	0.400000	12.000000	17.300000	19.900000	-70.205011	
5.060030	0.400000	12.000000	9.250319	28.050000	-70.380000	
4.933276	0.400000	12.000000	28.068012	33.600000	-70.380000	
5.101069	0.400000	12.000000	37.200000	51.750645	-70.380000	
5.717143	0.400000	12.000000	29.595591	65.890000	-70.320000	
5.474895	0.400000	12.000000	15.340000	54.800000	-69.757039	
6.246670	0.400000	12.000000	-48.950000	15.000000	-74.867139	
4.703386	0.400000	12.000000	-29.700000	77.300000	-69.226828	
4.541393	0.400000	12.000000	-9.140000	25.586146	-61.630000	
4.798928	0.400000	12.000000	-31.980000	54.140000	-59.414234	
5.655704	0.400000	12.000000	-42.946164	61.650000	-61.060000	
4.690107	0.400000	12.000000	-30.554875	65.560000	-61.000000	
4.865313	0.400000	12.000000	-20.779236	69.800000	-61.000000	
5.090819	0.400000	12.000000	42.100000	25.770000	-65.496033	
6.196058	0.400000	12.000000	43.080000	35.880000	-59.803908	
4.753921	0.400000	12.000000	43.080000	51.180967	-60.320000	
6.078035	0.400000	12.000000	54.588576	50.560000	-60.320000	
5.098947	0.400000	12.000000	53.520000	30.660000	-58.430909	
5.014942	0.400000	12.000000	53.190000	11.346140	-60.320000	
5.677542	0.400000	12.000000	44.380000	19.900000	-56.204658	
4.865234	0.400000	12.000000	32.414517	21.850000	-60.260000	
4.674347	0.400000	12.000000	26.723708	32.620000	-60.260000	
4.642697	0.400000	12.000000	11.420000	27.293513	-60.260000	
5.353657	0.400000	12.000000	20.665530	21.530000	-60.200000	
4.867331	0.400000	12.000000	25.130000	10.964462	-60.200000	
4.794420	0.400000	12.000000	-16.669270	9.790000	-59.980000	
5.415905	0.400000	12.000000	0.980000	5.540000	-63.515386	
6.807240	0.400000	12.000000	2.940000	18.099648	-59.980000	
5.202098	0.400000	12.000000	-19.250000	22.180000	-61.408793	
6.043974	0.400000	12.000000	-27.837832	10.760000	-59.980000	
5.081900	0.400000	12.000000	-21.540000	0.103130	-59.980000	
4.817083	0.400000	12.000000	29.557727	42.400000	-59.410000	
5.115317	0.400000	12.000000	34.920000	61.518016	-59.290000	
5.034473	0.400000	12.000000	21.344564	53.170000	-59.290000	
5.735472	0.400000	12.000000	4.570000	51.637949	-59.290000	
4.554583	0.400000	12.000000	11.420000	43.710000	-56.451127	
5.572689	0.400000	12.000000	-43.080000	24.140000	-59.141649	
6.009306	0.400000	12.000000	-43.080000	9.747822	-58.730000	
7.357551	0.400000	12.000000	-59.437039	10.760000	-58.730000	
7.293467	0.400000	12.000000	-45.690000	45.773640	-58.730000	
5.024443	0.400000	12.000000	-23.379129	80.560000	-58.560000	
5.540446	0.400000	12.000000	-34.920000	77.960000	-59.947171	
5.865282	0.400000	12.000000	7.056973	75.670000	-58.560000	
5.286671	0.400000	12.000000	25.265594	69.800000	-58.380000	
4.804624	0.400000	12.000000	15.340000	61.320000	-59.541207	
5.657915	0.400000	12.000000	42.420000	8.810000	-53.150094	
5.450920	0.400000	12.000000	-65.920000	-15.610368	-58.210000	
4.969653	0.400000	12.000000	-10.805764	29.360000	-50.880000	
4.612344	0.400000	12.000000	0.980000	28.050000	-48.848866	
4.566843	0.400000	12.000000	-3.260000	36.134657	-50.880000	
4.626151	0.400000	12.000000	-23.500000	63.600000	-50.422206	
4.659858	0.400000	12.000000	-37.850000	64.260287	-50.880000	
4.903043	0.400000	12.000000	-15.990000	76.294222	-50.880000	
4.768670	0.400000	12.000000	21.860000	60.469159	-50.880000	
5.301315	0.400000	12.000000	15.660000	78.401321	-50.880000	
7.629143	0.400000	12.000000	32.310000	81.467675	-50.880000	
5.531785	0.400000	12.000000	29.370000	47.109834	-49.570000	
5.244226	0.400000	12.000000	40.790000	45.340000	-52.083042	
6.575624	0.400000	12.000000	50.205835	55.780000	-49.570000	
4.645468	0.400000	12.000000	24.459889	14.350000	-49.570000	
4.781153	0.400000	12.000000	19.989604	23.480000	-49.570000	
4.824737	0.400000	12.000000	3.260000	17.940000	-48.295714	
4.564151	0.400000	12.000000	10.413217	26.420000	-49.570000	
6.252459	0.400000	12.000000	-17.620000	19.570000	-49.977597	
4.663261	0.400000	12.000000	-31.330000	19.485045	-49.230000	
5.739198	0.400000	12.000000	-47.640000	21.850000	-47.512235	
5.032755	0.400000	12.000000	-59.357728	19.570000	-48.780000	
4.656778	0.400000	12.000000	-57.430000	-17.741409	-48.780000	
5.110532	0.400000	12.000000	-36.550000	55.780000	-43.934680	
6.372513	0.400000	12.000000	-24.800000	52.510000	-49.942129	
6.015349	0.400000	12.000000	-23.820000	86.526199	-48.320000	
4.761143	0.400000	12.000000	-56.858921	4.890000	-48.380000	
4.869811	0.400000	12.000000	-51.560000	12.390000	-44.713327	
4.562579	0.400000	12.000000	4.100980	51.540000	-48.320000	
4.496644	0.400000	12.000000	18.486284	52.190000	-48.320000	
5.646623	0.400000	12.000000	11.100000	58.710000	-45.542991	
4.748444	0.400000	12.000000	9.790000	69.282808	-47.360000	
4.622506	0.400000	12.000000	24.150000	70.780000	-45.755588	
4.831815	0.400000	12.000000	33.318791	58.060000	-47.010000	
4.678567	0.400000	12.000000	35.570000	33.270000	-51.614559	
5.894145	0.400000	12.000000	21.860000	35.876323	-46.560000	
5.997121	0.400000	12.000000	9.661256	40.770000	-45.250000	
4.558330	0.400000	12.000000	29.040000	26.687610	-45.080000	
5.279217	0.400000	12.000000	34.590000	3.590000	-45.535815	
6.483845	0.400000	12.000000	38.510000	15.690313	-42.010000	
4.652107	0.400000	12.000000	-36.870000	43.676275	-40.650000	
5.471564	0.400000	12.000000	-21.359360	64.580000	-40.310000	
4.844530	0.400000	12.000000	-12.819672	78.610000	-39.850000	
5.604373	0.400000	12.000000	23.500000	61.320000	-40.228850	
4.570038	0.400000	12.000000	31.186701	44.030000	-38.770000	
5.440042	0.400000	12.000000	43.400000	47.559526	-38.770000	
4.773997	0.400000	12.000000	7.706156	50.880000	-37.580000	
7.343800	0.400000	12.000000	-24.800000	33.636700	-37.520000	
6.048358	0.400000	12.000000	-19.156607	53.490000	-37.460000	
4.589572	0.400000	12.000000	-34.590000	20.550000	-32.767778	
4.796609	0.400000	12.000000	-46.990000	18.590000	-35.969984	
6.288559	0.400000	12.000000	-51.890000	1.215743	-35.930000	
4.655351	0.400000	12.000000	-57.760000	-10.789720	-35.470000	
5.651436	0.400000	12.000000	35.385064	32.290000	-35.470000	
4.969385	0.400000	12.000000	51.890000	11.740000	-34.314343	
4.841810	0.400000	12.000000	23.820000	14.350000	-36.173839	
4.713369	0.400000	12.000000	32.838035	61.320000	-34.740000	
4.843582	0.400000	12.000000	17.300000	70.517387	-34.740000	
5.938179	0.400000	12.000000	33.496256	75.350000	-34.220000	
4.940702	0.400000	12.000000	14.270376	58.710000	-34.220000	
6.627551	0.400000	12.000000	3.357681	71.760000	-34.220000	
4.584818	0.400000	12.000000	48.620000	-45.854378	-38.200000	
4.984253	0.400000	12.000000	55.631920	-26.090000	-37.630000	
5.688919	0.400000	12.000000	47.209869	-8.810000	-36.670000	
5.282612	0.400000	12.000000	44.194191	-54.470000	-35.300000	
5.804778	0.400000	12.000000	-57.430000	-43.050000	-32.533830	
4.737207	0.400000	12.000000	17.300000	-18.270000	-33.830747	
5.054669	0.400000	12.000000	35.120039	-25.120000	-30.980000	
6.361261	0.400000	12.000000	42.100000	3.910000	-24.975290	
5.907525	0.400000	12.000000	37.726594	15.980000	-26.830000	
4.785054	0.400000	12.000000	15.990000	52.519810	-26.380000	
5.103930	0.400000	12.000000	4.655997	49.580000	-26.380000	
4.484377	0.400000	12.000000	24.800000	63.280000	-29.511784	
6.439031	0.400000	12.000000	38.180000	45.007093	-25.410000	
6.172304	0.400000	12.000000	-46.010000	10.110000	-28.189198	
5.872816	0.400000	12.000000	-25.130000	-22.180000	-20.502713	
6.903853	0.400000	12.000000	-40.140000	-44.971200	-25.360000	
5.200789	0.400000	12.000000	30.269209	-48.930000	-25.010000	
4.754745	0.400000	12.000000	50.250000	-40.450000	-24.967236	
4.646765	0.400000	12.000000	44.828228	-12.390000	-24.560000	
5.219560	0.400000	12.000000	32.453119	-15.330000	-24.500000	
5.753035	0.400000	12.000000	20.880000	-68.670456	-38.200000	
5.255953	0.400000	12.000000	24.261465	-43.380000	-34.620000	
6.645494	0.400000	12.000000	43.400000	-34.140163	-32.630000	
5.611189	0.400000	12.000000	46.865897	-21.530000	-32.180000	
5.465746	0.400000	12.000000	-18.600000	-30.660000	-28.202299	
7.131832	0.400000	12.000000	3.782920	-41.420000	-25.240000	
5.900177	0.400000	12.000000	11.750000	-54.140000	-30.198560	
4.757227	0.400000	12.000000	-28.238831	12.070000	-25.700000	
5.922353	0.400000	12.000000	-29.370000	20.870000	-18.950512	
5.175974	0.400000	12.000000	-41.483333	21.850000	-24.500000	
5.801662	0.400000	12.000000	-28.720000	36.259588	-24.450000	
5.144984	0.400000	12.000000	-17.300000	42.963476	-24.500000	
4.939339	0.400000	12.000000	-21.909226	54.140000	-24.450000	
5.423645	0.400000	12.000000	31.980000	28.380000	-24.583564	
5.763052	0.400000	12.000000	24.843778	45.340000	-24.270000	
5.564445	0.400000	12.000000	-56.671815	-8.810000	-24.270000	
5.348453	0.400000	12.000000	-53.190000	0.650000	-19.277049	
5.437836	0.400000	12.000000	-26.679715	-10.110000	-24.270000	
5.606919	0.400000	12.000000	-52.860000	-23.810000	-19.335059	
4.674385	0.400000	12.000000	-49.600000	-33.435528	-24.270000	
6.688261	0.400000	12.000000	-39.622827	-11.090000	-24.270000	
5.700765	0.400000	12.000000	-5.550000	-32.174186	-24.270000	
5.924480	0.400000	12.000000	4.216706	-21.850000	-23.310000	
5.185051	0.400000	12.000000	21.928339	-21.200000	-23.250000	
6.237338	0.400000	12.000000	21.860000	16.409453	-22.740000	
4.685915	0.400000	12.000000	7.510000	34.570000	-25.195987	
5.393560	0.400000	12.000000	22.190000	32.940000	-22.954527	
5.875594	0.400000	12.000000	34.590000	65.411423	-21.430000	
6.648883	0.400000	12.000000	17.950000	74.918484	-21.260000	
4.496125	0.400000	12.000000	41.851218	56.100000	-21.090000	
4.882719	0.400000	12.000000	42.394504	24.140000	-21.030000	
5.870822	0.400000	12.000000	51.672749	15.000000	-21.030000	
4.663306	0.400000	12.000000	11.794947	-12.070000	-20.920000	
5.276893	0.400000	12.000000	42.100000	-23.944532	-20.920000	
4.824851	0.400000	12.000000	30.020000	-33.274395	-20.860000	
5.171184	0.400000	12.000000	-42.750000	-4.890000	-14.507941	
6.603214	0.400000	12.000000	-1.618039	14.680000	-14.440000	
5.311304	0.400000	12.000000	31.980000	17.290000	-9.754845	
5.568574	0.400000	12.000000	40.790000	-15.108784	-14.330000	
5.289107	0.400000	12.000000	29.700000	-13.343030	-14.330000	
5.888425	0.400000	12.000000	24.470000	-46.042752	-14.330000	
5.847633	0.400000	12.000000	8.480000	-56.100000	-9.624417	
8.155190	0.400000	12.000000	43.314054	-36.860000	-13.470000	
5.377615	0.400000	12.000000	-26.760000	-37.840000	-14.670522	
4.881363	0.400000	12.000000	-28.060000	-49.702964	-13.470000	
5.440512	0.400000	12.000000	-33.870757	-21.530000	-13.250000	
5.977164	0.400000	12.000000	-45.965679	-33.270000	-13.080000	
5.615339	0.400000	12.000000	-45.098895	-15.330000	-13.080000	
5.760582	0.400000	12.000000	-30.889258	-7.830000	-13.020000	
5.458973	0.400000	12.000000	-15.990000	5.870000	-17.940442	
6.137683	0.400000	12.000000	-2.419726	-29.360000	-12.960000	
5.262540	0.400000	12.000000	11.750000	-44.789138	-12.960000	
5.283739	0.400000	12.000000	28.390000	-24.790000	-12.581446	
4.954265	0.400000	12.000000	19.580000	-13.370000	-12.675496	
6.334516	0.400000	12.000000	24.232718	8.810000	-12.730000	
5.836023	0.400000	12.000000	19.526521	47.290000	-12.730000	
5.557622	0.400000	12.000000	26.760000	29.107028	-12.050000	
5.266455	0.400000	12.000000	49.280000	51.584009	-12.000000	
4.850961	0.400000	12.000000	9.687019	32.940000	-11.770000	
6.652603	0.400000	12.000000	-3.920000	-49.150249	-11.600000	
6.221943	0.400000	12.000000	-17.168431	-48.600000	-11.200000	
5.429311	0.400000	12.000000	-11.628007	-36.210000	-10.630000	
4.637625	0.400000	12.000000	6.200000	47.305390	-2.500000	
5.677979	0.400000	12.000000	0.147973	10.440000	-2.500000	
5.606944	0.400000	12.000000	1.960000	28.380000	2.966829	
6.780848	0.400000	12.000000	-2.940000	-32.940000	2.320262	
5.487682	0.400000	12.000000	-9.140000	-17.610000	-8.184602	
6.951459	0.400000	12.000000	-8.160000	-8.150000	3.356263	
4.972244	0.400000	12.000000	-27.090000	-29.350062	-2.960000	
6.860268	0.400000	12.000000	-36.220000	-38.656234	-2.960000	
6.119836	0.400000	12.000000	-35.570000	-18.590000	-1.086859	
5.372616	0.400000	12.000000	-20.880000	-17.290000	-2.203918	
4.711690	0.400000	12.000000	-29.370000	-8.150000	-1.590391	
5.679053	0.400000	12.000000	8.480000	-40.759221	-2.670000	
5.570386	0.400000	12.000000	0.330000	-21.003563	-2.620000	
4.792229	0.400000	12.000000	13.710000	-15.330000	1.566417	
5.912048	0.400000	12.000000	22.613076	-9.460000	-2.560000	
5.385857	0.400000	12.000000	15.494589	-0.000000	-2.560000	
5.037717	0.400000	12.000000	2.683961	-8.480000	-2.440000	
6.145356	0.400000	12.000000	-10.440000	-44.360000	-1.469363	
5.452573	0.400000	12.000000	-24.268114	-42.730000	-0.340000	
8.200390	0.400000	12.000000	22.840000	24.487599	1.080000	
5.177523	0.400000	12.000000	-37.530000	-5.870000	-43.713112	
5.609724	0.400000	12.000000	-38.180000	-16.817229	-44.740000	
5.378506	0.400000	12.000000	-48.620000	-9.460000	-41.943532	
4.584284	0.400000	12.000000	25.130000	-44.205677	-45.820000	
5.030680	0.400000	12.000000	28.060000	-34.570000	-44.996477	
4.630917	0.400000	12.000000	35.900000	-43.380000	-49.775497	
4.760131	0.400000	12.000000	25.130000	-21.530000	-49.773119	
6.342149	0.400000	12.000000	18.867845	-12.390000	-46.670000	
5.126145	0.400000	12.000000	38.760355	-13.370000	-47.010000	
6.422719	0.400000	12.000000	52.937812	-13.700000	-47.810000	
6.504597	0.400000	12.000000	12.400000	-72.080000	-50.854887	
5.185198	0.400000	12.000000	14.145712	-24.790000	-49.460000	
6.254008	0.400000	12.000000	13.380000	-39.790000	-51.782017	
4.697371	0.400000	12.000000	26.110000	-62.620000	-51.613739	
5.473720	0.400000	12.000000	22.520000	-36.696007	-62.310000	
4.717863	0.400000	12.000000	13.174831	-72.080000	-67.250000	
4.613498	0.400000	12.000000	-0.443408	39.790000	-67.310000	
4.851202	0.400000	12.000000	-16.970000	34.738931	-67.030000	
5.802906	0.400000	12.000000	-28.390000	22.510000	-69.028213	
5.211432	0.400000	12.000000	19.580000	39.790000	-62.900880	
4.888614	0.400000	12.000000	-19.910000	1.327549	-44.400000	
7.786247	0.400000	12.000000	-69.180000	-13.509908	-44.400000	
6.815560	0.400000	12.000000	-12.169246	-19.240000	-30.190000	
6.720677	0.400000	12.000000	-4.961680	0.330000	-10.290000	
5.370542	0.400000	12.000000	-32.310000	65.890000	-42.635168	
5.210551	0.400000	12.000000	57.430000	-2.347535	-42.980000	
5.824135	0.400000	12.000000	8.160000	-15.330000	-40.059511	
5.136687	0.400000	12.000000	15.990000	-49.580000	-44.148720	
5.837031	0.400000	12.000000	53.190000	12.070000	-49.250790	
4.570975	0.400000	12.000000	45.030000	29.647807	-48.660000	
6.056316	0.400000	12.000000	-64.475507	-40.120000	-53.330000	
5.645970	0.400000	12.000000	5.220000	-81.024585	-55.490000	
5.299944	0.400000	12.000000	-2.940000	-20.701950	-55.660000	
5.469108	0.400000	12.000000	55.143173	0.980000	-57.300000	
6.479834	0.400000	12.000000	20.560000	-49.580000	-57.763413	
5.124185	0.400000	12.000000	15.340000	-17.290000	-59.188600	
5.223241	0.400000	12.000000	10.930599	-33.270000	-63.790000	
5.386460	0.400000	12.000000	19.910000	73.710000	-73.311938	
4.742563	0.400000	12.000000	11.100000	81.870000	-66.957442	
4.726805	0.400000	12.000000	18.930000	29.030000	-72.435963	
5.512559	0.400000	12.000000	26.430000	42.774508	-75.440000	
4.559128	0.400000	12.000000	9.826317	15.330000	-75.440000	
6.107658	0.400000	12.000000	0.650000	9.350155	-75.440000	
5.367027	0.400000	12.000000	-9.790000	23.105187	-75.440000	
5.157804	0.400000	12.000000	-15.010000	13.050000	-72.332630	
4.804597	0.400000	12.000000	-21.540000	3.590000	-77.788485	
4.908199	0.400000	12.000000	-35.761594	22.180000	-77.540000	
4.595335	0.400000	12.000000	19.349582	7.830000	-78.910000	
4.635277	0.400000	12.000000	-5.220000	33.920000	-77.021155	
4.951182	0.400000	12.000000	-45.799998	-14.030000	-61.110000	
6.199760	0.400000	12.000000	-40.140000	-25.611396	-61.680000	
6.246288	0.400000	12.000000	-52.540000	-7.180000	-69.557340	
4.934104	0.400000	12.000000	-58.410000	-17.741175	-65.490000	
6.543789	0.400000	12.000000	-52.860000	-33.311441	-65.490000	
7.924299	0.400000	12.000000	-53.520000	-46.970000	-76.425998	
5.986260	0.400000	12.000000	-11.100000	-28.103028	-70.380000	
5.116986	0.400000	12.000000	0.330000	52.875203	-70.380000	
4.552053	0.400000	12.000000	13.380000	65.236271	-70.380000	
6.434905	0.400000	12.000000	9.630992	-46.640000	-70.950000	
5.111016	0.400000	12.000000	13.710000	-59.040000	-74.427023	
5.778728	0.400000	12.000000	-16.970000	-55.780000	-74.615734	
6.784793	0.400000	12.000000	-5.220000	-45.340000	-72.678921	
4.775113	0.400000	12.000000	-19.721803	-22.510000	-43.660000	
5.862476	0.400000	12.000000	-4.890000	-40.450000	-48.545710	
7.669647	0.400000	12.000000	3.260000	-51.540000	-45.802620	
4.980736	0.400000	12.000000	-22.458720	-42.730000	-49.630000	
6.425194	0.400000	12.000000	-48.502916	-33.920000	-50.940000	
4.988884	0.400000	12.000000	-14.221326	-55.120000	-52.930000	
7.647885	0.400000	12.000000	-6.561076	-65.230000	-55.540000	
5.328339	0.400000	12.000000	-38.830000	-44.030000	-54.261234	
4.864127	0.400000	12.000000	5.473063	-51.540000	-58.210000	
5.138189	0.400000	12.000000	40.569400	-45.340000	-58.210000	
5.068839	0.400000	12.000000	33.610000	-35.782370	-58.210000	
5.988890	0.400000	12.000000	46.990000	-31.940420	-58.210000	
5.874693	0.400000	12.000000	47.815407	-18.920000	-58.780000	
7.043733	0.400000	12.000000	-28.720000	-40.770000	-65.374099	
4.950549	0.400000	12.000000	-37.530000	-12.390000	-79.691247	
4.463541	1.000000	11.000000	28.980177	4.890000	0.280000	
4.592829	1.000000	11.000000	-13.896108	-27.720000	-2.730000	
4.898332	1.000000	11.000000	-8.269718	22.510000	-5.000000	
4.786778	1.000000	11.000000	15.103934	11.090000	-5.570000	
5.196890	1.000000	11.000000	-5.220000	35.230000	-7.357896	
5.240914	1.000000	11.000000	-16.717187	16.310000	-10.630000	
5.644888	1.000000	11.000000	-17.271747	-5.870000	-10.690000	
4.547182	1.000000	11.000000	7.510000	2.940000	-14.262055	
4.331589	1.000000	11.000000	30.020000	-1.246106	-11.940000	
5.428597	1.000000	11.000000	-6.200000	51.345398	-14.380000	
4.382134	1.000000	11.000000	-20.030513	39.790000	-14.380000	
4.360372	1.000000	11.000000	-19.486297	48.600000	-15.460000	
4.727436	1.000000	11.000000	13.452193	-4.240000	-15.580000	
5.182079	1.000000	11.000000	12.029528	11.420000	-16.150000	
5.146820	1.000000	11.000000	-14.360000	-25.120000	-14.278210	
5.451076	1.000000	11.000000	-6.714402	37.840000	-18.760000	
4.417036	1.000000	11.000000	1.160057	29.030000	-19.160000	
5.802912	1.000000	11.000000	12.400000	-30.984904	-23.080000	
5.749784	1.000000	11.000000	22.190000	-63.280000	-22.792417	
5.644498	1.000000	11.000000	3.352127	-0.980000	-23.480000	
5.014647	1.000000	11.000000	29.390148	4.570000	-23.480000	
5.148714	1.000000	11.000000	-18.077074	17.610000	-23.710000	
5.740810	1.000000	11.000000	-6.987388	-6.520000	-23.710000	
4.408738	1.000000	11.000000	-12.400000	1.960000	-27.820259	
5.693934	1.000000	11.000000	-33.940000	3.910000	-21.625278	
4.373925	1.000000	11.000000	-17.300000	-6.734072	-24.900000	
4.814111	1.000000	11.000000	-6.530000	9.790000	-26.340193	
4.931409	1.000000	11.000000	-10.770000	54.012883	-27.400000	
4.348446	1.000000	11.000000	-3.920000	46.640000	-29.892635	
4.374699	1.000000	11.000000	15.434532	6.520000	-28.140000	
4.844233	1.000000	11.000000	9.352353	18.270000	-28.770000	
4.659019	1.000000	11.000000	-1.310000	37.840000	-29.143213	
4.838843	1.000000	11.000000	-32.630000	-31.310000	-26.374438	
4.460235	1.000000	11.000000	3.590000	1.585789	-33.660000	
4.716997	1.000000	11.000000	33.290000	1.228383	-33.660000	
5.517790	1.000000	11.000000	15.010000	-5.220000	-29.507046	
4.394928	1.000000	11.000000	26.423674	-18.920000	-34.680000	
5.448970	1.000000	11.000000	14.360000	-32.032842	-34.680000	
4.392623	1.000000	11.000000	-6.886728	-28.050000	-35.190000	
4.843666	1.000000	11.000000	-5.239380	-9.460000	-35.130000	
4.510484	1.000000	11.000000	-14.030770	-4.240000	-35.130000	
4.358872	1.000000	11.000000	-18.930000	15.000000	-33.694838	
4.490752	1.000000	11.000000	-9.460000	18.920000	-31.710152	
4.476589	1.000000	11.000000	-18.600000	23.160000	-39.159592	
4.641233	1.000000	11.000000	4.240000	-8.480000	-32.739663	
4.412494	1.000000	11.000000	-15.646524	42.730000	-35.530000	
4.607158	1.000000	11.000000	-33.610000	2.280000	-35.305994	
5.464248	1.000000	11.000000	-39.810000	30.346265	-35.700000	
4.349779	1.000000	11.000000	19.580000	5.273482	-36.040000	
6.149313	1.000000	11.000000	17.300000	25.422915	-35.820000	
4.503255	1.000000	11.000000	-6.200000	5.175238	-36.780000	
4.895869	1.000000	11.000000	-27.410000	9.130000	-39.014435	
4.915154	1.000000	11.000000	31.650000	-11.533187	-37.410000	
5.471890	1.000000	11.000000	-38.140996	11.420000	-37.460000	
4.609189	1.000000	11.000000	-9.460000	46.640000	-42.825877	
5.504548	1.000000	11.000000	50.144305	21.530000	-38.370000	
5.666197	1.000000	11.000000	10.770000	10.788837	-38.490000	
5.067117	1.000000	11.000000	0.330000	-21.850000	-35.124691	
4.529175	1.000000	11.000000	-1.310000	14.030000	-38.000619	
4.861205	1.000000	11.000000	6.850000	22.513027	-39.170000	
5.172127	1.000000	11.000000	-8.198629	25.120000	-39.170000	
4.656563	1.000000	11.000000	-3.455871	38.160000	-39.620000	
4.341393	1.000000	11.000000	-21.252891	-31.960000	-41.220000	
4.620987	1.000000	11.000000	-29.370000	-29.030000	-44.186699	
4.754895	1.000000	11.000000	3.046106	-31.960000	-41.270000	
5.627006	1.000000	11.000000	27.288915	-59.360000	-41.390000	
4.460644	1.000000	11.000000	14.030000	-59.143663	-41.390000	
4.796175	1.000000	11.000000	32.310000	-21.908000	-42.070000	
4.411752	1.000000	11.000000	-9.477223	-15.980000	-42.010000	
4.643958	1.000000	11.000000	-26.110000	-14.707611	-42.010000	
5.429953	1.000000	11.000000	0.980000	6.341719	-44.800000	
4.709356	1.000000	11.000000	-0.330000	-5.540000	-42.355382	
6.118083	1.000000	11.000000	17.300000	0.776369	-47.300000	
4.526191	1.000000	11.000000	7.986356	-5.870000	-47.300000	
4.427581	1.000000	11.000000	-8.480000	0.263805	-48.040000	
5.161051	1.000000	11.000000	-34.590000	3.277253	-48.040000	
4.551656	1.000000	11.000000	-46.110658	2.280000	-48.040000	
5.142048	1.000000	11.000000	-17.928314	-11.420000	-48.890000	
4.333472	1.000000	11.000000	-27.114961	-2.610000	-49.120000	
4.992682	1.000000	11.000000	-40.196112	30.990000	-49.350000	
4.450481	1.000000	11.000000	-26.760000	41.420000	-53.597361	
4.848565	1.000000	11.000000	-20.230000	41.750000	-46.327170	
4.545957	1.000000	11.000000	-14.360000	47.730743	-51.160000	
4.467469	1.000000	11.000000	-3.590000	46.254303	-50.940000	
4.401714	1.000000	11.000000	-7.830000	54.093233	-51.220000	
4.864132	1.000000	11.000000	-35.240000	48.326125	-51.390000	
4.705458	1.000000	11.000000	-26.110000	-21.038635	-51.850000	
4.661390	1.000000	11.000000	-21.751401	-31.960000	-52.420000	
4.534446	1.000000	11.000000	-5.550000	7.876399	-52.250000	
4.619585	1.000000	11.000000	7.796982	9.130000	-53.040000	
4.892847	1.000000	11.000000	37.200000	-4.240000	-54.208014	
4.737778	1.000000	11.000000	34.260000	-21.200000	-53.807114	
4.358766	1.000000	11.000000	-0.330000	60.340000	-51.033455	
5.075106	1.000000	11.000000	2.875019	-4.570000	-56.510000	
5.478028	1.000000	11.000000	-11.100000	38.763473	-57.360000	
4.559639	1.000000	11.000000	-5.306967	74.040000	-57.590000	
4.802564	1.000000	11.000000	4.906285	64.910000	-57.590000	
4.505375	1.000000	11.000000	-33.622004	-15.330000	-58.210000	
5.019238	1.000000	11.000000	-15.990000	-15.418514	-58.270000	
4.780784	1.000000	11.000000	-7.830000	0.980000	-58.485846	
5.256875	1.000000	11.000000	19.580000	-5.703911	-59.920000	
4.690849	1.000000	11.000000	-30.457261	-6.520000	-60.150000	
4.600692	1.000000	11.000000	-29.700000	34.571789	-60.150000	
4.356064	1.000000	11.000000	-45.360000	33.839430	-60.150000	
5.050493	1.000000	11.000000	-18.930000	46.454383	-60.150000	
5.934730	1.000000	11.000000	0.944459	-42.080000	-60.830000	
5.556319	1.000000	11.000000	-16.754082	-36.530000	-61.060000	
5.125384	1.000000	11.000000	-13.710000	-7.180000	-63.916622	
4.425803	1.000000	11.000000	-37.530000	-0.168797	-62.140000	
4.406647	1.000000	11.000000	-50.160553	0.330000	-61.970000	
5.030947	1.000000	11.000000	-0.330000	-28.858109	-62.820000	
5.198804	1.000000	11.000000	29.811053	-1.300000	-62.930000	
4.579634	1.000000	11.000000	27.694297	-22.510000	-63.790000	
4.394049	1.000000	11.000000	-26.110000	-27.720000	-65.946700	
5.106022	1.000000	11.000000	-10.996887	52.510000	-63.390000	
4.624938	1.000000	11.000000	16.640000	8.502188	-64.580000	
5.160734	1.000000	11.000000	6.200000	-19.389460	-64.810000	
4.703780	1.000000	11.000000	-0.506465	28.700000	-66.120000	
5.921201	1.000000	11.000000	6.985917	-5.220000	-67.080000	
4.478054	1.000000	11.000000	-5.220000	-14.457688	-68.670000	
4.623035	1.000000	11.000000	-0.612222	63.600000	-68.900000	
5.436799	1.000000	11.000000	-5.550000	71.430000	-73.289830	
4.537032	1.000000	11.000000	-9.460000	42.400000	-70.966667	
4.339074	1.000000	11.000000	7.801731	44.360000	-70.150000	
4.438930	1.000000	11.000000	-2.940000	-4.854297	-70.150000	
4.468339	1.000000	11.000000	-37.183095	7.500000	-70.610000	
4.896134	1.000000	11.000000	-38.618996	-5.540000	-70.380000	
4.471068	1.000000	11.000000	-43.080000	29.360000	-70.211634	
5.077646	1.000000	11.000000	-31.000000	33.270000	-74.331122	
4.340010	1.000000	11.000000	-22.688155	43.380000	-71.120000	
4.381936	1.000000	11.000000	-12.531178	-0.330000	-72.140000	
4.891429	1.000000	11.000000	-26.110000	-7.983368	-72.600000	
4.637622	1.000000	11.000000	41.120000	27.062821	-75.670000	
5.088891	1.000000	11.000000	24.470000	53.233544	-77.090000	
5.061830	1.000000	11.000000	-15.671481	53.820000	-76.630000	
5.119966	1.000000	11.000000	-31.621411	0.650000	-76.630000	
5.115953	1.000000	11.000000	-15.010000	32.982618	-77.600000	
5.164009	1.000000	11.000000	0.650000	25.770000	-82.253686	
5.424054	1.000000	11.000000	-27.945174	12.720000	-77.940000	
6.493664	1.000000	11.000000	2.767043	-13.050000	-78.740000	
4.614131	1.000000	11.000000	13.710000	-5.220000	-80.062674	
4.878969	1.000000	11.000000	3.260000	47.290000	-83.073697	
5.019857	1.000000	11.000000	-2.940000	-2.510648	-81.070000	
4.399271	1.000000	11.000000	-39.490000	6.520000	-80.036587	
4.428348	1.000000	11.000000	-20.880000	43.208051	-81.810000	
5.246619	1.000000	11.000000	-24.948080	-4.570000	-82.940000	
5.224443	1.000000	11.000000	-12.730000	42.730000	-87.462595	
4.748148	1.000000	11.000000	-12.070000	53.903393	-87.550000	
4.422671	1.000000	11.000000	-13.380000	29.270192	-90.110000	
4.528515	1.000000	11.000000	13.050000	-6.747778	-91.190000	
4.455743	1.000000	11.000000	-7.269050	-4.570000	-93.060000	
5.826400	1.000000	11.000000	3.590000	45.990000	-93.700772	
4.598233	1.000000	11.000000	48.627965	24.460000	-93.520000	
4.385435	1.000000	11.000000	-29.700000	-5.220000	-93.750894	
5.135576	1.000000	11.000000	-23.170000	29.898495	-93.750000	
5.378798	1.000000	11.000000	-18.270000	40.450000	-98.826313	
5.212283	1.000000	11.000000	-15.010000	22.503495	-99.830000	
