5.396099	0.4	12.	247.03	-175.48	4.171342
6.379682	0.4	12.	205.91	-112.53	-140.54565
5.735931	0.4	12.	225.82	-121.419039	-141.
4.663047	0.4	12.	279.66	-88.39	-141.10858
8.092952	0.4	12.	267.26	-138.3	-141.321797
5.02754	0.4	12.	263.02	-150.69	-142.914754
7.740021	0.4	12.	233.	-87.521134	-138.
4.633332	0.4	12.	220.224314	-104.05	-138.
5.169646	0.4	12.	182.252285	-112.86	-138.
5.925732	0.4	12.	187.64	-125.9	-142.675653
5.354279	0.4	12.	264.	-98.51983	-138.
7.544265	0.4	12.	274.39877	-106.98	-138.
4.740015	0.4	12.	253.486303	-132.75	-137.
5.064715	0.4	12.	258.12	-123.371193	-137.
4.864092	0.4	12.	271.571397	-127.21	-136.
7.584475	0.4	12.	260.74	-81.817281	-135.
6.046001	0.4	12.	207.869972	-150.04	-135.
6.277146	0.4	12.	182.74	-133.159809	-134.
4.899575	0.4	12.	177.85	-121.772937	-134.
4.945202	0.4	12.	238.437593	-112.2	-134.
8.023505	0.4	12.	163.49	-147.43	-134.60099
5.508818	0.4	12.	161.744937	-126.88	-133.
8.085846	0.4	12.	246.38	-145.8	-139.770523
4.758508	0.4	12.	195.8	-87.571099	-131.
4.526687	0.4	12.	190.9	-96.22	-133.774764
5.669304	0.4	12.	213.42	-88.147659	-131.
4.804489	0.4	12.	204.93	-110.57	-126.1519
4.828476	0.4	12.	208.52	-119.186065	-130.
5.587537	0.4	12.	228.76	-118.756136	-130.
4.684152	0.4	12.	273.14	-143.755682	-130.
5.365643	0.4	12.	279.837597	-94.26	-129.
4.684028	0.4	12.	271.79044	-87.41	-129.
4.603585	0.4	12.	283.468751	-141.56	-129.
4.603477	0.4	12.	277.094245	-133.73	-129.
4.847395	0.4	12.	200.04	-100.13	-129.550963
4.553959	0.4	12.	230.511532	-105.03	-129.
8.156707	0.4	12.	139.02	-136.34	-126.997343
5.689824	0.4	12.	264.98	-155.556314	-127.
4.656134	0.4	12.	267.739834	-135.69	-127.
4.880902	0.4	12.	247.68	-136.470755	-127.
5.508776	0.4	12.	233.98	-95.624129	-127.
5.592404	0.4	12.	217.310038	-101.44	-127.
5.313766	0.4	12.	267.91	-99.418722	-127.
4.930138	0.4	12.	257.47	-95.89	-128.625186
4.504199	0.4	12.	196.78	-116.543312	-127.
5.958776	0.4	12.	185.35	-116.267275	-127.
6.364654	0.4	12.	172.145983	-113.18	-127.
5.338806	0.4	12.	259.33273	-111.22	-126.
5.289653	0.4	12.	269.22	-117.75	-130.27509
6.584384	0.4	12.	285.54	-162.76	-127.754113
5.296481	0.4	12.	223.21	-91.445135	-125.
5.82912	0.4	12.	255.17794	-123.95	-125.
4.536243	0.4	12.	269.87	-125.25	-122.573668
5.551994	0.4	12.	207.197192	-154.28	-124.
6.309715	0.4	12.	200.04	-143.83983	-124.
4.928675	0.4	12.	219.171389	-156.24	-124.
6.512243	0.4	12.	242.79	-153.308445	-124.
5.046173	0.4	12.	258.12	-135.04	-125.504391
4.529778	0.4	12.	279.99	-150.37	-126.510098
6.29066	0.4	12.	181.11	-101.77	-129.838555
4.509211	0.4	12.	204.93	-86.162601	-123.
5.99775	0.4	12.	197.1	-78.28	-121.137443
4.835079	0.4	12.	181.974496	-130.47	-123.
5.517823	0.4	12.	172.48363	-139.28	-123.
5.592429	0.4	12.	167.41	-124.216717	-122.
6.032624	0.4	12.	152.918789	-129.49	-122.
5.533754	0.4	12.	157.547447	-149.06	-122.
5.600419	0.4	12.	240.18	-113.158303	-121.
4.485356	0.4	12.	251.92	-107.31	-120.854005
5.103769	0.4	12.	180.13	-121.99	-118.130981
5.010064	0.4	12.	262.69	-144.49	-116.836237
4.972729	0.4	12.	215.7	-85.95693	-120.
5.37464	0.4	12.	209.83	-116.695016	-119.
4.502157	0.4	12.	209.468337	-105.68	-119.
6.871321	0.4	12.	250.290615	-78.93	-119.
7.395993	0.4	12.	290.1	-81.87	-116.864582
4.978469	0.4	12.	278.68	-143.52	-119.855527
6.301725	0.4	12.	279.34	-132.026339	-118.
5.687406	0.4	12.	280.64	-91.829703	-118.
5.01585	0.4	12.	269.55	-82.180102	-118.
4.84609	0.4	12.	260.0426	-87.09	-118.
6.577318	0.4	12.	227.45	-81.34954	-118.
4.711242	0.4	12.	202.65	-97.170323	-118.
4.610233	0.4	12.	215.594621	-76.	-117.
4.996198	0.4	12.	167.41	-108.623329	-117.
5.814709	0.4	12.	282.93	-169.349021	-116.
4.63775	0.4	12.	267.26	-154.148744	-116.
5.937548	0.4	12.	251.654242	-134.38	-116.
5.049627	0.4	12.	268.24	-96.726765	-116.
4.882752	0.4	12.	237.57	-93.212822	-116.
4.519138	0.4	12.	224.19	-104.37	-115.388244
5.328628	0.4	12.	197.736739	-115.14	-116.
4.559744	0.4	12.	196.12	-103.4	-113.775192
5.647902	0.4	12.	188.29	-108.62	-118.190548
6.194838	0.4	12.	192.86	-92.63	-121.316058
5.994654	0.4	12.	246.902137	-173.85	-116.
5.360075	0.4	12.	258.45	-175.15	-117.634341
5.073737	0.4	12.	266.28	-114.49	-118.825835
4.505732	0.4	12.	288.47	-156.599229	-115.
5.49627	0.4	12.	297.935405	-167.98	-115.
4.982746	0.4	12.	291.402598	-177.11	-115.
6.206381	0.4	12.	250.677484	-95.57	-115.
6.089098	0.4	12.	279.66	-104.05	-118.479104
4.607429	0.4	12.	174.251971	-178.74	-115.
6.217826	0.4	12.	176.583005	-192.44	-115.
4.692996	0.4	12.	216.35	-203.768181	-115.
5.380092	0.4	12.	206.89	-197.66	-114.938069
6.073417	0.4	12.	196.78	-192.12	-119.338151
5.474401	0.4	12.	261.87298	-126.23	-114.
4.923455	0.4	12.	268.57	-135.04	-115.850224
4.617546	0.4	12.	273.14	-123.29	-114.153813
5.417083	0.4	12.	217.33	-97.2	-116.672541
4.702153	0.4	12.	188.62	-136.34	-118.400494
4.686595	0.4	12.	163.17141	-131.12	-114.
4.751172	0.4	12.	162.533912	-118.07	-114.
5.343729	0.4	12.	216.68	-159.349775	-113.
4.790291	0.4	12.	205.870379	-156.56	-113.
5.020046	0.4	12.	200.04	-135.934981	-113.
4.804237	0.4	12.	197.432409	-150.69	-113.
6.175499	0.4	12.	154.979993	-140.58	-113.
4.675607	0.4	12.	175.56	-102.09	-115.853142
5.026786	0.4	12.	181.76	-90.268127	-113.
4.961748	0.4	12.	268.57	-106.349663	-113.
5.151143	0.4	12.	186.274668	-127.86	-112.
4.870986	0.4	12.	178.5	-134.462003	-112.
4.944442	0.4	12.	167.41	-139.6	-111.135336
4.663253	0.4	12.	202.65	-83.17	-110.786216
4.566532	0.4	12.	207.87	-91.482654	-112.
5.091639	0.4	12.	278.68	-150.04	-111.938552
5.000627	0.4	12.	229.08	-97.2	-111.135881
5.650156	0.4	12.	282.27	-182.98	-111.181048
4.717339	0.4	12.	253.88	-142.21	-109.070564
4.541763	0.4	12.	172.95	-163.708538	-111.
4.571712	0.4	12.	169.04	-148.41	-114.619046
6.372898	0.4	12.	184.915857	-182.66	-111.
6.132416	0.4	12.	188.62	-195.764273	-111.
4.519484	0.4	12.	176.54	-110.2421	-110.
4.673422	0.4	12.	227.522411	-201.57	-110.
4.802766	0.4	12.	182.09	-169.94	-109.98136
4.55729	0.4	12.	173.61	-124.770682	-109.
4.584638	0.4	12.	157.174095	-124.27	-109.
4.77038	0.4	12.	217.01	-84.15	-108.471816
5.443108	0.4	12.	225.82	-154.621054	-109.
5.328444	0.4	12.	220.6	-111.103055	-109.
4.516589	0.4	12.	211.97833	-106.01	-108.
4.63361	0.4	12.	238.480917	-100.13	-108.
6.208727	0.4	12.	257.15	-107.595356	-108.
4.646299	0.4	12.	277.921486	-112.86	-108.
4.639219	0.4	12.	279.937364	-140.91	-107.
5.646323	0.4	12.	290.50143	-135.69	-107.
4.747834	0.4	12.	281.29	-129.906885	-107.
4.785863	0.4	12.	226.943164	-88.07	-107.
5.489104	0.4	12.	192.344852	-79.59	-107.
4.578319	0.4	12.	210.81	-73.645898	-106.
4.641278	0.4	12.	263.22702	-160.15	-106.
4.519528	0.4	12.	197.43	-93.94	-105.858378
4.850067	0.4	12.	190.9	-88.39	-101.727534
4.834308	0.4	12.	202.98	-102.092537	-105.
5.011899	0.4	12.	238.87	-87.591457	-105.
6.205234	0.4	12.	224.19	-75.561509	-105.
6.203384	0.4	12.	274.982727	-95.24	-105.
5.775157	0.4	12.	265.63	-84.81346	-105.
4.771012	0.4	12.	259.1	-180.303151	-105.
4.825125	0.4	12.	263.67	-171.57	-109.07817
4.864377	0.4	12.	254.86	-168.116759	-105.
5.327836	0.4	12.	283.58	-173.234405	-105.
5.800916	0.4	12.	295.877585	-159.82	-105.
5.191977	0.4	12.	268.065726	-147.76	-105.
4.57753	0.4	12.	250.62	-177.44	-101.054101
5.330374	0.4	12.	241.104977	-180.37	-105.
5.389022	0.4	12.	248.655244	-133.08	-104.
5.670888	0.4	12.	257.929375	-95.89	-104.
4.511748	0.4	12.	246.38	-94.628687	-104.
4.732594	0.4	12.	286.52	-154.28	-103.828987
4.646378	0.4	12.	286.52	-144.49	-101.450709
5.047426	0.4	12.	173.93	-173.592877	-104.
6.800971	0.4	12.	184.444256	-100.13	-104.
7.346013	0.4	12.	193.519223	-112.53	-103.
5.3061	0.4	12.	187.64	-136.954064	-103.
5.090767	0.4	12.	215.7	-95.57	-106.210783
4.74365	0.4	12.	274.17336	-122.31	-103.
4.617316	0.4	12.	272.16	-136.120322	-103.
4.659689	0.4	12.	265.96	-128.052596	-103.
4.516389	0.4	12.	168.06	-108.629221	-102.
5.970116	0.4	12.	170.753472	-97.85	-102.
4.67702	0.4	12.	180.13	-89.221451	-102.
5.683422	0.4	12.	267.836329	-104.7	-102.
4.674309	0.4	12.	290.76	-168.63	-99.669865
5.382359	0.4	12.	218.64	-203.668788	-102.
4.603106	0.4	12.	198.508409	-189.18	-102.
5.915793	0.4	12.	166.693785	-130.14	-102.
4.592235	0.4	12.	161.86	-116.145927	-102.
4.621058	0.4	12.	205.861942	-80.24	-101.
5.132999	0.4	12.	208.2	-90.156074	-101.
4.968284	0.4	12.	278.36	-150.69	-99.524299
4.631238	0.4	12.	186.99	-195.358682	-100.
6.92543	0.4	12.	160.919463	-154.61	-100.
6.127816	0.4	12.	157.91016	-139.93	-100.
6.164501	0.4	12.	278.36	-182.219434	-100.
6.419948	0.4	12.	232.34	-193.949288	-99.
4.929869	0.4	12.	202.004084	-198.31	-99.
5.692009	0.4	12.	291.684655	-179.39	-99.
5.356027	0.4	12.	229.41	-208.75	-98.825523
4.898648	0.4	12.	207.87	-179.72	-97.160154
5.376782	0.4	12.	191.36181	-162.76	-99.
4.61941	0.4	12.	177.85	-126.819664	-98.
5.722152	0.4	12.	227.78	-157.54	-97.186677
4.486065	0.4	12.	157.62	-123.29	-96.848776
4.515563	0.4	12.	216.35	-82.689177	-98.
5.86605	0.4	12.	278.619742	-113.83	-97.
5.019304	0.4	12.	231.505261	-98.18	-97.
5.126115	0.4	12.	222.56	-90.098663	-96.
4.482215	0.4	12.	197.43	-77.6034	-96.
5.366274	0.4	12.	260.08	-174.833165	-94.
4.944564	0.4	12.	250.95	-175.15	-89.168047
5.872373	0.4	12.	260.08	-159.593666	-94.
4.525226	0.4	12.	280.64	-136.01	-98.304567
5.517736	0.4	12.	286.731258	-129.16	-94.
4.920806	0.4	12.	294.854292	-158.19	-93.
5.752371	0.4	12.	170.211115	-171.24	-93.
4.928589	0.4	12.	244.75	-129.988089	-93.
5.299516	0.4	12.	265.96	-93.94	-95.74202
4.864298	0.4	12.	238.31164	-89.37	-92.
6.723102	0.4	12.	210.15	-71.274169	-92.
4.898468	0.4	12.	188.269177	-135.69	-92.
4.578039	0.4	12.	275.75	-144.348861	-92.
4.735315	0.4	12.	275.42	-123.62	-93.486984
6.284324	0.4	12.	259.76	-188.617217	-92.
4.643246	0.4	12.	178.83	-178.74	-87.59406
5.463073	0.4	12.	210.81	-97.930886	-92.
4.682692	0.4	12.	199.39	-87.41	-95.169029
5.787514	0.4	12.	167.73	-121.567676	-92.
4.686655	0.4	12.	270.190226	-105.68	-91.
5.04287	0.4	12.	296.420272	-168.63	-91.
4.899786	0.4	12.	215.677484	-198.64	-91.
4.716757	0.4	12.	203.431173	-190.81	-91.
4.697135	0.4	12.	245.72	-187.442493	-91.
4.831957	0.4	12.	232.206143	-184.94	-91.
4.492896	0.4	12.	165.670672	-111.22	-91.
4.531614	0.4	12.	187.96	-91.648131	-91.
5.550816	0.4	12.	155.341108	-113.18	-91.
5.593099	0.4	12.	164.14	-100.311692	-91.
4.961734	0.4	12.	260.74	-85.023071	-91.
5.883937	0.4	12.	249.97	-88.363242	-91.
6.890605	0.4	12.	178.17	-81.305462	-91.
4.526616	0.4	12.	160.88	-133.4	-88.459351
5.165482	0.4	12.	266.887106	-140.58	-90.
5.267514	0.4	12.	293.798703	-112.86	-90.
4.570298	0.4	12.	274.44	-95.487651	-90.
4.552312	0.4	12.	192.53	-197.18058	-89.
4.766789	0.4	12.	184.7	-192.12	-88.730444
4.916212	0.4	12.	158.517115	-145.15	-89.
5.890618	0.4	12.	148.259064	-150.69	-89.
5.204588	0.4	12.	149.029338	-132.43	-89.
4.678215	0.4	12.	226.8	-115.46	-87.677389
5.713472	0.4	12.	247.514971	-102.74	-89.
5.408072	0.4	12.	276.775829	-185.59	-89.
4.772044	0.4	12.	282.93	-148.41	-87.467852
4.583214	0.4	12.	204.61	-80.89	-89.69095
5.448502	0.4	12.	295.049555	-142.86	-89.
6.704855	0.4	12.	296.65278	-101.11	-89.
7.100551	0.4	12.	281.95	-83.985813	-89.
4.564579	0.4	12.	182.74	-100.46	-86.14889
4.957631	0.4	12.	173.61	-104.7	-92.662383
5.123494	0.4	12.	173.28	-92.447494	-89.
4.903613	0.4	12.	202.605468	-179.72	-88.
4.95731	0.4	12.	193.51	-162.76	-86.637187
4.861998	0.4	12.	165.45	-152.25493	-88.
5.163742	0.4	12.	227.399871	-197.33	-88.
4.994861	0.4	12.	230.973919	-207.12	-88.
7.368632	0.4	12.	289.45	-188.522329	-88.
5.228967	0.4	12.	285.86	-167.298881	-88.
4.998751	0.4	12.	294.02	-175.81	-83.395073
5.104318	0.4	12.	177.536039	-112.86	-88.
5.91611	0.4	12.	190.9	-81.375996	-88.
5.335696	0.4	12.	198.73	-95.57	-88.108504
4.72538	0.4	12.	230.06	-85.52733	-88.
4.844582	0.4	12.	171.601668	-131.12	-88.
4.831147	0.4	12.	193.19	-182.98	-85.302234
5.568401	0.4	12.	201.02	-202.852218	-88.
6.14352	0.4	12.	283.191014	-103.72	-88.
4.967902	0.4	12.	155.33	-124.243192	-87.
4.886467	0.4	12.	214.07	-85.13	-88.52841
4.654085	0.4	12.	181.767964	-130.14	-87.
4.651994	0.4	12.	237.24	-98.5	-87.293252
5.499432	0.4	12.	269.620674	-115.14	-86.
4.983456	0.4	12.	280.64	-115.224673	-86.
4.624497	0.4	12.	221.25	-79.599757	-85.
5.222837	0.4	12.	282.6	-136.34	-86.2032
4.573861	0.4	12.	280.179847	-126.88	-83.
5.489426	0.4	12.	289.707629	-121.34	-83.
4.656722	0.4	12.	264.65	-175.726238	-82.
4.89152	0.4	12.	292.06	-161.900168	-82.
4.590348	0.4	12.	294.376436	-151.02	-82.
5.33283	0.4	12.	235.965685	-164.06	-82.
4.620695	0.4	12.	260.08	-101.475963	-82.
5.355722	0.4	12.	228.799706	-96.22	-82.
4.623014	0.4	12.	257.47	-167.98	-81.130343
4.687386	0.4	12.	214.72	-97.495903	-81.
4.671366	0.4	12.	207.54	-91.	-81.305516
4.567236	0.4	12.	199.39	-86.44	-83.806632
4.936527	0.4	12.	239.85	-91.168218	-81.
4.9975	0.4	12.	236.26	-106.732913	-81.
5.654518	0.4	12.	192.299428	-126.55	-81.
5.82473	0.4	12.	185.68	-138.070568	-81.
4.560314	0.4	12.	168.847251	-123.95	-81.
4.518333	0.4	12.	145.839175	-124.92	-81.
4.494868	0.4	12.	246.38	-169.896706	-81.
5.046124	0.4	12.	274.38425	-142.21	-81.
4.694079	0.4	12.	172.009109	-174.18	-81.
4.569046	0.4	12.	179.325197	-120.68	-81.
5.740517	0.4	12.	240.036192	-202.88	-81.
5.046521	0.4	12.	295.33	-132.1	-82.592145
4.487974	0.4	12.	245.984964	-109.92	-81.
4.820483	0.4	12.	238.55	-154.61	-77.767294
5.341677	0.4	12.	249.64	-185.59	-81.705718
4.814465	0.4	12.	214.07	-203.110038	-80.
4.629095	0.4	12.	146.845404	-139.6	-80.
4.69248	0.4	12.	162.84	-115.14	-81.234462
5.296484	0.4	12.	166.75	-104.46159	-80.
4.526834	0.4	12.	172.105266	-114.81	-80.
4.850334	0.4	12.	188.317979	-91.33	-80.
5.503275	0.4	12.	261.759716	-91.	-80.
4.518256	0.4	12.	268.57	-107.64	-79.057661
4.6554	0.4	12.	269.764804	-98.5	-79.
5.071918	0.4	12.	249.64	-90.44871	-79.
4.71371	0.4	12.	291.796229	-110.9	-79.
4.526459	0.4	12.	161.054287	-128.19	-79.
5.123885	0.4	12.	264.663387	-139.93	-79.
5.285192	0.4	12.	241.81	-138.62	-82.167007
4.599371	0.4	12.	234.312423	-117.42	-78.
4.836935	0.4	12.	211.79	-142.21	-75.268516
4.7896	0.4	12.	199.06	-130.79	-73.414529
5.983584	0.4	12.	157.29	-150.453195	-78.
4.560284	0.4	12.	150.76	-132.1	-74.833932
4.763521	0.4	12.	177.889542	-103.07	-78.
5.499208	0.4	12.	176.87	-91.369945	-78.
5.907257	0.4	12.	204.28	-81.22	-72.489546
4.957714	0.4	12.	245.190876	-100.46	-78.
4.502111	0.4	12.	287.49	-101.089463	-78.
5.08043	0.4	12.	279.99	-149.39	-76.214988
4.720365	0.4	12.	192.86	-191.156812	-78.
4.585836	0.4	12.	158.27	-137.800474	-78.
4.713604	0.4	12.	182.276747	-199.62	-78.
4.589247	0.4	12.	195.748991	-200.6	-77.
7.025147	0.4	12.	219.94	-216.677888	-77.
4.971665	0.4	12.	229.046012	-208.42	-77.
5.82385	0.4	12.	278.520176	-176.13	-77.
4.77736	0.4	12.	292.06	-168.3	-73.791936
4.541002	0.4	12.	277.05	-104.7	-75.758727
4.608243	0.4	12.	277.05	-92.821775	-77.
4.955398	0.4	12.	209.83	-76.98	-81.56401
5.293126	0.4	12.	199.773693	-96.22	-77.
6.530863	0.4	12.	229.41	-82.94901	-77.
5.004634	0.4	12.	193.84	-84.48	-73.670776
5.136701	0.4	12.	191.55	-170.869256	-77.
5.062233	0.4	12.	168.71	-134.429038	-76.
4.64699	0.4	12.	153.170502	-119.05	-76.
5.655546	0.4	12.	151.74	-162.76	-80.624775
4.615718	0.4	12.	180.79	-190.004218	-76.
4.643584	0.4	12.	192.21	-181.421017	-76.
5.268613	0.4	12.	170.34	-203.53	-79.147596
5.150832	0.4	12.	203.95	-206.286664	-76.
5.099358	0.4	12.	261.06	-184.29	-73.547105
7.54127	0.4	12.	276.07	-190.586126	-76.
5.145934	0.4	12.	200.04	-120.722474	-76.
4.656673	0.4	12.	196.12	-111.55	-73.129595
5.775645	0.4	12.	232.67	-128.944118	-75.
5.281669	0.4	12.	280.31	-116.025582	-75.
5.566207	0.4	12.	217.111685	-87.41	-74.
5.064698	0.4	12.	217.01	-76.400952	-74.
4.745284	0.4	12.	244.764004	-194.07	-73.
5.730941	0.4	12.	224.84	-181.681096	-73.
4.842119	0.4	12.	202.021434	-187.55	-73.
5.47949	0.4	12.	292.595646	-121.66	-72.
4.685169	0.4	12.	260.625932	-114.81	-72.
4.512414	0.4	12.	287.82	-143.19	-76.359516
4.564424	0.4	12.	286.84	-134.71	-72.31255
6.158414	0.4	12.	302.936638	-166.35	-72.
5.293672	0.4	12.	291.829989	-157.54	-71.
4.668844	0.4	12.	298.61686	-149.06	-71.
4.656849	0.4	12.	258.256505	-99.16	-71.
4.620362	0.4	12.	298.605871	-102.09	-71.
5.728451	0.4	12.	234.95594	-97.2	-71.
5.668865	0.4	12.	164.14	-164.39	-70.090174
4.860458	0.4	12.	269.321976	-176.79	-71.
4.504067	0.4	12.	260.41	-174.18	-66.655051
5.743463	0.4	12.	236.91	-169.621668	-71.
4.51786	0.4	12.	227.45	-160.081651	-71.
5.319018	0.4	12.	279.81874	-127.21	-71.
5.838146	0.4	12.	252.25	-122.738487	-71.
4.757744	0.4	12.	148.613307	-170.91	-71.
4.532782	0.4	12.	144.89	-149.06	-74.771758
4.503902	0.4	12.	245.72	-107.64	-67.86358
6.431443	0.4	12.	268.57	-85.207465	-70.
4.498647	0.4	12.	241.109375	-89.04	-70.
4.886267	0.4	12.	207.361689	-91.65	-70.
4.496762	0.4	12.	172.3	-127.858469	-70.
4.495614	0.4	12.	183.92197	-133.08	-70.
5.233501	0.4	12.	190.9	-125.9	-68.824061
4.843795	0.4	12.	173.61	-182.220559	-70.
4.501674	0.4	12.	230.39	-204.18	-67.108333
5.051053	0.4	12.	233.98	-195.614715	-70.
4.567931	0.4	12.	215.599253	-98.18	-70.
4.548464	0.4	12.	235.61	-108.251452	-69.
4.875956	0.4	12.	257.15	-88.745099	-69.
4.503756	0.4	12.	268.89	-104.7	-69.848758
4.581545	0.4	12.	186.01	-90.02	-67.472204
5.192005	0.4	12.	167.73	-105.894701	-69.
4.593527	0.4	12.	162.18	-114.126126	-69.
4.58516	0.4	12.	170.139533	-118.73	-69.
4.557339	0.4	12.	147.54467	-124.27	-69.
5.045216	0.4	12.	147.83	-139.28	-67.166533
4.537399	0.4	12.	145.87	-157.748384	-69.
4.908557	0.4	12.	174.445535	-204.18	-69.
4.905674	0.4	12.	166.75	-197.99	-68.332154
6.866669	0.4	12.	153.7	-182.415525	-69.
5.723409	0.4	12.	243.77	-204.048483	-69.
4.929224	0.4	12.	252.9	-188.608985	-69.
5.389388	0.4	12.	211.13	-212.667811	-69.
5.150682	0.4	12.	159.9	-124.605171	-68.
4.644738	0.4	12.	287.17	-108.29	-70.869154
4.748351	0.4	12.	202.98	-84.15	-62.263413
5.209311	0.4	12.	248.99	-97.433401	-67.
4.936945	0.4	12.	181.978441	-98.83	-67.
4.901902	0.4	12.	172.3	-95.98542	-67.
5.22326	0.4	12.	296.36375	-110.57	-66.
4.651117	0.4	12.	282.6	-99.81	-70.225412
4.778971	0.4	12.	311.64	-144.17	-66.12124
5.779944	0.4	12.	282.502366	-172.87	-66.
4.807746	0.4	12.	200.36	-99.48	-67.266119
5.078094	0.4	12.	235.28	-119.38	-67.883678
4.501506	0.4	12.	193.51	-192.641147	-65.
4.715043	0.4	12.	183.45265	-195.7	-65.
4.655278	0.4	12.	221.353762	-207.45	-65.
4.547765	0.4	12.	153.459165	-117.42	-65.
6.21667	0.4	12.	194.49	-75.853944	-65.
5.36069	0.4	12.	223.53	-87.41	-60.156569
5.478419	0.4	12.	233.32	-81.739015	-65.
4.701204	0.4	12.	274.44	-97.487502	-65.
4.495418	0.4	12.	156.96	-143.800505	-65.
4.754482	0.4	12.	158.59	-135.04	-68.125254
4.925677	0.4	12.	162.321298	-207.12	-65.
5.543252	0.4	12.	296.3	-177.188052	-65.
5.678286	0.4	12.	196.904907	-202.55	-65.
5.09493	0.4	12.	280.97	-118.869904	-64.
4.749716	0.4	12.	204.61	-125.763921	-63.
4.531018	0.4	12.	197.1	-106.98	-61.584045
4.978465	0.4	12.	239.52	-141.226849	-63.
4.834259	0.4	12.	188.29	-185.025406	-63.
5.322275	0.4	12.	188.94	-175.15	-60.602207
5.256576	0.4	12.	192.53	-164.125223	-63.
4.758635	0.4	12.	269.459375	-152.97	-63.
6.727535	0.4	12.	261.520525	-139.93	-63.
4.812803	0.4	12.	148.48	-167.630457	-62.
4.818227	0.4	12.	278.68	-107.31	-61.26306
5.242233	0.4	12.	288.15	-137.32	-62.593855
4.718204	0.4	12.	298.724405	-134.38	-61.
4.986875	0.4	12.	291.071686	-119.71	-61.
4.57684	0.4	12.	302.341416	-169.61	-61.
4.523987	0.4	12.	292.06	-164.498484	-61.
4.903363	0.4	12.	276.73	-182.33	-65.358528
4.794044	0.4	12.	261.71	-115.909408	-61.
4.626039	0.4	12.	251.6	-116.12	-56.524851
4.775138	0.4	12.	290.43	-102.42	-59.28576
4.90574	0.4	12.	300.969189	-102.42	-60.
4.717023	0.4	12.	293.69	-147.43	-62.431265
4.582592	0.4	12.	304.79	-157.54	-64.405493
4.784868	0.4	12.	297.28	-156.24	-55.259039
7.420648	0.4	12.	237.57	-215.493261	-60.
4.734988	0.4	12.	164.14	-167.322014	-60.
4.5327	0.4	12.	240.18	-167.219857	-60.
4.827028	0.4	12.	232.34	-157.87	-59.242338
5.346448	0.4	12.	221.25	-181.823385	-60.
4.829657	0.4	12.	210.15	-170.59	-60.792803
4.76669	0.4	12.	264.98	-93.046627	-59.
4.548904	0.4	12.	211.46	-91.33	-60.582635
5.061852	0.4	12.	206.56	-100.441757	-59.
6.82898	0.4	12.	177.2	-185.08847	-59.
4.500985	0.4	12.	172.63	-173.85	-61.013135
5.885512	0.4	12.	161.565632	-151.67	-59.
4.834585	0.4	12.	181.481911	-128.84	-59.
4.680798	0.4	12.	191.864679	-129.16	-59.
5.378932	0.4	12.	198.08	-117.683506	-59.
4.53389	0.4	12.	285.86	-127.995738	-59.
5.899299	0.4	12.	245.07	-88.297685	-58.
4.520008	0.4	12.	234.3	-90.421426	-58.
5.069527	0.4	12.	260.41	-103.668656	-58.
4.621783	0.4	12.	247.36	-107.64	-57.204795
4.822853	0.4	12.	172.41041	-108.94	-58.
5.651059	0.4	12.	176.730142	-119.38	-58.
4.670979	0.4	12.	153.259668	-127.53	-58.
5.313625	0.4	12.	144.511506	-134.71	-58.
5.421982	0.4	12.	139.855983	-145.47	-58.
5.205578	0.4	12.	149.46	-177.676256	-58.
4.796532	0.4	12.	148.15	-154.381535	-58.
5.264465	0.4	12.	166.578141	-195.05	-58.
4.937002	0.4	12.	242.46	-203.769857	-58.
5.516167	0.4	12.	254.776099	-194.07	-58.
4.544835	0.4	12.	285.86	-187.689742	-58.
4.860661	0.4	12.	205.356177	-209.08	-58.
4.720954	0.4	12.	185.68	-206.493226	-58.
4.920193	0.4	12.	255.19	-92.31	-54.650778
4.794499	0.4	12.	217.01	-101.082425	-58.
4.856899	0.4	12.	241.16	-99.48	-56.259686
4.638159	0.4	12.	268.89	-108.70768	-58.
5.699566	0.4	12.	190.57	-91.	-56.115307
6.349356	0.4	12.	268.57	-175.112243	-58.
4.993466	0.4	12.	265.551001	-186.57	-58.
5.590625	0.4	12.	164.14	-121.173669	-57.
4.858782	0.4	12.	162.84	-110.314116	-57.
4.766758	0.4	12.	189.27	-101.11	-59.905144
4.706925	0.4	12.	143.82802	-123.95	-57.
5.246814	0.4	12.	232.02	-133.077197	-57.
5.357197	0.4	12.	311.97	-157.343293	-57.
4.963534	0.4	12.	309.03	-134.046253	-57.
5.769145	0.4	12.	204.93	-87.09	-50.794649
4.502038	0.4	12.	179.81	-101.11	-57.837355
4.706583	0.4	12.	233.98	-120.45806	-55.
5.24905	0.4	12.	295.065781	-110.25	-55.
5.032264	0.4	12.	314.58	-145.556629	-55.
4.836083	0.4	12.	197.473604	-99.48	-55.
5.795846	0.4	12.	281.95	-98.325518	-54.
4.685583	0.4	12.	287.17	-168.93193	-54.
4.791662	0.4	12.	289.45	-178.42	-54.94113
4.644814	0.4	12.	226.14	-211.873291	-54.
5.724174	0.4	12.	195.8	-206.331391	-54.
4.656494	0.4	12.	187.64	-192.77	-54.143682
6.305744	0.4	12.	177.52	-197.53407	-54.
7.326735	0.4	12.	169.36	-209.28763	-54.
4.58408	0.4	12.	154.03	-136.99	-55.988726
5.019603	0.4	12.	162.18	-132.1	-53.966659
4.737213	0.4	12.	154.634714	-115.79	-54.
4.994965	0.4	12.	284.88	-109.726614	-54.
5.159177	0.4	12.	193.368472	-108.62	-52.
5.204483	0.4	12.	191.23	-165.97901	-52.
5.907856	0.4	12.	186.66	-182.98	-49.430004
4.67866	0.4	12.	254.609614	-156.89	-52.
4.859784	0.4	12.	253.88	-145.47	-55.109937
4.618013	0.4	12.	236.91	-146.12	-51.20293
4.924067	0.4	12.	204.28	-127.876601	-52.
4.801745	0.4	12.	269.22	-152.513656	-52.
5.103375	0.4	12.	160.55	-141.56	-46.997043
4.483142	0.4	12.	204.93	-109.59	-55.083168
5.020846	0.4	12.	152.72	-164.06	-52.711628
4.992883	0.4	12.	135.141629	-152.32	-51.
5.868304	0.4	12.	208.751877	-151.34	-51.
5.231866	0.4	12.	224.51	-100.112854	-51.
4.718936	0.4	12.	280.64	-118.704583	-51.
5.249521	0.4	12.	270.53	-117.024307	-51.
5.695129	0.4	12.	296.63	-126.836077	-51.
4.571448	0.4	12.	169.773771	-101.11	-51.
4.832602	0.4	12.	263.35	-166.02	-46.089197
5.514832	0.4	12.	278.03	-184.29	-48.390626
4.763004	0.4	12.	304.873783	-166.35	-50.
4.790887	0.4	12.	286.52	-135.36	-50.877688
4.589914	0.4	12.	290.280192	-117.42	-50.
5.034689	0.4	12.	294.35	-155.91	-45.42598
5.147514	0.4	12.	289.13	-147.370802	-49.
4.963603	0.4	12.	224.989886	-180.37	-49.
5.499409	0.4	12.	238.22	-164.39	-50.266907
4.55039	0.4	12.	258.01254	-115.79	-49.
4.788931	0.4	12.	241.16	-118.095445	-49.
5.088533	0.4	12.	236.26	-205.541263	-49.
5.520899	0.4	12.	163.188178	-165.04	-49.
5.352425	0.4	12.	293.04	-98.146927	-48.
4.59806	0.4	12.	210.963872	-100.13	-48.
4.957663	0.4	12.	298.59	-140.933821	-48.
4.647939	0.4	12.	163.82	-152.99663	-48.
4.584852	0.4	12.	261.332548	-100.46	-47.
5.304897	0.4	12.	273.579383	-104.37	-47.
5.500214	0.4	12.	139.730386	-141.88	-47.
5.47427	0.4	12.	153.090949	-131.45	-47.
4.557896	0.4	12.	161.75679	-125.25	-47.
5.100123	0.4	12.	166.665589	-194.72	-47.
5.348216	0.4	12.	155.396431	-174.18	-47.
4.545956	0.4	12.	250.915278	-193.42	-47.
4.957243	0.4	12.	202.212263	-211.36	-47.
5.976933	0.4	12.	188.29	-97.322606	-46.
4.485541	0.4	12.	164.47	-116.12	-47.335408
4.922046	0.4	12.	169.04	-109.92	-41.420467
5.185872	0.4	12.	145.87066	-123.62	-46.
6.668558	0.4	12.	262.10431	-185.92	-46.
5.618982	0.4	12.	309.135267	-139.28	-46.
7.438659	0.4	12.	211.79	-219.525137	-46.
4.641988	0.4	12.	183.742497	-202.88	-46.
4.554591	0.4	12.	244.317336	-199.62	-46.
4.589648	0.4	12.	252.469129	-95.57	-46.
4.839945	0.4	12.	286.774281	-125.58	-46.
6.800293	0.4	12.	273.46	-195.979566	-45.
4.814931	0.4	12.	269.55	-174.83	-41.859048
5.531449	0.4	12.	299.695648	-175.48	-45.
4.996964	0.4	12.	224.84	-199.29	-47.819107
5.589034	0.4	12.	144.24	-163.74	-42.822127
4.546649	0.4	12.	177.184357	-101.44	-45.
4.7401	0.4	12.	240.18	-94.306913	-45.
7.147496	0.4	12.	247.68	-83.584598	-45.
5.949267	0.4	12.	200.36	-97.373539	-44.
4.668479	0.4	12.	180.131262	-111.55	-44.
4.804083	0.4	12.	171.327394	-121.99	-44.
5.739737	0.4	12.	318.664628	-145.47	-44.
4.774117	0.4	12.	309.36	-150.04	-41.721707
4.589192	0.4	12.	285.54	-103.622872	-43.
4.848741	0.4	12.	288.15	-173.85	-45.207704
4.745569	0.4	12.	223.832994	-210.05	-43.
5.253127	0.4	12.	195.8	-202.853693	-43.
4.819272	0.4	12.	178.17	-201.9	-38.308441
5.400005	0.4	12.	153.724347	-115.14	-43.
5.294968	0.4	12.	289.78	-193.42	-46.387352
4.778103	0.4	12.	290.76	-182.66	-39.742115
4.838416	0.4	12.	249.31	-148.41	-44.44163
4.691141	0.4	12.	266.446007	-156.89	-41.
5.028865	0.4	12.	188.62	-195.556906	-41.
5.248583	0.4	12.	193.345331	-186.24	-41.
6.069309	0.4	12.	194.16	-168.3	-39.464655
5.170093	0.4	12.	205.91	-125.159346	-41.
4.519304	0.4	12.	189.27	-114.186432	-41.
5.439123	0.4	12.	258.984325	-144.49	-40.
5.682047	0.4	12.	218.258307	-100.79	-40.
4.534084	0.4	12.	225.82	-112.53	-39.480901
4.772915	0.4	12.	270.2	-114.566445	-39.
5.139943	0.4	12.	294.67	-127.86	-36.815006
4.587787	0.4	12.	285.86	-115.79	-39.895828
6.226553	0.4	12.	148.615252	-146.45	-39.
4.637597	0.4	12.	254.762132	-156.24	-38.
4.976901	0.4	12.	254.86	-166.373515	-38.
5.076412	0.4	12.	282.507834	-134.06	-38.
4.728291	0.4	12.	237.57	-119.413439	-38.
6.244233	0.4	12.	260.74	-107.672697	-38.
5.610305	0.4	12.	229.95081	-102.74	-38.
4.7473	0.4	12.	294.67	-167.65	-38.882099
5.444891	0.4	12.	230.06	-208.42	-34.891507
5.031159	0.4	12.	209.18	-93.339201	-37.
5.104059	0.4	12.	297.387836	-103.4	-37.
5.049677	0.4	12.	295.61582	-117.42	-37.
4.793656	0.4	12.	280.97	-94.867594	-37.
6.572258	0.4	12.	163.49	-150.157451	-37.
4.952758	0.4	12.	171.	-194.935899	-36.
4.511635	0.4	12.	243.62851	-191.79	-36.
4.978483	0.4	12.	276.129235	-183.63	-36.
4.905279	0.4	12.	283.25	-124.195229	-35.
5.641347	0.4	12.	276.4	-105.629506	-35.
4.833758	0.4	12.	191.88	-99.16	-35.835372
5.420808	0.4	12.	155.01	-124.709872	-35.
7.452709	0.4	12.	143.58	-133.73	-36.007388
5.372894	0.4	12.	212.10057	-212.34	-35.
5.148584	0.4	12.	201.02	-211.528475	-35.
7.170375	0.4	12.	242.46	-203.634668	-35.
5.426417	0.4	12.	253.596131	-186.24	-35.
4.615634	0.4	12.	226.14	-120.501278	-34.
4.721571	0.4	12.	186.66	-106.953913	-34.
6.461457	0.4	12.	180.13	-97.614224	-34.
4.893572	0.4	12.	221.25	-203.016423	-34.
4.74719	0.4	12.	245.72	-99.636274	-34.
4.537708	0.4	12.	275.75	-117.75	-31.363995
4.883045	0.4	12.	259.1	-118.004262	-33.
4.956703	0.4	12.	198.08	-106.33	-30.715597
4.637142	0.4	12.	200.69	-97.104962	-33.
4.816561	0.4	12.	206.24	-105.35	-36.574291
5.189539	0.4	12.	198.369345	-201.25	-32.
5.573257	0.4	12.	289.749587	-175.15	-32.
5.002071	0.4	12.	288.500606	-107.96	-31.
6.940721	0.4	12.	158.59	-111.427599	-31.
5.179557	0.4	12.	274.11	-136.435429	-30.
4.624598	0.4	12.	256.82	-125.25	-26.846004
6.014637	0.4	12.	267.031025	-157.21	-30.
6.301642	0.4	12.	232.600962	-155.91	-30.
5.193064	0.4	12.	232.34	-186.57	-27.287916
4.902328	0.4	12.	221.58	-189.630082	-30.
4.574419	0.4	12.	261.71	-189.494023	-29.
4.64877	0.4	12.	254.21	-138.3	-32.123494
4.539524	0.4	12.	251.396913	-148.41	-29.
5.670832	0.4	12.	215.7	-100.79	-24.99417
5.099138	0.4	12.	190.9	-111.88	-24.256095
5.056672	0.4	12.	264.996247	-111.22	-28.
4.864886	0.4	12.	240.5	-117.833904	-27.
5.108965	0.4	12.	227.45	-101.44	-24.852029
7.614123	0.4	12.	295.603478	-162.43	-26.
4.583525	0.4	12.	279.317304	-159.5	-26.
4.958728	0.4	12.	252.58	-162.76	-28.825602
5.491232	0.4	12.	166.894385	-151.67	-25.
6.416926	0.4	12.	157.62	-142.876305	-25.
4.532612	0.4	12.	281.62	-97.242374	-25.
6.759729	0.4	12.	309.36	-148.593127	-25.
4.755183	0.4	12.	290.1	-117.240948	-25.
4.619687	0.4	12.	257.312879	-153.63	-24.
4.871242	0.4	12.	263.528786	-165.7	-24.
5.150421	0.4	12.	249.31	-188.690993	-24.
4.640295	0.4	12.	227.12	-113.51	-27.585591
4.638425	0.4	12.	182.468762	-103.4	-23.
5.597317	0.4	12.	225.612234	-200.27	-23.
6.694242	0.4	12.	188.94	-164.06	-27.94597
6.699563	0.4	12.	162.18	-122.572515	-22.
6.957297	0.4	12.	155.98	-133.73	-15.272665
5.351817	0.4	12.	197.22766	-100.46	-22.
4.637349	0.4	12.	204.93	-107.876843	-22.
5.281926	0.4	12.	279.582457	-118.4	-22.
5.164948	0.4	12.	267.91	-118.4	-20.421033
6.283907	0.4	12.	257.794352	-178.09	-22.
5.728702	0.4	12.	236.323421	-206.47	-22.
5.575245	0.4	12.	211.326645	-207.45	-22.
5.425796	0.4	12.	186.33	-189.80321	-22.
4.748099	0.4	12.	246.05	-163.886674	-21.
4.813269	0.4	12.	241.81	-155.26	-23.646253
5.422803	0.4	12.	235.173134	-146.12	-21.
4.684111	0.4	12.	192.53	-200.94587	-21.
5.19943	0.4	12.	282.6	-178.636888	-21.
4.648614	0.4	12.	226.8	-120.03	-19.47453
4.810406	0.4	12.	242.074658	-182.66	-20.
5.048482	0.4	12.	234.419405	-193.75	-20.
6.224297	0.4	12.	222.405802	-152.65	-20.
7.66226	0.4	12.	275.75	-143.006285	-19.
5.387419	0.4	12.	260.41	-123.62	-14.961467
5.126007	0.4	12.	249.31	-122.97	-20.976407
4.756752	0.4	12.	234.3	-158.85	-17.758651
5.550701	0.4	12.	266.183739	-156.89	-18.
5.751519	0.4	12.	231.69	-183.96	-16.285809
5.979971	0.4	12.	272.81	-108.449582	-17.
5.039135	0.4	12.	254.86	-135.69	-13.676511
5.158059	0.4	12.	253.56	-160.098858	-13.
4.484235	0.4	12.	242.973117	-156.24	-13.
5.135222	0.4	12.	256.49	-150.126727	-13.
5.958781	0.4	12.	253.377225	-191.79	-13.
4.538092	0.4	12.	260.201723	-169.28	-13.
4.538008	0.4	12.	248.66	-172.87	-9.791432
6.304886	0.4	12.	220.27	-196.330541	-13.
5.595326	0.4	12.	185.263458	-161.78	-12.
5.29257	0.4	12.	213.42	-154.173814	-12.
5.72333	0.4	12.	226.309122	-166.67	-12.
5.149733	0.4	12.	255.51	-181.129288	-10.
5.909659	0.4	12.	244.42	-162.76	-4.212247
4.594938	0.4	12.	225.82	-155.26	-6.43235
5.924182	0.4	12.	225.49	-144.237576	-9.
4.699619	0.4	12.	193.84	-170.59	-9.1552
4.934345	0.4	12.	245.664296	-183.96	-9.
5.074285	0.4	12.	237.495905	-192.44	-9.
4.689848	0.4	12.	226.47	-177.06663	-9.
4.912097	0.4	12.	234.3	-159.879789	-8.
5.511918	0.4	12.	231.04	-182.33	-1.498016
4.937284	0.4	12.	212.77	-167.803973	-4.
7.644516	0.4	12.	214.696858	-183.96	-4.
4.854423	0.4	12.	212.493135	-156.24	-1.
4.64521	0.4	12.	190.57	-161.46	1.714643
5.809741	0.4	12.	237.79132	-151.67	-1.
5.095021	1.	11.	220.6	-138.62	-142.937783
5.373672	1.	11.	232.121627	-138.3	-141.
4.750436	1.	11.	241.434481	-129.49	-139.
5.785846	1.	11.	205.071209	-134.38	-132.
4.487606	1.	11.	241.605728	-121.99	-132.
4.896115	1.	11.	249.64	-110.25	-133.973169
4.819791	1.	11.	258.12	-165.821988	-132.
5.338994	1.	11.	217.99	-130.14	-136.615935
4.660404	1.	11.	234.904631	-142.86	-130.
4.451351	1.	11.	238.55	-132.292865	-130.
4.604339	1.	11.	223.41291	-140.58	-130.
4.337364	1.	11.	253.306325	-154.28	-129.
4.357363	1.	11.	224.19	-127.86	-127.288025
4.431316	1.	11.	242.79	-165.701326	-126.
5.794013	1.	11.	233.	-162.76	-130.597228
4.951429	1.	11.	206.89	-179.760213	-126.
5.604256	1.	11.	196.78	-164.06	-129.88098
5.515839	1.	11.	243.659602	-103.07	-125.
4.591319	1.	11.	212.44	-126.23	-124.015075
4.653667	1.	11.	272.754003	-163.09	-123.
4.621672	1.	11.	210.44357	-140.25	-122.
5.155377	1.	11.	242.656612	-125.25	-121.
4.444095	1.	11.	218.740083	-133.4	-120.
4.880412	1.	11.	232.67	-120.821674	-119.
4.919642	1.	11.	240.5	-138.428454	-119.
4.400312	1.	11.	234.3	-146.10019	-119.
4.687032	1.	11.	221.25	-144.781487	-119.
4.85918	1.	11.	227.628429	-135.36	-118.
4.561598	1.	11.	251.939192	-156.56	-118.
4.372044	1.	11.	232.515802	-107.64	-117.
5.022682	1.	11.	243.77	-161.48809	-115.
5.531995	1.	11.	234.052852	-165.7	-115.
4.459717	1.	11.	225.49	-125.979869	-115.
4.60811	1.	11.	244.09	-105.68	-113.463158
4.471768	1.	11.	254.86	-116.44	-117.687188
4.568955	1.	11.	209.18	-126.55	-114.341237
6.616627	1.	11.	225.49	-175.901817	-114.
4.705296	1.	11.	201.34	-169.013127	-114.
5.410207	1.	11.	189.6	-157.87	-114.177879
5.129272	1.	11.	185.728173	-147.1	-114.
5.054105	1.	11.	198.10003	-125.58	-114.
4.821935	1.	11.	213.74	-147.76	-112.416664
4.616884	1.	11.	273.79	-161.419993	-112.
4.417467	1.	11.	211.79	-170.127297	-112.
4.54445	1.	11.	205.59	-185.27	-111.113144
5.017739	1.	11.	192.53	-171.89	-109.617544
5.25787	1.	11.	239.52	-130.028015	-110.
4.363822	1.	11.	248.614476	-122.97	-110.
5.215569	1.	11.	258.952267	-151.67	-110.
4.698041	1.	11.	234.96	-116.12	-110.651089
5.093832	1.	11.	242.46	-112.2	-105.18728
4.389428	1.	11.	214.07	-136.34	-112.836759
4.419035	1.	11.	206.834524	-141.23	-109.
5.196143	1.	11.	236.94241	-140.91	-108.
4.652084	1.	11.	223.86	-144.31616	-108.
4.330918	1.	11.	232.02	-123.62	-106.335717
5.096	1.	11.	245.72	-152.	-111.64738
4.847724	1.	11.	181.641398	-118.07	-107.
4.654137	1.	11.	221.412488	-133.73	-107.
4.672225	1.	11.	248.01	-157.54	-102.24382
4.645049	1.	11.	217.01	-190.48	-106.260841
6.004562	1.	11.	231.04	-107.31	-105.407516
4.345046	1.	11.	180.46	-146.655815	-105.
4.77365	1.	11.	176.22	-154.748686	-105.
4.509907	1.	11.	260.08	-134.71	-106.344408
4.654921	1.	11.	229.73	-134.71	-102.596062
4.811986	1.	11.	244.771812	-170.26	-104.
4.494146	1.	11.	239.272451	-162.43	-104.
4.654834	1.	11.	218.31	-123.064874	-104.
4.833539	1.	11.	201.67	-170.26	-103.539847
4.594472	1.	11.	207.22	-118.171687	-103.
5.129439	1.	11.	199.39	-133.239324	-103.
4.543852	1.	11.	258.891828	-121.99	-103.
5.109577	1.	11.	226.328547	-169.94	-103.
4.693987	1.	11.	225.606543	-181.68	-103.
5.745432	1.	11.	190.447737	-150.37	-102.
4.677297	1.	11.	181.11	-163.714154	-102.
4.363699	1.	11.	206.616251	-147.43	-102.
4.746981	1.	11.	238.22	-149.742478	-102.
4.712972	1.	11.	211.13	-157.539155	-102.
4.403384	1.	11.	193.19	-124.92	-105.424325
5.121042	1.	11.	200.04	-154.28	-97.689865
4.499084	1.	11.	278.03	-167.33	-98.081995
4.487415	1.	11.	272.096207	-157.87	-101.
4.697002	1.	11.	269.22	-171.998525	-101.
5.163444	1.	11.	209.18	-128.51	-103.220014
4.475118	1.	11.	192.53	-173.290917	-100.
4.555663	1.	11.	209.5	-192.344873	-100.
4.344814	1.	11.	214.663011	-171.89	-100.
4.734727	1.	11.	215.05	-143.19	-102.554012
4.681596	1.	11.	248.01	-121.66	-99.396877
4.924626	1.	11.	239.85	-136.219552	-99.
5.387629	1.	11.	254.659467	-150.37	-98.
4.371299	1.	11.	256.302954	-113.18	-98.
4.370676	1.	11.	205.59	-139.07108	-98.
4.533218	1.	11.	217.66	-116.160402	-97.
4.733506	1.	11.	233.	-117.104475	-97.
5.034947	1.	11.	233.953602	-128.19	-96.
4.621862	1.	11.	222.23	-141.23	-95.283098
4.953324	1.	11.	214.423428	-135.36	-96.
5.181329	1.	11.	232.02	-143.520673	-96.
4.834097	1.	11.	246.7	-155.91	-92.760708
4.903139	1.	11.	245.361501	-111.88	-95.
4.911774	1.	11.	183.662561	-117.1	-95.
4.552239	1.	11.	223.53	-149.71	-91.41621
5.538165	1.	11.	231.69	-106.98	-90.6189
4.527641	1.	11.	171.97	-139.93	-92.902059
4.466575	1.	11.	175.187623	-150.69	-94.
4.87244	1.	11.	266.871958	-151.02	-94.
5.029519	1.	11.	258.119846	-136.34	-94.
4.51394	1.	11.	220.27	-188.961256	-93.
4.469501	1.	11.	221.9	-131.12	-91.412569
4.711349	1.	11.	215.05	-125.062892	-93.
4.973549	1.	11.	241.48	-166.723771	-93.
4.392759	1.	11.	220.92	-102.444238	-93.
4.761511	1.	11.	204.61	-107.526585	-93.
4.382678	1.	11.	251.27	-164.39	-91.391185
4.897443	1.	11.	260.873199	-123.62	-92.
4.408832	1.	11.	204.704268	-116.77	-92.
4.385996	1.	11.	229.08	-173.225468	-92.
4.387771	1.	11.	222.88	-179.523697	-92.
5.213087	1.	11.	217.99	-162.43	-96.262332
4.359425	1.	11.	180.13	-170.91	-95.067929
4.724324	1.	11.	267.766401	-130.47	-91.
4.609574	1.	11.	240.83	-147.645099	-91.
5.088513	1.	11.	197.881836	-129.82	-91.
4.516816	1.	11.	189.27	-151.02	-90.092303
5.396817	1.	11.	183.72	-161.61202	-91.
5.296562	1.	11.	276.809325	-161.78	-90.
4.706705	1.	11.	279.99	-175.115956	-90.
5.218616	1.	11.	271.00038	-170.59	-90.
4.585329	1.	11.	240.5	-176.762787	-90.
4.468111	1.	11.	238.55	-194.015828	-90.
4.750467	1.	11.	203.95	-165.37	-94.182937
4.514459	1.	11.	213.377351	-153.95	-90.
4.607859	1.	11.	207.87	-145.8	-92.112998
5.567806	1.	11.	201.34	-151.34	-84.665917
4.93213	1.	11.	188.62	-180.37	-94.193842
4.916646	1.	11.	177.85	-187.22	-94.412468
4.635723	1.	11.	169.04	-186.990417	-90.
4.587844	1.	11.	164.14	-162.533275	-90.
4.355603	1.	11.	206.753975	-132.75	-89.
4.493914	1.	11.	194.658404	-172.22	-89.
4.541386	1.	11.	216.912349	-171.24	-89.
4.43932	1.	11.	251.461048	-123.62	-88.
4.98609	1.	11.	238.492767	-122.31	-88.
4.417185	1.	11.	190.736257	-112.53	-87.
5.17447	1.	11.	192.21	-103.07	-91.941719
4.87726	1.	11.	256.82	-112.53	-86.648143
4.661084	1.	11.	253.88	-149.33394	-87.
5.027299	1.	11.	207.380793	-170.26	-86.
4.621939	1.	11.	223.064831	-140.58	-85.
4.792573	1.	11.	232.485739	-143.84	-84.
5.088063	1.	11.	174.458371	-150.69	-83.
5.025212	1.	11.	174.58	-139.178512	-83.
4.419804	1.	11.	176.54	-166.02	-85.419848
4.84649	1.	11.	266.94	-150.492414	-83.
4.570055	1.	11.	255.509601	-135.04	-83.
4.841898	1.	11.	213.74	-135.583177	-83.
4.976772	1.	11.	215.7	-110.57	-85.586479
5.073828	1.	11.	228.43	-153.516375	-82.
4.335251	1.	11.	228.216762	-122.97	-82.
4.523157	1.	11.	219.526016	-188.2	-82.
4.812673	1.	11.	215.7	-178.745204	-82.
4.366804	1.	11.	254.86	-176.79	-79.92147
4.409962	1.	11.	246.86701	-149.71	-81.
4.625441	1.	11.	245.4	-160.48	-83.093182
4.674893	1.	11.	219.62	-128.010077	-81.
4.905056	1.	11.	207.247906	-113.51	-81.
4.520698	1.	11.	202.65	-104.37	-81.850604
4.355369	1.	11.	271.5	-124.576789	-81.
5.582445	1.	11.	230.39	-177.11	-82.504384
4.872819	1.	11.	217.66	-158.52	-82.293415
5.224403	1.	11.	258.668999	-156.24	-81.
4.618349	1.	11.	215.233056	-119.71	-81.
4.552457	1.	11.	226.14	-108.45542	-81.
4.669244	1.	11.	235.61	-187.624819	-80.
4.72108	1.	11.	222.23	-197.66	-78.926769
4.740481	1.	11.	262.69	-129.807595	-80.
4.54132	1.	11.	187.96	-154.91132	-80.
4.797898	1.	11.	281.29	-160.120536	-79.
5.557506	1.	11.	271.18	-165.581234	-79.
4.580109	1.	11.	241.206257	-178.74	-79.
4.509107	1.	11.	209.571791	-153.63	-79.
5.086417	1.	11.	181.560149	-172.22	-79.
4.457503	1.	11.	204.93	-136.449816	-78.
5.042412	1.	11.	167.58564	-144.49	-78.
4.545944	1.	11.	209.83	-125.25	-76.051718
4.381552	1.	11.	219.94	-103.72	-75.593363
4.358743	1.	11.	202.98	-161.055092	-78.
4.978935	1.	11.	242.46	-123.511947	-77.
4.711028	1.	11.	194.49	-160.8	-74.577285
4.334667	1.	11.	178.5	-158.85	-78.171151
4.89841	1.	11.	186.01	-109.146782	-76.
4.539287	1.	11.	191.88	-102.42	-79.425666
4.603528	1.	11.	253.667719	-109.27	-75.
4.504139	1.	11.	259.76	-121.01	-79.274358
4.406918	1.	11.	270.404116	-117.42	-75.
4.487086	1.	11.	206.89	-178.949992	-75.
4.368787	1.	11.	204.050981	-169.61	-75.
5.13674	1.	11.	217.33	-169.28	-78.730577
4.745802	1.	11.	227.901153	-141.23	-74.
4.390487	1.	11.	220.27	-145.47	-77.910912
4.64127	1.	11.	218.97	-133.08	-72.29575
4.574167	1.	11.	237.857118	-138.62	-73.
5.707075	1.	11.	208.356426	-107.64	-72.
5.306444	1.	11.	178.085919	-145.8	-72.
5.444377	1.	11.	253.88	-135.352764	-72.
4.838357	1.	11.	177.85	-164.06	-70.09378
4.388623	1.	11.	225.82	-118.4	-74.046614
4.88528	1.	11.	224.84	-125.58	-67.272544
5.949862	1.	11.	248.66	-162.76	-72.946982
6.040685	1.	11.	249.31	-148.562541	-70.
5.242395	1.	11.	250.95	-175.005345	-70.
4.550919	1.	11.	216.121547	-160.48	-70.
5.270276	1.	11.	220.848278	-151.67	-70.
4.469367	1.	11.	216.018697	-115.46	-70.
4.709311	1.	11.	270.2	-130.059425	-70.
4.672161	1.	11.	225.17	-110.304026	-70.
4.562284	1.	11.	183.07	-116.63713	-70.
4.431316	1.	11.	231.04	-149.329433	-69.
4.743787	1.	11.	220.458676	-196.36	-69.
4.387174	1.	11.	234.63	-183.63	-70.28881
4.351515	1.	11.	212.11	-130.14	-66.770589
4.563153	1.	11.	284.23	-158.85	-64.436292
4.725008	1.	11.	274.400074	-164.39	-68.
4.398833	1.	11.	241.16	-178.09	-64.796247
4.462851	1.	11.	200.36	-137.758732	-67.
4.699461	1.	11.	166.43	-142.239581	-67.
4.670494	1.	11.	200.69	-158.170244	-67.
5.304053	1.	11.	210.15	-152.560565	-67.
6.444739	1.	11.	208.530708	-194.72	-66.
5.539197	1.	11.	170.460296	-154.61	-66.
4.59135	1.	11.	206.24	-116.371189	-65.
4.345822	1.	11.	227.12	-189.548484	-65.
4.503486	1.	11.	244.75	-127.21	-64.903725
5.135072	1.	11.	245.392933	-117.42	-64.
4.37017	1.	11.	269.87	-120.017555	-64.
4.596343	1.	11.	223.86	-97.746582	-64.
4.561829	1.	11.	205.91	-180.878678	-64.
5.118787	1.	11.	199.71	-173.091689	-64.
4.426992	1.	11.	220.6	-172.54	-68.0102
4.684993	1.	11.	227.346546	-142.86	-63.
4.383646	1.	11.	207.700068	-141.23	-62.
4.788256	1.	11.	220.27	-135.664154	-62.
4.963403	1.	11.	276.73	-132.978912	-62.
4.384503	1.	11.	188.62	-117.296903	-62.
4.542299	1.	11.	185.03	-109.59	-57.500359
4.782201	1.	11.	180.79	-172.87	-66.471923
4.474192	1.	11.	213.42	-109.45704	-61.
4.600279	1.	11.	254.86	-130.47	-63.213856
5.205635	1.	11.	175.89	-138.135318	-61.
5.311701	1.	11.	221.9	-163.09	-61.818286
5.010039	1.	11.	250.906026	-183.63	-60.
4.763195	1.	11.	238.36878	-189.51	-60.
4.444505	1.	11.	226.47	-171.89	-58.735114
4.867067	1.	11.	181.44	-160.8	-61.285243
4.389763	1.	11.	172.95	-164.689072	-60.
4.713579	1.	11.	218.31	-125.968223	-60.
5.480524	1.	11.	265.52974	-127.53	-59.
4.399286	1.	11.	247.68	-172.87	-58.853721
5.14664	1.	11.	242.188998	-153.3	-59.
4.56652	1.	11.	223.53	-114.16	-59.493296
4.364061	1.	11.	209.5	-159.986421	-59.
4.745428	1.	11.	230.216538	-196.03	-59.
5.410066	1.	11.	216.585268	-200.27	-59.
4.616754	1.	11.	277.366798	-143.19	-59.
4.400242	1.	11.	247.73564	-162.11	-58.
4.718947	1.	11.	232.34	-180.7	-60.325934
4.575661	1.	11.	200.36	-193.455789	-58.
4.379849	1.	11.	211.772157	-119.71	-58.
4.634768	1.	11.	228.76	-106.036472	-58.
4.97118	1.	11.	219.94	-152.32	-57.894469
5.085711	1.	11.	198.79315	-146.45	-58.
4.844535	1.	11.	278.599239	-161.78	-57.
4.428827	1.	11.	239.2	-111.550014	-57.
4.929983	1.	11.	248.879648	-136.99	-57.
4.72147	1.	11.	198.517905	-156.89	-56.
4.409982	1.	11.	209.787112	-135.04	-56.
4.37365	1.	11.	196.626087	-136.99	-56.
4.607071	1.	11.	241.48	-180.805264	-56.
5.257602	1.	11.	211.417895	-185.92	-56.
4.405561	1.	11.	221.9	-121.01	-50.921583
4.691245	1.	11.	176.54	-148.530255	-55.
4.433407	1.	11.	170.67	-155.882642	-55.
4.359743	1.	11.	208.52	-196.234642	-55.
4.385973	1.	11.	207.54	-118.73	-49.898806
5.002349	1.	11.	223.920556	-190.16	-54.
4.489459	1.	11.	278.301635	-171.24	-53.
5.589019	1.	11.	199.942807	-183.63	-53.
4.991151	1.	11.	202.65	-170.975181	-53.
4.515333	1.	11.	244.09	-127.814821	-53.
4.69199	1.	11.	220.92	-171.24	-51.017903
4.58757	1.	11.	182.74	-171.89	-50.226583
4.340772	1.	11.	226.347888	-143.84	-51.
4.548421	1.	11.	191.55	-120.68	-48.974704
4.918735	1.	11.	256.17	-173.627317	-51.
4.976383	1.	11.	256.49	-128.19	-53.369509
4.643708	1.	11.	222.471476	-111.22	-50.
4.935746	1.	11.	210.48	-109.92	-47.083165
4.654297	1.	11.	170.355865	-136.99	-50.
5.238072	1.	11.	249.31	-182.730563	-49.
4.50727	1.	11.	221.9	-157.345551	-49.
4.472517	1.	11.	215.7	-127.212223	-49.
4.765531	1.	11.	180.964473	-154.93	-49.
5.080776	1.	11.	177.52	-177.76	-44.515648
4.678523	1.	11.	168.347108	-180.05	-48.
5.227696	1.	11.	212.77	-202.61668	-48.
4.888588	1.	11.	235.93	-193.815893	-48.
4.563671	1.	11.	211.13	-165.7	-47.101465
4.667954	1.	11.	272.81	-126.88	-51.546937
4.492085	1.	11.	226.14	-133.351795	-48.
4.65414	1.	11.	199.71	-117.75	-44.37827
4.493319	1.	11.	191.3957	-130.47	-48.
5.346085	1.	11.	233.32	-174.633114	-47.
4.666424	1.	11.	245.4	-158.26175	-46.
5.893688	1.	11.	241.81	-107.758929	-46.
4.664473	1.	11.	278.36	-142.874546	-46.
5.096469	1.	11.	176.22	-165.574378	-46.
4.477358	1.	11.	202.32	-160.48	-46.871993
4.447868	1.	11.	209.04577	-133.73	-45.
4.551974	1.	11.	265.96	-126.28682	-45.
5.28371	1.	11.	268.505375	-140.58	-45.
4.842233	1.	11.	282.208444	-161.13	-45.
4.824235	1.	11.	253.797307	-134.38	-45.
4.949282	1.	11.	244.101866	-136.01	-45.
4.390809	1.	11.	229.73	-138.95	-41.563956
4.777346	1.	11.	215.05	-186.253577	-45.
4.697444	1.	11.	217.66	-194.72	-41.303404
4.675879	1.	11.	181.44	-122.121925	-45.
4.556863	1.	11.	210.15	-142.715035	-45.
4.550855	1.	11.	216.03	-118.07	-44.411862
4.676967	1.	11.	173.1925	-144.82	-43.
4.554136	1.	11.	172.3	-156.596659	-43.
5.4413	1.	11.	204.61	-196.77716	-43.
4.991858	1.	11.	226.692449	-189.18	-43.
4.387877	1.	11.	205.59	-151.34	-39.469856
6.228144	1.	11.	197.853251	-140.25	-43.
4.469865	1.	11.	204.93	-186.32674	-42.
5.279024	1.	11.	204.28	-174.773455	-42.
4.949353	1.	11.	233.355449	-127.53	-42.
4.623027	1.	11.	218.31	-169.155134	-40.
4.73111	1.	11.	187.809973	-177.44	-40.
4.413536	1.	11.	183.4	-168.247259	-40.
4.653397	1.	11.	237.177735	-146.78	-39.
6.314045	1.	11.	277.7	-151.325058	-39.
4.659947	1.	11.	253.88	-176.838922	-39.
4.614543	1.	11.	166.759351	-135.36	-39.
5.001001	1.	11.	219.672757	-127.21	-38.
5.04696	1.	11.	222.88	-181.03	-37.596602
4.726138	1.	11.	220.6	-148.426039	-38.
4.490278	1.	11.	225.544089	-161.46	-38.
4.331468	1.	11.	245.72	-172.22	-37.506048
4.437845	1.	11.	178.83	-188.224855	-37.
5.744593	1.	11.	169.385199	-181.35	-37.
5.21774	1.	11.	169.69	-169.94	-38.929933
4.459349	1.	11.	195.8	-130.622777	-37.
4.358457	1.	11.	191.88	-121.34	-33.858649
4.483084	1.	11.	226.179995	-171.57	-36.
4.576587	1.	11.	234.385684	-178.09	-36.
5.227928	1.	11.	279.01	-167.754282	-36.
4.597179	1.	11.	207.611816	-167.65	-36.
4.601472	1.	11.	246.053651	-158.85	-35.
5.407491	1.	11.	178.83	-160.486376	-35.
5.317639	1.	11.	246.167319	-111.55	-35.
4.820114	1.	11.	250.95	-128.783644	-34.
4.883481	1.	11.	244.540469	-140.58	-34.
4.481966	1.	11.	264.32	-127.472483	-34.
4.766821	1.	11.	286.738179	-146.45	-34.
4.967943	1.	11.	231.37	-141.56	-31.179662
4.620838	1.	11.	213.42	-136.34	-36.058926
4.409686	1.	11.	211.13	-183.31	-33.882463
4.622534	1.	11.	210.81	-198.688546	-34.
5.17091	1.	11.	230.871824	-195.38	-34.
5.04289	1.	11.	196.78	-177.632222	-34.
4.838349	1.	11.	217.99	-113.981049	-33.
4.471245	1.	11.	267.91	-144.17	-35.323449
5.137936	1.	11.	273.14	-126.55	-38.046577
4.563132	1.	11.	241.203131	-183.63	-32.
5.262936	1.	11.	232.02	-169.94	-28.036291
5.689981	1.	11.	202.367012	-188.85	-32.
4.442226	1.	11.	176.54	-149.123345	-31.
5.050993	1.	11.	241.81	-135.04	-26.201881
4.880307	1.	11.	234.3	-126.461996	-30.
4.943484	1.	11.	214.4	-160.48	-33.618072
4.397448	1.	11.	213.74	-151.34	-29.898871
4.868871	1.	11.	204.910113	-142.54	-30.
6.193066	1.	11.	211.79	-116.77	-23.816893
4.918918	1.	11.	201.02	-121.01	-29.980419
4.556821	1.	11.	205.91	-175.716911	-30.
5.040828	1.	11.	187.64	-177.678506	-29.
4.538843	1.	11.	218.844989	-127.86	-27.
4.609357	1.	11.	182.666851	-116.44	-27.
5.28428	1.	11.	199.038202	-153.95	-26.
4.47287	1.	11.	204.28	-133.73	-23.077776
4.762782	1.	11.	223.86	-177.44	-25.046499
5.370611	1.	11.	194.128012	-128.51	-25.
4.617257	1.	11.	170.67	-168.24757	-25.
4.789759	1.	11.	211.46	-169.305949	-25.
5.105738	1.	11.	245.72	-173.425847	-24.
4.497	1.	11.	198.41	-175.660836	-23.
5.13488	1.	11.	215.038562	-186.57	-23.
4.454278	1.	11.	225.82	-137.148659	-22.
4.47579	1.	11.	269.55	-130.277472	-22.
4.614751	1.	11.	205.59	-189.695585	-21.
4.365725	1.	11.	218.31	-121.66	-16.79143
4.437226	1.	11.	205.91	-179.534727	-19.
4.348358	1.	11.	188.851669	-179.39	-18.
4.936115	1.	11.	195.8	-184.29	-13.279235
4.71487	1.	11.	245.72	-138.772297	-16.
5.073718	1.	11.	236.26	-171.312158	-16.
4.470614	1.	11.	214.4	-132.75	-13.760462
4.550625	1.	11.	221.25	-185.163043	-15.
4.955025	1.	11.	217.66	-174.5	-14.001321
6.096679	1.	11.	179.785462	-174.83	-14.
4.625979	1.	11.	208.52	-167.415508	-14.