5.833376	0.4	12.	0.65	5.746224	0.
5.04579	0.4	12.	-53.84	-55.45	163.102185
4.598703	0.4	12.	-57.898114	-41.1	156.51
5.013297	0.4	12.	-45.36	-25.261745	156.51
5.435831	0.4	12.	-61.68	-23.16	161.227936
4.82121	0.4	12.	-84.52583	-116.44	156.45
4.84992	0.4	12.	-93.53439	-104.05	156.45
5.041305	0.4	12.	-88.066995	-76.32	155.83
5.627662	0.4	12.	-109.761433	-83.5	155.83
6.355171	0.4	12.	-100.84	-74.04	150.679757
5.07379	0.4	12.	-105.632199	-56.43	155.48
5.293984	0.4	12.	-116.13345	-54.8	155.48
5.308609	0.4	12.	-98.55	-35.23	158.693147
4.806373	0.4	12.	-111.065553	-33.27	155.48
4.618185	0.4	12.	-101.81	-25.77	159.095543
4.848589	0.4	12.	-31.	-71.303364	155.48
4.505847	0.4	12.	-7.112182	-87.09	155.48
4.591592	0.4	12.	-0.152748	-80.89	155.48
5.345272	0.4	12.	-3.26	-72.74	160.613926
7.046109	0.4	12.	0.33	-95.24	161.582987
5.302587	0.4	12.	-5.042418	-129.49	155.48
5.279075	0.4	12.	-18.228376	-129.82	155.48
4.818402	0.4	12.	-24.8	-121.01	153.855525
5.20179	0.4	12.	-28.013655	-136.67	154.97
5.202029	0.4	12.	-35.068415	-126.55	155.31
4.501277	0.4	12.	-44.690726	-122.97	155.31
4.961791	0.4	12.	-32.870392	-115.46	155.31
5.642892	0.4	12.	-58.74	-139.28	156.960257
5.748734	0.4	12.	-72.77	-147.270543	154.86
6.111814	0.4	12.	-77.01	-128.19	155.432652
5.235861	0.4	12.	-82.23	1.96	156.161622
5.769761	0.4	12.	-71.79	-9.79	158.467617
5.158911	0.4	12.	-55.15	13.05	154.583789
5.201723	0.4	12.	-44.71	8.75725	154.69
5.191685	0.4	12.	-34.229429	14.68	154.69
4.635565	0.4	12.	-98.88	37.814274	154.69
5.640589	0.4	12.	-91.05	10.803207	154.69
5.157351	0.4	12.	-101.49	-10.988624	154.35
4.833396	0.4	12.	-106.361586	7.5	153.78
5.438458	0.4	12.	-121.07	-14.909557	153.27
4.570603	0.4	12.	-64.29	-29.36	152.805384
6.752817	0.4	12.	-35.24	-39.572431	153.55
4.834446	0.4	12.	-31.98	-51.21	151.456748
5.169715	0.4	12.	-7.83	-65.048004	153.55
5.139935	0.4	12.	16.64	-109.59	151.135799
5.857862	0.4	12.	4.877343	-106.33	153.55
4.862359	0.4	12.	-5.87	-108.886481	153.55
6.105198	0.4	12.	-31.98	-149.71	153.694231
4.675978	0.4	12.	-48.3	-148.573094	153.55
4.485559	0.4	12.	-53.52	-161.46	152.290309
5.131693	0.4	12.	-25.591745	-163.09	153.55
5.644079	0.4	12.	-88.331788	-135.04	153.55
5.466509	0.4	12.	-95.29	-87.846155	152.47
4.895671	0.4	12.	-72.12	-64.58	150.946655
4.4927	0.4	12.	-55.8	-55.282438	152.81
4.744188	0.4	12.	-80.28	-48.27	155.450427
5.888637	0.4	12.	-80.28	-28.38	156.430609
5.637086	0.4	12.	-93.269051	-22.18	151.68
4.510239	0.4	12.	-89.74	-6.139833	152.07
5.114613	0.4	12.	-118.349975	-76.98	151.85
4.888205	0.4	12.	-112.91	-95.98587	151.85
4.770125	0.4	12.	6.016322	-155.91	151.79
4.608149	0.4	12.	29.533837	-106.66	151.79
5.92844	0.4	12.	38.609012	-121.66	151.79
5.637334	0.4	12.	23.5	-117.75	153.037078
5.674101	0.4	12.	25.650185	-75.35	150.71
5.009672	0.4	12.	-40.79	-109.580857	148.44
4.729246	0.4	12.	-40.79	-94.398761	148.44
5.169293	0.4	12.	-50.58	-90.35	149.949163
5.584009	0.4	12.	-51.89	-74.04	145.268077
4.734941	0.4	12.	-58.769718	-81.87	147.41
5.084754	0.4	12.	-71.79	-98.18	151.029475
4.722723	0.4	12.	-67.55	-89.04	147.073718
5.053006	0.4	12.	-58.523344	-129.49	147.47
6.830936	0.4	12.	-95.697204	-124.92	147.47
5.773907	0.4	12.	-81.26	-72.396463	147.07
4.682993	0.4	12.	-70.16	-73.06	145.120288
4.75975	0.4	12.	-85.17	-57.048632	145.82
5.134765	0.4	12.	-109.32	-50.735285	146.1
6.616555	0.4	12.	-102.47	-113.03194	146.16
5.11434	0.4	12.	-100.216619	-99.16	146.16
5.563043	0.4	12.	-89.74	-104.500152	146.16
4.942772	0.4	12.	-82.975963	-119.38	146.16
5.034369	0.4	12.	-87.78	-92.498498	144.51
4.974198	0.4	12.	-77.07776	-83.17	144.91
4.67476	0.4	12.	-6.350213	-133.73	144.68
5.214201	0.4	12.	-16.97	-133.336547	144.68
4.514323	0.4	12.	-30.02	-139.157374	144.51
5.279571	0.4	12.	-30.566614	-117.1	144.51
4.909181	0.4	12.	-41.311652	-119.05	143.94
5.197443	0.4	12.	-60.586859	-139.6	143.72
4.797479	0.4	12.	-72.580732	-148.73	143.72
4.517315	0.4	12.	-67.630011	-131.45	143.72
4.546903	0.4	12.	-75.06	-125.026952	143.21
5.216752	0.4	12.	-75.38	-114.49	138.050128
5.367298	0.4	12.	-60.37	-166.653183	143.21
4.715316	0.4	12.	-53.19	-158.85	139.839104
5.909562	0.4	12.	-26.77657	-159.17	143.21
4.563728	0.4	12.	-27.74	-148.632595	143.21
4.512368	0.4	12.	-79.95	-140.966651	143.21
5.154996	0.4	12.	-93.66	-29.188153	142.58
4.751391	0.4	12.	-102.74922	-25.12	142.58
4.577291	0.4	12.	-102.017653	-15.	142.58
5.84152	0.4	12.	-119.11	-0.109441	142.58
5.453335	0.4	12.	-124.98	-10.11	141.707174
4.802088	0.4	12.	-104.75	2.94	141.554519
4.598522	0.4	12.	-100.183022	11.74	142.41
5.142056	0.4	12.	-93.352282	3.59	142.41
4.792508	0.4	12.	-83.21	4.79016	142.41
5.878494	0.4	12.	-44.742103	13.7	142.41
5.480843	0.4	12.	-29.884895	-45.01	141.9
6.368122	0.4	12.	-22.19	-35.766612	142.13
5.793451	0.4	12.	-18.6	-60.67	140.722184
5.609644	0.4	12.	-7.092617	-59.36	142.13
6.359176	0.4	12.	12.112387	-73.06	142.13
4.657363	0.4	12.	10.12	-95.89	145.36803
5.108268	0.4	12.	2.61	-100.46	140.986204
4.836794	0.4	12.	-2.61	-108.966412	141.9
5.883555	0.4	12.	-3.92	-123.438295	141.9
4.566237	0.4	12.	6.85	-128.655994	141.73
4.738303	0.4	12.	2.28	-139.101353	141.33
5.146663	0.4	12.	14.843484	-105.03	141.56
6.136599	0.4	12.	25.404128	-118.4	141.1
5.20034	0.4	12.	26.11	-102.42	141.177235
5.554064	0.4	12.	33.272531	-89.7	140.82
4.976622	0.4	12.	-97.948195	-84.15	141.16
5.22127	0.4	12.	-115.19	-87.367787	140.7
6.376728	0.4	12.	-112.91	-100.14509	140.99
4.621607	0.4	12.	-110.62	-57.73	137.633068
4.566525	0.4	12.	-118.46	-52.404642	140.36
6.355731	0.4	12.	-122.426803	-63.6	140.65
4.800671	0.4	12.	-128.257474	-50.23	140.42
6.780888	0.4	12.	-143.465052	-52.84	140.25
5.384973	0.4	12.	-134.12	-61.812325	139.79
5.586772	0.4	12.	-29.04	-70.78	144.069164
4.513233	0.4	12.	-2.981057	-84.15	139.45
4.667115	0.4	12.	25.13	-68.5	142.882081
4.582753	0.4	12.	-14.36	-89.04	141.323703
5.032508	0.4	12.	-53.19	-55.78	142.067958
5.138795	0.4	12.	-38.51	-38.736123	138.6
4.608474	0.4	12.	-34.911798	-20.87	138.6
4.986728	0.4	12.	-70.49	-20.87	135.546021
4.638854	0.4	12.	-75.71	-12.39	138.442817
4.587814	0.4	12.	-86.15	-22.584131	138.6
4.931481	0.4	12.	-92.35	-9.79	138.485435
5.203218	0.4	12.	-32.427013	-83.5	137.97
5.191043	0.4	12.	-26.43	-103.451845	138.37
5.1596	0.4	12.	-41.00523	-100.46	138.37
4.531073	0.4	12.	-42.42	-110.283525	138.37
5.557868	0.4	12.	-51.444683	-94.92	138.37
4.547938	0.4	12.	-52.882201	-145.47	138.37
4.718498	0.4	12.	-12.73	-152.412509	137.97
4.532929	0.4	12.	-3.92	-146.12985	137.97
4.487454	0.4	12.	-58.09	-113.494735	137.63
4.638677	0.4	12.	-61.02	-99.48	141.831049
5.880387	0.4	12.	-99.2	-71.479232	137.63
4.685435	0.4	12.	-111.93	-67.143893	137.63
4.83017	0.4	12.	-73.75	-32.736955	137.63
4.976171	0.4	12.	-47.97	-3.126828	137.69
5.524758	0.4	12.	-18.060312	0.33	137.69
4.993358	0.4	12.	-35.9	5.030796	137.69
4.829868	0.4	12.	-53.667255	18.92	137.12
4.60974	0.4	12.	-34.470916	18.59	136.95
4.942916	0.4	12.	-59.72	-75.35	137.424729
4.783105	0.4	12.	-52.21	-83.755855	136.44
5.16185	0.4	12.	-39.16	-51.54	133.869725
4.670959	0.4	12.	-37.429843	-66.21	134.85
4.595365	0.4	12.	-78.172873	-65.89	133.94
4.73398	0.4	12.	-23.82	-139.6	134.59179
5.968041	0.4	12.	-13.05	-134.809069	133.6
4.629923	0.4	12.	-63.31	-135.406699	133.48
6.036239	0.4	12.	-79.3	-144.66315	132.63
5.173002	0.4	12.	-78.64	-131.45	131.440247
5.275135	0.4	12.	-88.857317	-128.84	131.15
5.65818	0.4	12.	-101.16	-111.226101	131.55
5.471337	0.4	12.	-77.34	-115.46	127.221339
6.007432	0.4	12.	-56.13	-165.518354	131.55
4.921423	0.4	12.	-56.45	-154.61	128.330945
5.11276	0.4	12.	-65.92	-148.558027	131.55
5.151069	0.4	12.	-77.67	-161.46	132.916225
5.210692	0.4	12.	-120.425413	-98.18	130.81
4.574971	0.4	12.	-108.456774	-97.85	130.36
4.695657	0.4	12.	-99.966816	-81.87	130.41
4.840423	0.4	12.	-108.34	-51.54	124.989631
5.215392	0.4	12.	-100.166484	-36.53	129.9
4.73208	0.4	12.	-110.3	-33.368876	129.22
5.335603	0.4	12.	-116.17	-9.355788	129.45
4.947426	0.4	12.	-105.73	10.76	129.729679
5.919804	0.4	12.	-94.63	7.5	128.117692
4.782768	0.4	12.	-83.286803	28.7	129.11
4.809227	0.4	12.	-45.36	16.991255	128.71
5.544757	0.4	12.	20.380684	-70.78	128.2
6.293607	0.4	12.	7.142323	-93.29	128.2
5.562557	0.4	12.	23.265293	-104.37	127.46
5.365172	0.4	12.	-1.221536	-84.48	127.17
4.877369	0.4	12.	3.59	-133.895281	127.51
5.85584	0.4	12.	-16.648577	-149.39	126.26
5.804707	0.4	12.	-7.18	-141.67133	126.04
5.060144	0.4	12.	-13.183025	-108.62	124.9
5.137171	0.4	12.	-14.68	-88.075874	123.48
5.901166	0.4	12.	8.240846	-63.6	123.71
6.247737	0.4	12.	6.53	-51.477874	122.57
5.422263	0.4	12.	-55.202508	-124.6	122.85
5.56525	0.4	12.	-34.14238	-124.27	122.85
6.239693	0.4	12.	-29.7	-142.21	123.730478
4.983338	0.4	12.	15.01	-131.03827	121.72
5.888745	0.4	12.	4.89	-120.787203	121.72
6.178911	0.4	12.	23.82	-93.222258	121.03
4.778605	0.4	12.	32.780897	-86.76	120.86
5.603977	0.4	12.	-20.456058	-41.42	120.86
5.603059	0.4	12.	-31.805667	-46.64	120.86
5.204654	0.4	12.	-62.33	-167.564589	120.69
6.04459	0.4	12.	-66.9	-151.67	118.753021
5.095106	0.4	12.	-73.75	-167.691054	120.47
5.389532	0.4	12.	-78.97	-154.423661	120.18
5.281166	0.4	12.	-51.56	-168.3	115.986046
4.505162	0.4	12.	-87.13	-134.38	120.998143
6.350867	0.4	12.	-82.89	-117.1	114.9198
4.554404	0.4	12.	-91.37	-112.701032	120.69
6.072938	0.4	12.	-84.239377	-103.72	120.35
4.958181	0.4	12.	-111.6	-96.513264	120.35
5.295252	0.4	12.	-103.45	-87.201518	120.35
5.009279	0.4	12.	-120.813752	-85.13	119.78
4.909434	0.4	12.	-116.17	-71.11	120.092278
4.642613	0.4	12.	-128.25	-78.134924	119.84
4.671067	0.4	12.	-116.78957	-57.73	119.16
5.098434	0.4	12.	-121.224171	-44.36	118.59
4.75158	0.4	12.	-135.1	-13.348287	118.93
7.675926	0.4	12.	-138.352625	-36.86	118.93
5.777794	0.4	12.	-110.242039	-0.65	118.59
5.289957	0.4	12.	-104.798164	15.98	118.59
5.598788	0.4	12.	-84.512017	32.62	118.59
6.312545	0.4	12.	-102.79	32.94	112.540911
7.35867	0.4	12.	-32.400879	20.22	118.25
6.293536	0.4	12.	-50.58	19.318646	117.79
5.385073	0.4	12.	-54.17	-3.59	116.121899
5.734863	0.4	12.	-61.02	10.048782	116.26
4.977459	0.4	12.	-22.19	-0.025082	116.14
4.641806	0.4	12.	-42.308203	6.52	116.14
5.10581	0.4	12.	-34.447642	-2.94	116.14
4.713688	0.4	12.	25.13	-70.04964	115.63
5.703272	0.4	12.	22.610645	-59.69	115.63
6.080763	0.4	12.	8.48	-80.24	115.502378
6.134427	0.4	12.	19.478911	-114.49	115.63
4.594039	0.4	12.	10.12	-149.06	115.460975
5.139124	0.4	12.	-12.798423	-153.95	115.63
5.224446	0.4	12.	3.166417	-140.58	115.63
7.315498	0.4	12.	-27.74	-168.362889	114.61
4.625878	0.4	12.	-36.22	-150.857381	114.84
5.311368	0.4	12.	-72.12	-123.52908	114.61
4.81288	0.4	12.	-78.64	-139.602272	114.61
5.101095	0.4	12.	-101.49	-102.264014	114.61
5.991687	0.4	12.	-111.140627	-49.25	114.61
4.910626	0.4	12.	-99.444713	-29.68	114.61
6.147218	0.4	12.	-90.39	-21.53	114.933884
5.626588	0.4	12.	-104.75	-17.111017	114.44
5.212986	0.4	12.	-97.25	9.758835	114.44
4.890405	0.4	12.	-81.58	22.47272	114.44
5.65505	0.4	12.	-67.55	-6.974903	113.87
6.867154	0.4	12.	-132.49	-58.361012	114.33
4.57419	0.4	12.	-30.35	-32.94	114.002614
4.888757	0.4	12.	-43.4	-22.920685	113.93
4.783044	0.4	12.	-9.79	-118.995238	113.93
4.713641	0.4	12.	-7.83	-102.630663	113.93
4.68115	0.4	12.	0.65	-114.49	109.610695
4.851952	0.4	12.	-4.57	-127.440815	113.93
5.960121	0.4	12.	-13.71	-136.99	109.010554
6.332495	0.4	12.	0.526704	-91.65	113.87
5.158979	0.4	12.	7.83	-108.250175	113.87
4.966014	0.4	12.	12.960707	-92.96	113.87
4.561939	0.4	12.	-3.090695	-49.58	111.71
4.545694	0.4	12.	3.526468	-66.87	111.71
5.446832	0.4	12.	6.221611	-126.23	111.71
5.650662	0.4	12.	-28.396167	-138.62	111.71
5.42159	0.4	12.	-56.13	-122.116266	111.71
5.238222	0.4	12.	-68.2	-97.85	115.296109
6.456896	0.4	12.	-71.776208	-110.25	111.71
5.4885	0.4	12.	-53.19	-97.567175	111.71
5.624291	0.4	12.	-36.567365	-115.79	111.71
5.433875	0.4	12.	-18.98121	-124.92	111.2
4.553198	0.4	12.	-19.340081	-146.12	110.8
4.704857	0.4	12.	31.	-95.89	113.060004
4.838772	0.4	12.	27.556599	-86.44	110.86
5.10519	0.4	12.	20.675547	-100.79	110.86
4.565348	0.4	12.	12.73	-137.566887	110.86
6.536006	0.4	12.	-55.8	-133.73	107.950506
5.82293	0.4	12.	-31.126254	-125.9	110.86
5.705285	0.4	12.	-19.25	-34.184884	110.06
4.904822	0.4	12.	-84.19	-2.202718	110.18
6.017765	0.4	12.	-59.72	-23.48	113.597939
4.745634	0.4	12.	-24.8	-44.190493	109.38
4.772244	0.4	12.	-29.37	-94.233986	109.38
5.338396	0.4	12.	-24.245759	-76.98	109.38
4.698238	0.4	12.	-36.55	-75.699782	109.15
6.112588	0.4	12.	-30.799193	-63.6	109.15
6.133799	0.4	12.	-112.26	-71.43	108.05376
4.596129	0.4	12.	-123.35	-75.67	112.048917
4.568469	0.4	12.	-118.422976	-86.76	109.15
4.671654	0.4	12.	-115.710177	-100.79	109.15
5.034385	0.4	12.	-93.	-117.752277	108.98
6.732817	0.4	12.	-91.7	-134.131171	108.98
4.594048	0.4	12.	-71.038465	-155.26	108.98
4.504662	0.4	12.	-68.53	-170.074122	108.98
6.070805	0.4	12.	-60.7	-159.617002	108.98
5.728174	0.4	12.	-80.6	-155.58	105.03922
5.163473	0.4	12.	-12.139364	-161.78	108.64
4.573283	0.4	12.	-45.224418	-79.59	108.64
4.487704	0.4	12.	-37.2	-52.832159	108.41
4.528193	0.4	12.	-43.73	-37.063299	107.5
4.495704	0.4	12.	-119.44	-19.867027	107.67
5.995359	0.4	12.	-116.012768	-0.65	107.5
5.299565	0.4	12.	-108.01	12.374587	107.5
6.638082	0.4	12.	-121.07	26.782391	107.05
4.912616	0.4	12.	-132.49	7.904406	107.22
5.139895	0.4	12.	-135.1	-7.83	108.587338
6.632013	0.4	12.	-145.92446	-14.03	107.05
5.525147	0.4	12.	-128.9	-34.636315	107.05
5.084029	0.4	12.	-128.9	-22.53504	107.05
6.226922	0.4	12.	-116.83	-60.02	106.226043
6.221315	0.4	12.	-79.3	-95.68651	106.82
5.225619	0.4	12.	-89.580009	-103.72	106.82
4.740967	0.4	12.	-83.410935	-126.23	106.82
6.43366	0.4	12.	-41.44	21.041204	105.91
5.774885	0.4	12.	-55.48	20.010303	105.97
4.923508	0.4	12.	-55.124613	0.33	105.97
4.839329	0.4	12.	-55.8	-10.171182	105.97
5.007605	0.4	12.	-36.521766	-3.91	105.97
4.9996	0.4	12.	-35.9	9.13	102.803852
5.194198	0.4	12.	-21.86	7.83	104.910927
4.671858	0.4	12.	-65.27	7.356831	105.8
4.596716	0.4	12.	-8.16	-87.534495	104.89
5.00748	0.4	12.	-0.65	-139.93	100.431113
5.420965	0.4	12.	5.22	-155.744262	104.43
5.423688	0.4	12.	-5.55	-152.40142	104.83
4.699296	0.4	12.	-21.54	-106.665735	104.32
4.492202	0.4	12.	25.78	-68.17	100.684939
4.621429	0.4	12.	9.526518	-76.	104.32
4.575113	0.4	12.	-86.574006	-46.64	103.81
4.616028	0.4	12.	-97.9	-57.198316	103.81
4.502417	0.4	12.	-107.04	-48.93	104.518732
5.330601	0.4	12.	-93.66	-30.583104	103.86
4.926524	0.4	12.	-88.11	-14.303017	103.86
5.035103	0.4	12.	-101.649255	-15.	103.86
4.937621	0.4	12.	-100.51	4.732166	103.86
4.859702	0.4	12.	-89.449644	23.48	102.27
6.054582	0.4	12.	-74.73	27.72	102.800129
6.069611	0.4	12.	-2.61	-127.625784	102.1
4.943021	0.4	12.	13.05	-147.76	102.657714
4.489751	0.4	12.	-34.703101	-163.74	101.02
5.414791	0.4	12.	-29.870297	-147.76	101.08
4.849206	0.4	12.	-31.65	-136.692619	101.08
5.457559	0.4	12.	7.18	-116.77	98.969792
6.250815	0.4	12.	-5.22	-106.98	102.768999
5.620296	0.4	12.	2.962723	-96.87	100.91
4.515571	0.4	12.	19.58	-95.202876	100.91
4.990469	0.4	12.	15.01	-135.986907	100.8
4.915351	0.4	12.	24.8	-104.05	99.808994
6.918434	0.4	12.	33.177837	-94.59	100.8
4.751519	0.4	12.	24.025203	-86.44	100.8
5.593672	0.4	12.	36.22	-80.019495	100.68
4.785511	0.4	12.	16.819923	-47.62	100.74
5.62243	0.4	12.	14.36	-60.99	104.978986
4.770671	0.4	12.	7.18	-59.69	96.457603
5.217316	0.4	12.	22.19	-118.570229	100.51
5.299623	0.4	12.	-51.56	-93.011047	100.51
5.237797	0.4	12.	-59.39	-103.758621	100.51
4.697754	0.4	12.	-53.714736	-123.95	100.11
6.215268	0.4	12.	-42.511282	-117.42	100.4
5.411199	0.4	12.	-73.607781	-108.29	99.89
6.262907	0.4	12.	-117.8	-44.68685	99.89
6.144444	0.4	12.	-109.186051	-34.25	99.37
4.805726	0.4	12.	-88.43	-1.63	100.778942
5.310098	0.4	12.	-77.01	-9.13	94.661543
5.231125	0.4	12.	-62.33	-23.16	101.436509
5.981557	0.4	12.	-48.862811	9.13	98.35
5.144167	0.4	12.	-66.9	-159.214693	98.52
6.160793	0.4	12.	-61.68	-173.983739	98.07
7.94088	0.4	12.	-50.58	-160.15	92.275491
5.20871	0.4	12.	-18.93	-142.54	99.634022
5.227122	0.4	12.	-11.1	-135.36	95.291196
5.419328	0.4	12.	-11.142988	-162.76	98.01
6.065792	0.4	12.	-23.930569	-76.32	97.61
4.824755	0.4	12.	-30.419604	-93.61	97.61
4.955278	0.4	12.	-7.83	-43.969989	97.61
4.993147	0.4	12.	-16.741925	-34.25	97.61
5.428016	0.4	12.	-46.01	-24.651748	97.61
6.239876	0.4	12.	-25.78	-13.05	96.511715
4.783958	0.4	12.	-14.226693	-6.52	97.61
4.586502	0.4	12.	17.62	-30.99	94.797883
4.514615	0.4	12.	-118.78	-77.3	98.37223
4.589814	0.4	12.	-116.864133	-104.37	97.61
4.524121	0.4	12.	-108.99	-64.438082	97.16
4.858941	0.4	12.	-134.12	-66.447213	97.16
6.167142	0.4	12.	-146.52	-60.122372	97.16
5.796214	0.4	12.	-108.67	-92.536924	97.16
5.913171	0.4	12.	-84.85	-87.74	98.677311
7.159818	0.4	12.	-132.16	-79.26	98.119532
5.714845	0.4	12.	-111.93	8.81	97.299278
4.826448	0.4	12.	-122.7	-14.331321	96.59
4.526967	0.4	12.	-126.94	-25.12	97.377327
4.864219	0.4	12.	-126.000916	-36.86	96.59
5.699503	0.4	12.	-136.73	-8.717565	96.36
4.830212	0.4	12.	-129.55	8.81	95.05113
4.839757	0.4	12.	-66.9	17.94	99.104949
6.168183	0.4	12.	-79.362742	11.74	96.08
6.250539	0.4	12.	-32.078378	18.27	95.96
4.722815	0.4	12.	-18.059548	20.55	95.96
5.383816	0.4	12.	-0.65	-15.66	97.439758
5.111374	0.4	12.	12.692914	-19.9	95.85
6.312756	0.4	12.	29.7	-43.38	90.864916
5.126547	0.4	12.	31.	-58.38	99.557703
4.701187	0.4	12.	-84.19	-130.79	93.983294
5.009952	0.4	12.	-90.97206	-119.38	94.31
6.147802	0.4	12.	-9.60603	-118.4	94.31
5.433413	0.4	12.	20.23	-71.11	92.235917
4.494262	0.4	12.	36.263647	-68.82	94.14
4.987017	0.4	12.	-38.18	-4.24	91.79505
5.809282	0.4	12.	-48.183718	22.51	93.92
6.247669	0.4	12.	-57.386789	-1.3	93.92
5.954513	0.4	12.	-58.09	15.66	92.161814
5.309756	0.4	12.	-67.101005	37.51	92.61
6.718219	0.4	12.	-111.36513	-8.81	93.06
4.525853	0.4	12.	-90.72	-14.35	93.443213
5.135372	0.4	12.	-86.15	-47.372764	93.06
4.938594	0.4	12.	-97.57	-58.751519	92.21
5.004239	0.4	12.	-110.62	-52.079755	91.98
5.203832	0.4	12.	-122.7	-64.91	90.688028
4.969358	0.4	12.	-48.58482	-52.51	92.38
5.337471	0.4	12.	-30.359438	-63.28	91.47
4.918809	0.4	12.	-58.41	-73.06	93.475938
4.622282	0.4	12.	-73.1	-87.066032	91.07
5.923078	0.4	12.	-98.334655	-99.16	90.9
6.230533	0.4	12.	-30.020182	-132.43	90.79
4.926915	0.4	12.	-41.12	-140.91	86.824898
6.820324	0.4	12.	-36.595911	-155.26	90.45
4.746023	0.4	12.	-26.43	-163.09	87.64332
5.115298	0.4	12.	-15.01	-149.71	91.900008
5.745954	0.4	12.	0.65	-145.219746	89.6
4.77803	0.4	12.	6.266143	-135.04	89.48
5.712217	0.4	12.	13.173743	-143.52	89.37
5.657264	0.4	12.	24.260195	-119.71	89.37
5.348151	0.4	12.	24.854888	-107.96	89.25
4.867637	0.4	12.	24.47	-91.33	85.682919
4.534136	0.4	12.	36.014932	-91.98	89.14
4.486825	0.4	12.	31.616863	-77.3	89.14
7.826914	0.4	12.	34.92	-129.249033	88.29
5.985621	0.4	12.	1.965807	-115.79	88.46
4.59307	0.4	12.	4.89	-103.4	88.484837
5.037459	0.4	12.	-7.174566	-100.13	87.83
5.053864	0.4	12.	-8.81	-81.039038	87.21
5.954276	0.4	12.	-63.31	-113.83	93.489349
5.041459	0.4	12.	-64.297625	-94.92	87.09
5.079399	0.4	12.	-76.786545	-109.92	87.44
5.081598	0.4	12.	-82.629091	-94.26	87.44
5.698751	0.4	12.	-109.32	-103.72	88.49686
7.110009	0.4	12.	-119.76	-77.697697	86.75
4.694922	0.4	12.	-129.88	-91.98	83.09765
5.149054	0.4	12.	-141.061456	-53.49	86.75
5.422247	0.4	12.	-114.54	-41.75	86.173628
5.548338	0.4	12.	-129.681613	-36.53	85.96
6.248228	0.4	12.	-111.885801	-22.18	86.01
6.045489	0.4	12.	-131.51	-12.225485	85.96
4.998548	0.4	12.	-111.6	7.83	86.238441
6.007704	0.4	12.	-84.717783	25.12	87.55
5.911536	0.4	12.	-72.122042	13.05	85.45
4.969811	0.4	12.	-69.83	27.475999	85.45
4.953384	0.4	12.	-39.81	12.173267	85.45
4.92983	0.4	12.	-22.19	17.94	82.315116
4.893818	0.4	12.	-23.090841	-11.09	85.33
6.303674	0.4	12.	-21.21	0.090174	85.33
7.435223	0.4	12.	-3.26	-11.883587	85.1
7.742937	0.4	12.	31.764203	-58.71	84.42
6.248274	0.4	12.	24.15	-30.568739	84.42
5.156703	0.4	12.	13.134099	-82.2	84.42
4.662344	0.4	12.	-81.131994	-132.1	83.06
6.469621	0.4	12.	-95.936318	-122.31	82.94
6.081239	0.4	12.	-88.43	-107.64	86.471916
5.839331	0.4	12.	-98.55	-88.07	85.077976
4.94547	0.4	12.	-86.48	-83.456632	82.89
4.621882	0.4	12.	-109.005957	-91.33	83.17
5.09014	0.4	12.	-107.537228	-65.23	82.49
4.710033	0.4	12.	-96.211152	-40.12	82.89
4.821648	0.4	12.	-93.338403	-17.94	82.89
4.667989	0.4	12.	-77.96537	-4.57	82.89
4.60234	0.4	12.	-65.062386	-25.77	82.83
4.965355	0.4	12.	-67.22	-15.98	87.664526
4.63847	0.4	12.	-21.21	-49.931161	82.83
4.500036	0.4	12.	-20.23	-39.99384	82.83
4.581018	0.4	12.	-31.33	-40.527037	82.83
5.004632	0.4	12.	2.61	-61.32	87.006318
5.007943	0.4	12.	-22.19	-79.624637	82.6
4.632678	0.4	12.	-30.714458	-74.04	82.6
5.275753	0.4	12.	-37.85	-83.950117	82.6
5.41544	0.4	12.	-28.06	-90.02	87.313988
4.678653	0.4	12.	-11.75	-115.14	83.249136
6.065354	0.4	12.	-9.073444	-137.97	82.43
7.794986	0.4	12.	-5.83986	-162.11	81.64
5.148107	0.4	12.	-2.612302	-75.67	80.1
4.739938	0.4	12.	19.58	-73.429402	79.36
4.52994	0.4	12.	-53.871205	17.29	78.34
6.021786	0.4	12.	-63.31	37.51	76.639514
6.721657	0.4	12.	-74.4	43.38	83.883168
4.944216	0.4	12.	-58.41	1.630436	77.37
4.969546	0.4	12.	-104.42	-8.81	73.05057
4.628319	0.4	12.	-59.72	-116.77	73.683991
5.960395	0.4	12.	14.03	-140.25	72.029696
6.348301	0.4	12.	32.022213	-119.38	76.92
4.826594	0.4	12.	31.	-91.899937	76.92
5.101173	0.4	12.	9.052299	-100.13	76.92
4.750617	0.4	12.	-4.380018	-85.13	76.63
4.572626	0.4	12.	-7.83	-92.96	80.66272
4.849584	0.4	12.	-1.63	-106.023183	76.63
5.654508	0.4	12.	-1.96	-145.476101	76.58
6.358498	0.4	12.	28.39	-80.935972	76.41
5.38481	0.4	12.	-120.74	-65.858679	76.41
5.049288	0.4	12.	-124.402033	-82.52	75.95
6.129526	0.4	12.	-108.99	-105.35	75.561358
5.554234	0.4	12.	-121.631465	-47.62	74.47
6.57048	0.4	12.	-140.97	-54.650293	73.79
5.782431	0.4	12.	-129.88	-12.223704	74.08
7.781949	0.4	12.	-111.6	-21.85	67.975645
7.147779	0.4	12.	-113.56	1.63	70.309073
6.717701	0.4	12.	-102.79	12.651137	73.
5.465515	0.4	12.	-80.93	15.33	76.887386
4.640018	0.4	12.	-63.63	22.51	76.303265
5.09643	0.4	12.	-71.14	14.35	69.341744
5.320282	0.4	12.	-71.14	5.22	75.602622
4.688009	0.4	12.	-24.47	-13.05	68.405352
5.250252	0.4	12.	1.97736	-16.63	72.88
5.05352	0.4	12.	22.52	-24.624798	72.88
5.790131	0.4	12.	25.45	-37.604503	72.88
6.515859	0.4	12.	39.361762	-36.53	72.88
4.592694	0.4	12.	29.37	-50.720574	72.88
4.95824	0.4	12.	25.707354	-61.32	72.82
4.531917	0.4	12.	-8.134914	-5.54	72.26
4.940287	0.4	12.	-13.38	3.59	73.416386
5.006779	0.4	12.	-22.84	-2.28	69.637688
4.810648	0.4	12.	-36.726636	2.94	72.09
6.324223	0.4	12.	-41.707064	17.29	71.63
5.070152	0.4	12.	-65.27	-16.63	71.396432
4.798746	0.4	12.	-79.62	-4.265083	71.18
5.966232	0.4	12.	-87.78	-15.	71.491333
4.948504	0.4	12.	-102.962277	-69.47	71.35
5.7337	0.4	12.	-101.753129	-91.	71.29
4.481359	0.4	12.	-87.13	-83.07091	71.29
4.663582	0.4	12.	-69.83	-88.39	72.691577
4.5641	0.4	12.	-78.416568	-101.11	71.29
4.61635	0.4	12.	-84.904858	-117.1	71.29
4.877272	0.4	12.	-97.25	-124.879424	71.23
6.432493	0.4	12.	-98.88	-112.853693	71.23
4.74934	0.4	12.	-123.35	-97.261885	71.12
5.56677	0.4	12.	-14.633585	-154.93	70.95
5.624518	0.4	12.	-11.773215	-141.23	70.61
5.172782	0.4	12.	-19.25	-128.842122	70.38
4.968081	0.4	12.	4.827586	-120.03	70.38
6.873282	0.4	12.	28.341273	-133.08	70.38
4.999807	0.4	12.	-24.47	-79.083589	70.32
4.698279	0.4	12.	-27.41	-88.667967	70.32
5.383309	0.4	12.	-34.92	-80.89	69.626469
4.67237	0.4	12.	1.31	-52.182267	70.32
4.987972	0.4	12.	6.420905	-34.25	70.32
5.308705	0.4	12.	12.4	-23.831949	69.81
4.629077	0.4	12.	16.64	-53.49	66.124591
4.584935	0.4	12.	0.33	-74.466604	69.36
5.437688	0.4	12.	22.84	-91.398791	69.81
4.636208	0.4	12.	-34.3105	-55.78	69.75
4.678928	0.4	12.	-32.31	-40.12	66.629356
5.387419	0.4	12.	-21.54	-45.66	67.899964
4.655789	0.4	12.	-34.26	-18.242651	69.75
6.246861	0.4	12.	-44.630491	-6.2	69.75
5.922996	0.4	12.	-52.21	-16.424971	69.75
4.842733	0.4	12.	-74.73	-37.422628	69.64
4.893992	0.4	12.	-79.670714	-24.46	69.64
5.19003	0.4	12.	-101.43426	-40.45	69.64
4.655262	0.4	12.	-88.43	-51.54	72.082539
4.655092	0.4	12.	-83.63877	-69.47	69.07
6.151819	0.4	12.	-110.07266	-57.73	69.13
5.279865	0.4	12.	-47.32	-119.05	64.265764
5.438455	0.4	12.	-34.744089	-153.63	69.13
6.471713	0.4	12.	-36.969908	-135.04	69.13
6.173364	0.4	12.	-7.51	-118.606632	68.28
4.775262	0.4	12.	-12.73	-61.65	65.600245
4.902325	0.4	12.	19.371745	-69.47	68.16
4.608084	0.4	12.	-23.5	-30.66	65.654317
6.42812	0.4	12.	-56.78	15.039681	67.82
5.388145	0.4	12.	-68.2	32.62	65.809963
6.334104	0.4	12.	-86.513901	28.7	67.82
4.515679	0.4	12.	-50.91	-70.774874	67.65
4.544965	0.4	12.	-55.48	-47.000803	67.71
5.414396	0.4	12.	-64.58312	-35.88	67.71
5.63385	0.4	12.	-98.704404	-26.09	67.54
6.033202	0.4	12.	-130.86	-73.06	64.595086
4.746156	0.4	12.	-129.55	-88.323253	67.25
5.438556	0.4	12.	-88.76	-134.06	70.914588
5.874074	0.4	12.	-26.76	-119.451743	67.31
6.208585	0.4	12.	-69.154287	-106.33	67.31
5.731055	0.4	12.	-87.370626	-105.68	66.97
4.83041	0.4	12.	-90.228869	-94.26	66.97
6.082139	0.4	12.	-60.37	-117.1	61.485283
5.471238	0.4	12.	-118.310603	-82.52	65.72
4.747292	0.4	12.	-117.48	-65.56	62.979043
5.285578	0.4	12.	-99.53	-13.05	63.520463
4.673945	0.4	12.	-65.013767	0.65	66.57
6.152241	0.4	12.	-76.03	46.392801	66.57
6.00609	0.4	12.	-47.97	39.955166	66.57
4.559687	0.4	12.	-51.23	23.48	62.833615
5.441961	0.4	12.	-48.95	4.57	63.947846
4.654683	0.4	12.	-56.78	-10.44	62.095949
4.556572	0.4	12.	-34.26	-8.81	65.698876
4.533585	0.4	12.	-2.28	-108.29	62.786412
5.116059	0.4	12.	-1.31	-86.44	63.252539
4.714919	0.4	12.	1.880559	-141.56	66.57
4.987713	0.4	12.	-47.780388	-131.45	66.57
4.778003	0.4	12.	-12.73	-99.81	61.881368
4.520847	0.4	12.	5.55	-100.46	66.763242
4.490439	0.4	12.	25.45	-121.66	66.264432
5.090584	0.4	12.	26.11	-101.989009	66.57
4.720703	0.4	12.	-15.34	-79.13267	66.57
5.824364	0.4	12.	6.53	-63.93	65.873712
4.872964	0.4	12.	-41.44	-45.369349	66.29
5.528313	0.4	12.	-37.53	-66.54	64.800279
5.335101	0.4	12.	11.42	-89.37	67.288284
4.499816	0.4	12.	-42.42	-17.61	63.150121
4.895618	0.4	12.	-43.4	-35.316986	66.29
5.152652	0.4	12.	-52.54	-35.55	61.784566
4.696112	0.4	12.	-78.64	-54.97493	66.29
4.505909	0.4	12.	-60.552836	-74.69	66.29
4.999229	0.4	12.	-50.264888	-108.94	66.29
4.971219	0.4	12.	-27.085816	-98.83	66.29
6.58508	0.4	12.	-6.2	-129.82	60.913009
4.914306	0.4	12.	-17.62	-109.826494	66.29
4.657908	0.4	12.	26.11	-111.88	70.622016
4.558279	0.4	12.	33.687647	-88.72	66.29
5.803653	0.4	12.	31.98	-75.35	64.795832
6.045261	0.4	12.	9.14	-129.943635	66.29
5.105991	0.4	12.	-71.79	-119.713207	66.29
5.864356	0.4	12.	-99.53	-51.21	66.618581
6.448755	0.4	12.	-124.33	-56.323944	66.34
5.161592	0.4	12.	-101.49	-79.292842	66.06
5.007084	0.4	12.	-67.88	-49.9	69.412585
4.738786	0.4	12.	-62.65	-62.3	69.756974
5.146312	0.4	12.	-44.945631	-55.45	66.06
4.550688	0.4	12.	-76.03	-80.175787	66.06
5.123338	0.4	12.	-75.06	-63.6	69.509249
4.85687	0.4	12.	-61.794521	-96.22	66.06
4.987256	0.4	12.	-40.497988	-94.59	66.06
4.695833	0.4	12.	25.13	-47.62	59.460505
5.117478	0.4	12.	31.65	-55.146955	59.75
7.406055	0.4	12.	34.706443	-37.18	59.75
5.076187	0.4	12.	19.881771	-36.53	59.75
5.463442	0.4	12.	-2.28	-46.791599	59.75
5.166838	0.4	12.	1.90608	-35.23	59.75
4.961068	0.4	12.	-95.29	-100.66237	59.75
6.356961	0.4	12.	-110.402429	-106.98	59.07
5.02043	0.4	12.	-9.46	-152.004258	59.41
5.133687	0.4	12.	-22.52	-126.163478	59.41
4.631696	0.4	12.	20.88	-132.75	59.744772
5.76371	0.4	12.	4.89	-120.873227	59.41
6.913045	0.4	12.	14.03	-102.726876	59.41
5.274777	0.4	12.	21.12032	-81.22	59.41
4.820706	0.4	12.	-22.633114	-7.18	59.41
4.808505	0.4	12.	-15.01	-0.98	63.213532
5.546988	0.4	12.	-6.851965	8.81	59.41
7.148608	0.4	12.	-15.34	24.46	57.755036
6.82714	0.4	12.	-28.72	34.640952	59.41
4.549642	0.4	12.	-41.675367	24.14	59.41
4.650937	0.4	12.	-37.85	15.660603	59.41
5.850483	0.4	12.	-78.267589	17.61	59.41
6.364854	0.4	12.	-84.293531	-14.68	59.41
6.44521	0.4	12.	-68.032711	-15.	59.41
4.559469	0.4	12.	-99.53	-90.35	60.610065
4.61293	0.4	12.	-71.47	-89.7	56.894889
4.611484	0.4	12.	-76.371282	-102.09	59.41
4.854874	0.4	12.	-32.16136	-46.64	59.41
5.316139	0.4	12.	-27.74	-57.08	55.355286
6.34048	0.4	12.	-26.441908	-73.39	59.41
4.5286	0.4	12.	-29.37	-86.128419	59.41
5.195247	0.4	12.	-41.44	-83.866245	59.41
5.189021	0.4	12.	-31.65	-16.452895	59.41
4.702163	0.4	12.	-34.92	2.28	57.204817
4.512817	0.4	12.	-47.764452	-5.54	59.41
4.846301	0.4	12.	-58.41	-26.683402	59.41
4.749557	0.4	12.	-34.92	-33.663187	59.41
5.294433	0.4	12.	-92.68	-83.587743	58.04
4.58894	0.4	12.	-91.7	-62.95	59.256689
4.651445	0.4	12.	-80.204981	-37.18	58.1
6.017513	0.4	12.	-75.06	-27.4	58.393645
4.874633	0.4	12.	-74.4	-2.28	54.528127
4.587477	0.4	12.	-16.97	-61.65	56.869277
5.061668	0.4	12.	-16.32	-71.43	53.475174
5.473424	0.4	12.	-3.26	-73.71	58.595438
7.019755	0.4	12.	-12.4	-116.498371	55.6
5.522661	0.4	12.	-4.24	-99.603893	55.6
5.383107	0.4	12.	-91.05	-109.59	53.437466
5.140859	0.4	12.	-64.61	-65.342062	54.69
4.921119	0.4	12.	-54.872003	-59.04	54.69
5.138229	0.4	12.	-63.63	-39.068758	54.69
5.772026	0.4	12.	-44.05	-50.874684	54.69
6.789997	0.4	12.	-98.88	-44.032889	54.58
4.932754	0.4	12.	-107.36	-63.6	57.686885
4.8456	0.4	12.	-115.52	-68.17	52.667877
5.668269	0.4	12.	-101.49	-69.15	49.359989
4.657607	0.4	12.	-61.02	-0.019177	54.41
4.926147	0.4	12.	-50.58	16.085287	54.41
5.181145	0.4	12.	-63.252832	18.27	54.41
6.502164	0.4	12.	-64.61	30.69923	54.41
6.37052	0.4	12.	-52.54	35.682488	54.41
7.985906	0.4	12.	-11.1	-86.107494	54.41
5.724765	0.4	12.	25.546967	-92.63	54.41
4.784318	0.4	12.	34.537759	-73.71	54.41
6.22716	0.4	12.	-89.09	-125.208302	53.33
5.872994	0.4	12.	-76.03	-111.904765	53.55
5.599702	0.4	12.	-80.93	-85.747044	53.55
4.481755	0.4	12.	-91.05	-70.78	51.095481
4.716946	0.4	12.	-48.239823	-32.29	50.71
6.277468	0.4	12.	-45.69	-16.63	49.928216
4.543363	0.4	12.	-76.69	-56.1	52.555722
5.958004	0.4	12.	-36.231489	-65.56	50.31
5.739508	0.4	12.	20.56	-126.23	50.600318
5.460128	0.4	12.	-9.79	-154.200002	48.66
6.188154	0.4	12.	-16.64	-137.32	51.45003
5.695213	0.4	12.	6.826506	-137.97	48.66
4.952418	0.4	12.	-103.77	-111.241549	47.3
4.7424	0.4	12.	-96.92	-94.512553	47.7
4.766543	0.4	12.	-82.56	-35.88	44.861385
5.243968	0.4	12.	-64.965912	-18.27	46.79
5.677329	0.4	12.	-87.78	-11.09	45.104494
7.74041	0.4	12.	-39.81	17.26711	47.24
5.550621	0.4	12.	-32.63	4.24	46.736828
5.608283	0.4	12.	-23.484221	-13.05	46.79
5.776404	0.4	12.	-15.430507	-2.94	46.79
6.430785	0.4	12.	-34.060921	-34.9	46.22
4.983803	0.4	12.	-32.907555	-55.45	46.05
4.636441	0.4	12.	-14.36	-62.143752	46.22
4.494317	0.4	12.	31.33	-55.082913	46.16
6.277975	0.4	12.	10.12	-113.51	47.465628
4.87606	0.4	12.	-5.55	-103.865292	45.59
5.495527	0.4	12.	-7.51	-122.343542	45.31
4.943154	0.4	12.	-86.48	-94.92	47.979937
8.095515	0.4	12.	-47.506008	-119.38	45.42
5.153684	0.4	12.	-68.526313	-112.86	45.31
4.594443	0.4	12.	-36.5437	-104.37	45.31
4.504647	0.4	12.	-19.91	-110.9	47.357584
4.646906	0.4	12.	-72.089894	-83.5	44.8
5.762299	0.4	12.	-69.957528	-97.53	44.29
7.696766	0.4	12.	-90.72	-109.92	39.366681
4.840048	0.4	12.	-116.83	-111.864059	43.77
5.401101	0.4	12.	-114.21	-123.29	48.323576
7.77812	0.4	12.	-115.657814	-77.63	43.77
6.363795	0.4	12.	-111.251178	-62.3	43.77
5.575124	0.4	12.	-96.399645	-51.86	43.77
5.950839	0.4	12.	-92.909573	-23.16	43.77
5.717863	0.4	12.	-49.6	-0.678954	43.77
6.437226	0.4	12.	-65.938711	12.72	43.77
4.967672	0.4	12.	-63.31	25.44	42.313812
4.966072	0.4	12.	-77.16212	19.9	43.77
6.313054	0.4	12.	-37.85	33.92	37.957458
7.40639	0.4	12.	-19.91	32.29	41.239059
4.899233	0.4	12.	-54.17	30.478208	43.38
5.363539	0.4	12.	25.13	-81.87	47.537413
5.6769	0.4	12.	37.368111	-72.74	43.04
4.92971	0.4	12.	33.94	-82.52	40.363342
6.393806	0.4	12.	31.796279	-93.61	42.81
5.840653	0.4	12.	-20.88	-88.07	43.731946
4.612151	0.4	12.	-4.332982	-85.46	42.52
4.881035	0.4	12.	10.12	-74.69	40.001131
7.001829	0.4	12.	10.12	-48.27	46.824597
5.337162	0.4	12.	-0.33	-38.154101	42.41
6.079979	0.4	12.	20.88	-68.817731	42.41
4.496921	0.4	12.	-93.66	-79.91	38.081155
4.56726	0.4	12.	-60.816136	-65.56	42.07
5.970534	0.4	12.	-64.61	-46.32	41.389461
4.863895	0.4	12.	-43.4	-56.625213	42.07
5.676786	0.4	12.	-65.749844	-33.27	42.07
4.523244	0.4	12.	-57.43	-8.257716	41.61
6.550549	0.4	12.	-0.33	7.5	45.808039
5.54576	0.4	12.	-31.693411	-22.51	39.51
5.763402	0.4	12.	-68.2	-0.230542	39.51
5.288147	0.4	12.	-83.21	-136.278838	39.51
6.462502	0.4	12.	-94.63	-139.303215	39.51
6.345431	0.4	12.	-93.33	-65.23	41.004934
5.600422	0.4	12.	19.91	-93.29	37.955708
5.824533	0.4	12.	11.1	-102.556939	38.37
4.663448	0.4	12.	11.513545	-121.99	38.37
5.815031	0.4	12.	17.238356	-131.12	38.37
6.010683	0.4	12.	-11.1	-136.34	36.252713
5.003303	0.4	12.	-8.48	-149.29451	38.37
5.302898	0.4	12.	-28.72	-66.54	39.832832
6.365879	0.4	12.	-39.829632	-80.89	38.26
5.173704	0.4	12.	-51.56	-63.6	34.904819
4.664899	0.4	12.	-39.111337	-7.83	38.2
6.076492	0.4	12.	26.816388	-44.36	37.18
5.879733	0.4	12.	13.54447	-38.16	37.18
4.819903	0.4	12.	-81.58	-67.06924	37.24
6.130665	0.4	12.	-50.91	-23.135006	37.24
5.124988	0.4	12.	-48.95	-36.490013	37.24
4.522262	0.4	12.	-52.86	-47.919763	37.24
6.276155	0.4	12.	-27.942948	-46.64	37.24
5.917017	0.4	12.	-19.91	-5.840483	36.21
4.514144	0.4	12.	-6.53	-10.76	36.021016
5.253012	0.4	12.	-8.81	4.696799	36.21
4.890126	0.4	12.	-38.83	6.2	35.615796
5.066678	0.4	12.	-72.44	-17.226763	36.21
5.889644	0.4	12.	-90.039116	-31.96	36.21
4.731787	0.4	12.	-76.36	-40.728624	36.21
5.826381	0.4	12.	-86.15	-48.57314	36.21
6.513679	0.4	12.	-96.59	-90.484333	36.21
5.12952	0.4	12.	-17.95	-69.8	37.527835
7.717203	0.4	12.	-8.16	-52.541507	36.21
6.453762	0.4	12.	-23.82	-29.03	30.87388
5.186573	0.4	12.	-17.54388	-19.57	35.42
4.679492	0.4	12.	-12.4	-117.1	37.5445
5.181832	0.4	12.	-10.77	-104.685958	35.25
4.640281	0.4	12.	-24.116627	-108.62	35.25
5.337272	0.4	12.	-35.991813	-103.4	35.25
5.872615	0.4	12.	-64.94	-116.12	33.685736
7.034713	0.4	12.	-80.549641	-123.29	35.3
4.935022	0.4	12.	-103.77	-105.648129	35.3
5.686148	0.4	12.	-10.77	-125.9	30.838693
5.676778	0.4	12.	3.26	-115.763187	34.45
4.655154	0.4	12.	11.1	-89.080292	34.45
5.837669	0.4	12.	-40.14	-65.89	37.606509
4.754163	0.4	12.	-40.79	20.22	33.168565
6.61149	0.4	12.	-57.43	16.31	32.830074
4.609756	0.4	12.	-60.37	28.6735	33.26
5.211313	0.4	12.	-52.86	37.226185	33.26
5.893179	0.4	12.	-81.91	-23.48	28.626147
5.552427	0.4	12.	-80.93	-9.13	28.3853
4.735864	0.4	12.	-52.230727	0.33	33.26
5.449179	0.4	12.	-64.045379	-81.54	33.31
6.107395	0.4	12.	-83.741452	-93.29	33.31
5.38926	0.4	12.	-68.2	-104.37	32.013263
5.188401	0.4	12.	-103.541591	-119.38	33.31
5.336099	0.4	12.	-116.5	-104.630865	33.31
5.189965	0.4	12.	-115.85	-117.059613	33.31
5.961848	0.4	12.	-59.39	-95.79066	33.31
5.228957	0.4	12.	-45.123959	-93.61	33.31
5.380559	0.4	12.	-78.963661	-77.96	31.78
6.009855	0.4	12.	-89.09	-82.85	28.516454
6.111597	0.4	12.	27.818303	-87.09	31.78
5.82571	0.4	12.	28.39	-66.973195	31.78
5.7565	0.4	12.	43.08	-62.95	37.266813
5.442905	0.4	12.	3.26	-36.311844	31.78
5.589565	0.4	12.	2.94	-50.88	26.620913
4.798401	0.4	12.	20.260469	-76.32	31.84
7.081942	0.4	12.	-8.48	-92.244972	31.38
6.382003	0.4	12.	-22.19	-90.527811	31.15
5.321384	0.4	12.	-15.528425	-80.89	30.87
4.616787	0.4	12.	-28.72	-8.933382	30.98
5.895629	0.4	12.	-65.27	-27.237427	30.41
5.531939	0.4	12.	-66.19861	-41.75	30.76
4.581077	0.4	12.	-60.836518	-59.04	30.76
6.681767	0.4	12.	-53.19	-11.489676	30.36
4.574432	0.4	12.	-63.31	-16.675485	30.36
5.924358	0.4	12.	36.952448	-77.63	30.36
4.996109	0.4	12.	-84.19	-135.36	28.225443
5.263378	0.4	12.	-0.33	-82.988473	28.71
4.886602	0.4	12.	-62.027425	-68.82	28.6
4.842477	0.4	12.	-35.560983	-18.59	28.14
6.028703	0.4	12.	-36.22	-31.464731	28.37
5.88598	0.4	12.	-39.16	-52.51	32.81475
4.646781	0.4	12.	-18.93	-55.530043	28.37
4.882311	0.4	12.	-41.44	-4.24	23.396352
4.991683	0.4	12.	-50.91	-53.647551	26.72
4.649698	0.4	12.	-51.23	-67.19	25.110425
5.456814	0.4	12.	-28.39	-63.139311	26.49
4.691928	0.4	12.	-50.58	-23.144256	26.32
6.11346	0.4	12.	-51.565985	-40.45	26.32
4.506007	0.4	12.	-74.73	-58.38	24.91164
4.708867	0.4	12.	-92.35	-68.5	29.609207
5.826138	0.4	12.	-96.417203	-53.82	25.92
5.360833	0.4	12.	-13.32294	-69.8	25.58
6.992954	0.4	12.	-8.48	15.003661	24.62
6.684581	0.4	12.	-24.654893	9.46	24.62
7.465156	0.4	12.	-12.4	-0.44248	24.5
4.816817	0.4	12.	-36.55	5.702385	23.88
6.60098	0.4	12.	-19.58	30.789209	23.88
5.196062	0.4	12.	-73.945896	7.18	23.88
5.905447	0.4	12.	-66.484588	-1.3	23.88
5.108381	0.4	12.	-79.093164	-38.81	23.71
4.664818	0.4	12.	-82.363569	-50.23	23.65
4.712599	0.4	12.	-81.26	-66.87	22.868555
5.081765	0.4	12.	-66.57	-108.885268	22.46
4.48412	0.4	12.	-62.33	-117.42	21.558232
5.556484	0.4	12.	-81.58	-95.320812	21.55
6.113051	0.4	12.	-96.27	-96.22	20.785294
7.72446	0.4	12.	-6.53	-136.155714	21.6
5.83113	0.4	12.	4.24	-117.1	21.085462
4.958589	0.4	12.	-52.21	14.376787	19.61
5.899367	0.4	12.	-51.592104	2.61	19.1
5.125251	0.4	12.	-64.175472	30.66	18.82
6.91654	0.4	12.	-49.28	34.216397	18.31
5.810158	0.4	12.	-41.12	21.302581	18.14
5.16377	0.4	12.	-64.29	16.63	19.857231
4.555581	0.4	12.	-60.04	-49.58	14.62018
4.75078	0.4	12.	-60.7	-64.59247	17.
5.121448	0.4	12.	-62.33	-19.57	12.368655
4.6332	0.4	12.	-39.16	-15.66	14.570671
5.326765	0.4	12.	-32.31	-32.29	14.687911
5.217705	0.4	12.	-28.052461	-20.22	17.45
6.972654	0.4	12.	-26.633895	-3.59	17.45
6.624332	0.4	12.	-17.041972	-13.7	16.83
6.147469	0.4	12.	-87.13	-128.406503	16.54
7.580624	0.4	12.	-105.4	-116.77	14.454666
4.707579	0.4	12.	-98.55	-106.414498	16.6
4.977318	0.4	12.	-108.99	-95.89	19.951649
5.096067	0.4	12.	-75.838956	-140.25	16.49
6.005541	0.4	12.	-86.48	-104.05271	14.78
4.606175	0.4	12.	-87.13	-86.76	12.439849
4.872703	0.4	12.	-85.5	-74.37	16.819098
4.823401	0.4	12.	-96.92	-74.82703	15.35
5.230352	0.4	12.	-91.7	-62.62	12.726309
6.884087	0.4	12.	-98.55	-52.51	12.873729
4.615249	0.4	12.	-41.44	-55.122863	15.24
5.400797	0.4	12.	-30.35	-59.740078	15.24
4.932172	0.4	12.	-37.53	-80.94073	15.24
4.909296	0.4	12.	-47.32	-67.801943	15.24
4.905032	0.4	12.	-58.74	7.5	11.908959
5.710821	0.4	12.	-51.89	-12.72	10.422664
6.138429	0.4	12.	3.401198	-92.96	15.24
4.614861	0.4	12.	-8.81	-109.410562	15.24
5.66882	0.4	12.	-2.28	-65.89	17.68973
5.488417	0.4	12.	12.73	-47.95	18.840391
6.574454	0.4	12.	22.19	-48.6	10.270561
5.925469	0.4	12.	-0.455694	-8.81	14.5
5.006826	0.4	12.	-17.95	3.899509	13.36
6.645572	0.4	12.	-75.06	-60.235829	13.13
6.4883	0.4	12.	-75.71	-3.862716	12.56
6.092926	0.4	12.	-20.311818	21.53	3.81
4.528855	0.4	12.	-72.12	-28.715564	11.94
7.340797	0.4	12.	-61.68	-4.57	4.058999
6.60762	0.4	12.	-59.014113	31.96	7.73
6.809523	0.4	12.	-43.755955	8.81	7.56
5.160209	0.4	12.	-43.950416	-5.54	7.56
6.94665	0.4	12.	-65.59	-101.620092	7.45
5.159849	0.4	12.	-65.27	-117.1	11.492897
5.67228	0.4	12.	-12.859974	-136.67	7.45
4.962356	0.4	12.	-9.66602	-125.58	7.45
5.300256	0.4	12.	0.921625	-120.36	7.45
6.063971	0.4	12.	11.75	-126.648703	7.45
6.180392	0.4	12.	-21.54	-104.85421	6.82
4.652543	0.4	12.	-23.791885	-79.59	6.82
6.239701	0.4	12.	-9.79	-78.182117	6.82
6.434991	0.4	12.	-52.417872	-53.49	6.65
6.123564	0.4	12.	-66.9	-71.259427	6.65
7.214428	0.4	12.	-88.43	-119.41802	5.46
6.089853	0.4	12.	-102.79	-104.818817	5.46
4.785007	0.4	12.	-36.87	-15.667539	5.34
5.843586	0.4	12.	-34.59	-39.530904	5.34
7.116422	0.4	12.	-88.746299	0.65	5.34
5.631518	0.4	12.	-51.56	19.24	8.605992
4.50897	0.4	12.	-96.59	-68.729875	5.34
5.795187	0.4	12.	-53.37184	-88.07	5.34
6.50862	0.4	12.	-37.85	-97.704927	9.72
5.942796	0.4	12.	-25.69698	-92.31	9.72
5.55097	0.4	12.	-27.74	-124.792545	9.72
4.995122	0.4	12.	-42.1	-113.16495	9.72
5.554713	0.4	12.	-50.848899	-100.46	9.72
7.362497	0.4	12.	-51.185021	-123.29	9.72
4.876661	0.4	12.	-35.411915	-132.75	9.72
5.566754	0.4	12.	-34.59	-68.17	2.993111
5.48991	0.4	12.	-24.47	-60.832618	0.68
4.707756	0.4	12.	-13.479961	-63.93	0.68
6.177667	0.4	12.	-12.767139	-94.92	0.68
6.795513	0.4	12.	-8.16	-111.55	3.026857
5.630322	0.4	12.	-79.56544	-87.41	0.68
7.780567	0.4	12.	-82.56	-102.42	-1.138855
7.802731	0.4	12.	-93.66	-85.78	-1.655785
5.375498	0.4	12.	-81.641766	-59.69	1.36
7.298144	0.4	12.	-70.49	-53.17	1.969299
6.111454	0.4	12.	-76.36	-37.18	0.319597
5.155297	0.4	12.	-48.3	-29.68	-0.955229
5.863653	0.4	12.	-57.11	-23.444062	2.27
6.142559	0.4	12.	-79.62	-18.27	-1.509445
6.942531	0.4	12.	-88.931044	-30.99	2.44
5.799509	0.4	12.	-64.94	10.44	-3.102239
7.0322	0.4	12.	-32.634381	-1.96	2.62
6.37189	0.4	12.	-19.407786	7.5	2.62
8.036509	0.4	12.	-10.293823	-10.11	2.62
4.887823	0.4	12.	-20.88	-29.68	6.108457
5.862596	0.4	12.	-15.66	-45.66	4.547696
6.027804	0.4	12.	-36.487138	-51.21	3.52
7.208288	0.4	12.	-40.46	-80.56	0.883779
5.718433	0.4	12.	-5.55	-30.99	4.251215
6.706777	0.4	12.	-4.57	-50.23	0.193367
4.993355	0.4	12.	6.53	-78.302796	6.59
8.172123	0.4	12.	15.247858	-108.29	6.65
5.031646	0.4	12.	-31.98	13.05	12.33189
4.78658	0.4	12.	-56.876992	-40.45	11.65
7.248041	0.4	12.	-47.97	-28.38	11.710441
5.66503	0.4	12.	-24.927049	-49.25	12.68
5.450834	0.4	12.	-17.95	-68.82	14.916607
5.06467	0.4	12.	9.838197	-34.57	13.81
4.712141	0.4	12.	-81.58	-19.289076	14.67
6.30365	0.4	12.	-86.48	-38.99301	14.72
7.41256	0.4	12.	-13.71	-55.863427	16.71
5.01329	0.4	12.	-10.77	-25.44	20.904664
5.380075	0.4	12.	-4.57	-42.135594	16.77
4.576035	0.4	12.	-66.9	-89.7	13.94936
4.611309	0.4	12.	-11.1	-78.63433	17.85
5.457853	0.4	12.	-25.104289	-83.47	17.91
5.009676	0.4	12.	-26.73	-107.845483	17.91
5.055287	0.4	12.	-17.495204	-120.	17.91
6.240606	0.4	12.	-78.4974	-112.82	17.96
6.171809	0.4	12.	-88.73	-118.37	24.606313
5.493585	0.4	12.	-73.753488	-125.54	20.12
4.543255	0.4	12.	-13.02	-91.39989	20.18
5.173023	0.4	12.	-32.27	-95.691862	20.18
4.898809	0.4	12.	-52.91937	-113.15	20.69
5.740612	0.4	12.	-29.01	-126.97882	20.75
5.224884	0.4	12.	11.533548	-106.95	20.81
5.538197	0.4	12.	17.	-125.367004	20.86
4.564265	0.4	12.	-3.597032	-102.06	20.86
5.187318	0.4	12.	-16.61	-101.73	22.818745
6.55446	0.4	12.	19.29	-90.64	21.014732
4.753046	0.4	12.	17.65	-74.33	18.061197
5.375381	0.4	12.	5.981275	-74.01	20.86
6.228711	0.4	12.	16.231417	-59.	21.26
6.866461	0.4	12.	-8.12	-35.19	27.193216
6.369529	0.4	12.	-25.09	-45.362821	24.1
5.569747	0.4	12.	-39.550479	-105.65	24.16
5.775911	0.4	12.	-6.49	-25.41	51.012398
5.626652	0.4	12.	7.07779	-55.41	57.53
5.609971	0.4	12.	21.24	-60.278347	57.76
6.101421	0.4	12.	14.07	-71.930664	57.93
5.223431	0.4	12.	5.58	-78.25	53.691624
4.505501	0.4	12.	-20.53	-48.89	57.840518
6.526512	0.4	12.	-18.57	-38.78	52.148622
4.877585	0.4	12.	18.63	-26.06	61.256522
4.823857	0.4	12.	9.5	-26.39	55.987257
4.594362	0.4	12.	10.48	-43.611757	59.01
4.886544	0.4	12.	-6.336804	-16.93	59.29
6.489752	0.4	12.	-2.879741	-4.21	59.41
5.155286	0.4	12.	9.36896	-5.18	59.41
5.094308	0.4	12.	5.58	-15.3	55.963364
5.866871	0.4	12.	-21.18	8.19	60.365595
4.746054	0.4	12.	-28.493503	16.34	60.49
4.990902	0.4	12.	-65.904304	9.17	60.55
7.751015	0.4	12.	-36.84	-123.26	56.711013
5.027304	0.4	12.	16.02	-116.464092	60.89
7.335715	0.4	12.	-86.12	3.62	58.755241
5.569144	0.4	12.	-93.3	-4.21	66.153636
4.858982	0.4	12.	-102.43	1.500289	65.6
5.242284	0.4	12.	-110.92	-9.75	62.968253
5.564112	0.4	12.	-105.7	-33.56	60.572312
4.540351	0.4	12.	-111.834777	-42.04	65.6
6.270081	0.4	12.	-119.4	-32.91	61.497523
4.528999	0.4	12.	-2.625702	-95.86	65.83
4.69687	0.4	12.	-59.304356	-129.46	68.45
4.686126	0.4	12.	-68.17	-129.13	65.24705
5.717687	0.4	12.	-79.92	-126.631878	68.45
4.790583	0.4	12.	-23.617505	-146.74	69.36
5.002393	0.4	12.	9.82	-44.453408	69.36
6.173908	0.4	12.	-2.9	-26.356708	69.36
5.568709	0.4	12.	-11.39	-15.918476	69.36
4.713755	0.4	12.	-55.77	29.845582	69.36
5.049175	0.4	12.	-69.185178	-26.06	69.36
4.553089	0.4	12.	-70.45	-5.84	72.155968
5.294569	0.4	12.	-22.16	-57.37	74.626126
4.645279	0.4	12.	-26.07	-63.9	67.761018
5.485183	0.4	12.	-11.167715	-50.85	70.78
4.835103	0.4	12.	-3.23	-37.98333	70.78
5.655068	0.4	12.	15.04	-78.9	71.437162
4.560951	0.4	12.	-35.86	-29.350533	70.78
5.023949	0.4	12.	-47.28	-26.39	72.20703
5.111505	0.4	12.	-59.110915	-26.06	70.78
4.652062	0.4	12.	-76.98	-14.64	75.172733
5.949966	0.4	12.	-12.872063	-89.99	71.29
4.765813	0.4	12.	6.250717	-108.58	71.29
5.196337	0.4	12.	15.7	-118.37	73.571614
5.201217	0.4	12.	-39.516707	-121.95	71.63
4.519469	0.4	12.	-26.330487	-137.28	71.63
5.121626	0.4	12.	-27.38	7.86	70.463267
5.189792	0.4	12.	-73.72	23.182514	75.27
4.752421	0.4	12.	-12.37	-38.799222	75.27
4.623115	0.4	12.	5.25	-131.41	76.477533
4.561875	0.4	12.	19.61	-109.58909	76.97
4.490102	0.4	12.	7.347328	-85.42	76.97
4.514579	0.4	12.	1.01	-96.84	81.095874
4.898252	0.4	12.	-12.37	-100.715003	76.97
4.566896	0.4	12.	-19.22	-108.170228	76.97
4.602678	0.4	12.	-4.86	-129.46	73.688371
4.819243	0.4	12.	-52.51	-111.330252	76.97
4.783893	0.4	12.	-39.122872	-101.73	76.97
4.682535	0.4	12.	-26.4	-97.71946	76.97
4.94074	0.4	12.	7.54	-69.44	79.055452
4.740193	0.4	12.	12.508705	-61.29	76.97
4.626745	0.4	12.	34.687108	-69.44	76.97
4.570966	0.4	12.	20.59	-44.33	79.435887
6.476535	0.4	12.	-33.576087	-7.14	76.97
5.145842	0.4	12.	-43.149144	-15.95	76.97
5.173357	0.4	12.	-47.478665	4.27	76.97
4.857507	0.4	12.	-56.938159	-8.77	76.97
4.660114	0.4	12.	-81.55	4.27	75.107272
4.662544	0.4	12.	-92.659215	-6.49	76.97
4.791982	0.4	12.	-52.18	-37.48	80.67348
4.916595	0.4	12.	-38.897653	-39.11	77.03
5.871476	0.4	12.	-42.06	-52.15	81.778309
5.14312	0.4	12.	-34.023308	-65.2	77.03
5.063303	0.4	12.	-66.86	-45.3	81.661098
5.465472	0.4	12.	-79.004888	-51.5	77.03
5.02955	0.4	12.	-76.98	-68.46	78.24442
4.558012	0.4	12.	-75.02	-81.281932	77.03
4.845482	0.4	12.	-47.61	-94.88	78.117207
4.897564	0.4	12.	-70.60592	-115.76	77.03
5.323029	0.4	12.	-85.46	-95.21	76.117315
5.219377	0.4	12.	-97.86	-102.493573	77.03
5.558748	0.4	12.	-103.74	-79.55	79.194449
4.68709	0.4	12.	-100.15	-47.394636	77.03
4.609334	0.4	12.	-109.216734	-31.6	77.09
5.178562	0.4	12.	-100.48	0.69	77.505151
5.526422	0.4	12.	-118.884057	-10.4	77.15
4.5785	0.4	12.	-124.95	-25.41	73.817067
4.699605	0.4	12.	-120.05	-33.709645	77.2
6.831281	0.4	12.	-128.54	-56.72	83.463872
4.502052	0.4	12.	-112.22	-74.467061	77.2
4.483624	0.4	12.	-85.370491	-61.61	77.2
4.851453	0.4	12.	-32.6	-48.24	75.539179
4.664797	0.4	12.	-47.61	-45.96	73.912754
4.999222	0.4	12.	-92.275281	-32.58	77.43
5.160313	0.4	12.	-22.48	-116.41	81.348445
4.860834	0.4	12.	-28.68	-125.186518	77.49
4.976132	0.4	12.	-41.755884	-111.84	77.49
4.542557	0.4	12.	15.163788	-90.97	77.49
4.625107	0.4	12.	-24.026735	-21.49	77.49
4.708351	0.4	12.	-65.88	-78.25	78.144265
4.521968	0.4	12.	-56.53328	-61.29	77.49
4.776699	0.4	12.	-69.15	-71.07	72.731145
4.803129	0.4	12.	-34.23	-91.990015	77.49
5.195463	0.4	12.	-63.325748	-106.62	77.49
4.972522	0.4	12.	-109.224064	-44.	77.49
6.469722	0.4	12.	-135.026349	-69.44	77.49
4.525019	0.4	12.	-46.31	-130.261914	78.28
4.856342	0.4	12.	-46.31	-141.223792	78.28
4.610169	0.4	12.	-37.00595	-143.81	78.28
6.453883	0.4	12.	-69.189851	-138.91	78.28
6.327614	0.4	12.	-8.723856	-61.29	78.28
4.84645	0.4	12.	-12.354257	-78.25	78.28
4.491052	0.4	12.	-52.18	-73.861061	78.28
4.556366	0.4	12.	-55.77	-46.118317	78.28
4.947495	0.4	12.	-62.0651	-35.84	78.28
4.725553	0.4	12.	-62.62	13.127132	78.28
4.561743	0.4	12.	-25.698811	-33.24	78.28
4.73746	0.4	12.	-99.17	-25.73	79.617656
4.49902	0.4	12.	-102.43	-17.91	75.804652
4.736828	0.4	12.	-87.1	-71.4	81.966755
5.61724	0.4	12.	-97.153007	-61.94	79.08
4.792389	0.4	12.	-43.063873	-70.09	79.08
4.634914	0.4	12.	-4.21	-120.204744	79.08
4.606827	0.4	12.	-32.27	-114.45	78.949469
4.576466	0.4	12.	-60.033435	-125.22	79.08
5.067561	0.4	12.	-73.72	-125.351126	79.08
4.512614	0.4	12.	19.923333	-56.39	80.16
5.226725	0.4	12.	11.647694	-49.54	80.16
5.571902	0.4	12.	2.467017	-43.02	80.16
5.375364	0.4	12.	12.11	-31.841883	80.16
7.387224	0.4	12.	12.43	-13.664985	80.16
5.080721	0.4	12.	1.99	-26.342844	80.16
4.572668	0.4	12.	-10.74	-24.75	82.085806
4.85627	0.4	12.	-15.63	-16.27	79.689903
5.11705	0.4	12.	-47.94	-6.16	84.932241
4.984092	0.4	12.	-56.42	-15.95	84.861458
4.773776	0.4	12.	-66.367956	-3.23	80.22
4.568507	0.4	12.	-75.275059	-36.17	80.22
4.486359	0.4	12.	-76.	-25.828667	80.22
4.991625	0.4	12.	-105.455624	-55.09	80.22
5.089194	0.4	12.	-116.14	-55.41	81.475085
5.023805	0.4	12.	-51.53	-120.32	84.038913
4.830316	0.4	12.	-36.368683	-132.72	80.22
4.648833	0.4	12.	-27.251112	-150.33	80.22
5.609542	0.4	12.	-56.75	-136.31	77.238829
4.630987	0.4	12.	16.310068	-128.8	80.22
4.807441	0.4	12.	-7.221769	-47.91	81.12
4.796132	0.4	12.	-24.11	-64.883179	81.18
4.552886	0.4	12.	-31.069655	-56.07	81.18
4.838913	0.4	12.	-34.23	-28.163106	81.18
5.081595	0.4	12.	-55.005664	-28.02	81.58
4.493975	0.4	12.	-76.98	-100.43	81.319049
4.796318	0.4	12.	-16.94	-127.5	84.728181
5.366702	0.4	12.	-22.16	-141.670241	81.75
4.513451	0.4	12.	-83.83	-14.542344	81.75
5.612177	0.4	12.	-44.02	-28.34	86.221973
4.732292	0.4	12.	-44.266951	23.19	81.98
5.328447	0.4	12.	-116.47	17.135274	81.98
6.89936	0.4	12.	-123.256497	3.62	81.98
4.718874	0.4	12.	-17.785564	-91.29	82.66
5.835706	0.4	12.	-39.78	-121.3	83.250404
5.670506	0.4	12.	-84.16	-118.663444	82.83
4.768336	0.4	12.	-99.735498	-111.19	82.83
4.755518	0.4	12.	-19.55	-67.241028	164.98
6.574426	0.4	12.	-12.279588	-57.7	164.98
4.783499	0.4	12.	-35.86	-54.617024	164.98
5.858823	0.4	12.	-35.86	-66.187576	164.86
5.562685	0.4	12.	-8.12	-118.896891	164.86
5.156508	0.4	12.	-10.109765	-107.6	164.86
5.810663	0.4	12.	-131.806955	-48.57	164.86
6.383539	0.4	12.	-118.75	-73.176178	164.86
5.42642	0.4	12.	-123.32	-84.44	161.2851
5.372165	0.4	12.	-117.44	-89.01	169.515825
7.858782	0.4	12.	-108.63	-97.863663	164.86
5.774893	0.4	12.	-89.38	-98.916859	164.86
5.347355	0.4	12.	-88.4	-113.15	168.632749
4.700165	0.4	12.	-65.23	-126.96086	164.86
4.62199	0.4	12.	-70.554585	-135.98	164.86
4.514654	0.4	12.	-75.67	-128.8	169.27345
4.512454	0.4	12.	-70.45	-118.69	168.236386
5.863253	0.4	12.	-84.695294	-125.22	164.86
4.627013	0.4	12.	-93.95	-128.8	160.7401
6.955163	0.4	12.	-102.52764	-118.37	164.86
7.881959	0.4	12.	-59.524413	-153.92	164.86
5.838919	0.4	12.	-31.29	-154.889504	164.86
5.180982	0.4	12.	-55.77	-121.53834	164.86
4.957912	0.4	12.	-67.144861	-108.58	164.86
5.849076	0.4	12.	-67.19	-88.36	167.785457
5.052311	0.4	12.	-62.819328	-71.4	164.86
4.533298	0.4	12.	-57.73	-83.184761	164.86
4.850512	0.4	12.	-72.74	-68.46	161.839222
4.824379	0.4	12.	-73.404274	-56.07	164.86
4.557632	0.4	12.	-84.16	-64.409182	164.86
5.193246	0.4	12.	-95.91	-65.736947	164.86
6.123284	0.4	12.	-108.63	-63.505311	164.86
6.511035	0.4	12.	-109.94	-45.3	170.394873
5.203253	0.4	12.	-72.74	-30.63	169.298022
5.958301	0.4	12.	-76.	-19.465925	164.75
4.965733	0.4	12.	-85.79	-7.950681	164.75
5.290782	0.4	12.	-88.4	-23.45	165.802094
5.013666	0.4	12.	-88.956436	-39.11	164.75
5.676581	0.4	12.	-74.255354	-41.72	164.75
7.101473	0.4	12.	-49.57	-46.61	171.30191
5.009357	0.4	12.	-23.927538	-50.2	164.75
6.438791	0.4	12.	-46.96	-67.48	170.650015
6.570552	0.4	12.	-47.28	-77.27	158.86595
6.86995	0.4	12.	-80.24	-86.196151	164.75
5.221184	0.4	12.	-61.32	-100.43	161.915783
5.298142	0.4	12.	-39.13	-105.97	162.346899
5.33917	0.4	12.	-75.02	-100.921486	164.75
4.520701	0.4	12.	-94.608448	-87.05	164.75
5.857148	0.4	12.	-14.65	-37.10211	163.61
4.71776	0.4	12.	-28.03	-33.274633	163.61
5.032312	0.4	12.	-38.15	-32.26	162.957265
4.7086	0.4	12.	-48.983995	-16.6	163.67
5.701582	0.4	12.	-61.32	-3.975013	163.61
5.359742	0.4	12.	-49.24	-0.413974	163.67
5.272147	0.4	12.	-62.62	8.391789	163.67
5.375001	0.4	12.	-72.641519	0.03	163.67
4.486899	0.4	12.	-77.31	13.41	165.160026
5.110306	0.4	12.	-68.82	18.63	164.936929
5.93114	0.4	12.	-83.83	23.52	168.698167
5.224789	0.4	12.	-100.48	18.63	167.658462
6.322073	0.4	12.	-93.3	29.51685	163.67
4.628647	0.4	12.	-100.526958	3.95	163.67
6.513919	0.4	12.	-112.22	3.56137	163.67
6.327681	0.4	12.	-111.24	-11.371095	163.67
4.624426	0.4	12.	-99.82	-17.91	163.74371
5.85096	0.4	12.	-117.44	-22.8	163.380912
5.088838	0.4	12.	-125.884243	-32.91	163.67
4.885533	0.4	12.	-119.4	-46.706864	163.67
4.507166	0.4	12.	-56.09	-34.203444	163.67
5.564984	0.4	12.	-37.17	-44.	167.021368
4.970507	0.4	12.	-65.88	-62.26	168.065061
5.030918	0.4	12.	-18.24	-151.96	157.568929
5.043519	0.4	12.	5.25	-144.46	156.155187
5.815604	0.4	12.	14.72	-138.91	155.67529
4.851244	0.4	12.	5.197568	-129.13	156.17
5.245283	0.4	12.	13.09	-97.973916	156.17
6.186032	0.4	12.	32.67	-96.718727	156.17
5.258517	0.4	12.	26.14	-129.829802	156.17
4.907929	0.4	12.	17.944726	-89.01	156.17
5.613148	0.4	12.	10.15	-79.23	155.57538
5.45939	0.4	12.	9.5	-61.29	155.749272
5.622153	0.4	12.	-1.92	-47.31679	156.22
4.953864	0.4	12.	-23.14	-25.868221	156.22
6.68484	0.4	12.	-34.88	-16.508785	156.22
5.63959	0.4	12.	-36.866917	-1.27	156.22
4.564598	0.4	12.	-48.92	24.5	152.274976
4.696508	0.4	12.	-57.73	27.76	158.178784
6.388032	0.4	12.	-111.9	17.32	158.251394
4.859729	0.4	12.	-120.05	7.21	152.726817
8.016112	0.4	12.	-111.24	46.495093	154.12
5.819898	0.4	12.	-109.082817	29.39	154.18
5.260774	0.4	12.	-92.32	-60.275163	154.18
5.670421	0.4	12.	-111.24	-65.85	152.738588
5.441608	0.4	12.	-99.96715	-47.26	154.18
4.964738	0.4	12.	-88.963306	-35.19	154.18
4.994877	0.4	12.	-70.13	-36.82	149.71953
6.626335	0.4	12.	-67.52	-50.4034	154.18
4.771168	0.4	12.	-84.16	-15.3	156.730588
5.168351	0.4	12.	-38.8	-59.	152.371986
4.51715	0.4	12.	-52.51	-65.53	156.169794
4.707342	0.4	12.	-15.96	-57.752904	154.01
6.321842	0.4	12.	-18.57	-69.126705	154.01
5.669582	0.4	12.	7.266011	-117.71	153.49
5.211786	0.4	12.	-55.77	-116.74	152.713269
4.938725	0.4	12.	-67.84	-113.272736	153.49
4.911996	0.4	12.	-56.488174	-104.34	153.49
4.54	0.4	12.	-10.08	-99.45	157.428109
4.572731	0.4	12.	-20.2	-36.943751	153.49
4.975	0.4	12.	-20.839741	-46.93	153.49
4.482261	0.4	12.	-48.066861	-46.93	153.55
4.593332	0.4	12.	-53.48	-31.568517	153.49
4.714957	0.4	12.	-34.23	-28.34	151.104785
5.087849	0.4	12.	-54.14	-18.059553	153.49
4.731003	0.4	12.	-61.403751	-8.77	153.49
4.865027	0.4	12.	-51.800065	1.67	153.04
5.322158	0.4	12.	-64.91	9.340412	153.21
4.955324	0.4	12.	-67.950409	-0.62	153.21
5.358343	0.4	12.	-65.56	22.776749	153.21
6.39791	0.4	12.	-76.65	14.53392	153.21
6.151665	0.4	12.	-79.26	28.21587	152.76
4.676997	0.4	12.	-94.28	25.414365	153.1
4.490919	0.4	12.	-112.213783	-19.86	153.1
4.84268	0.4	12.	-121.866472	-29.32	153.1
5.262375	0.4	12.	-119.73	-40.139536	153.1
4.837908	0.4	12.	-125.6	-48.57	149.88452
5.290458	0.4	12.	-136.001847	-45.63	153.1
5.422725	0.4	12.	-110.92	-2.558482	153.04
5.510801	0.4	12.	-26.73	-60.196649	152.87
5.695624	0.4	12.	-25.09	-82.81	150.293831
5.998563	0.4	12.	15.316029	-126.52	152.93
4.643627	0.4	12.	-10.41	-118.598755	152.93
4.645675	0.4	12.	-8.45	-141.06439	152.93
6.55388	0.4	12.	-6.49	-152.347051	152.93
4.993825	0.4	12.	-57.07	-148.37	149.368376
4.965414	0.4	12.	-41.565175	-157.51	152.93
5.038516	0.4	12.	-63.27	-61.94	157.333329
5.128334	0.4	12.	-63.93	-71.33158	152.59
4.602934	0.4	12.	-78.29	-58.68	156.252722
4.533357	0.4	12.	-75.821034	-19.86	151.9
4.756043	0.4	12.	-44.67	-9.055142	151.16
6.484991	0.4	12.	20.92	-52.81	144.790364
5.657006	0.4	12.	8.84	-56.849325	143.72
4.796088	0.4	12.	-2.25	-48.470689	143.72
5.101902	0.4	12.	-13.02	-43.349991	143.72
4.896303	0.4	12.	-27.38	-25.451547	143.72
4.856965	0.4	12.	-52.914168	-25.08	143.72
6.384608	0.4	12.	-87.1	16.047128	143.43
4.994777	0.4	12.	-66.21	-12.03	142.474014
5.116315	0.4	12.	-52.890374	-13.66	143.43
4.813042	0.4	12.	-65.88	-27.855393	143.09
4.656658	0.4	12.	-55.932837	-36.82	143.32
4.705702	0.4	12.	-47.28	-45.32421	143.32
4.664849	0.4	12.	-16.94	-73.03	141.951366
4.669257	0.4	12.	-0.841299	-73.03	143.32
5.604073	0.4	12.	20.311825	-90.64	143.32
5.285523	0.4	12.	8.52	-86.185577	143.32
5.233278	0.4	12.	-8.530765	-97.49	143.32
4.538245	0.4	12.	9.773422	-117.71	143.32
4.657655	0.4	12.	-27.05	-128.330345	143.09
5.408387	0.4	12.	-48.039747	-127.17	142.92
4.493193	0.4	12.	-50.22	-137.94	145.698082
4.517433	0.4	12.	-90.03	-67.060722	142.86
5.277753	0.4	12.	-113.2	-27.69	141.908563
4.904538	0.4	12.	-114.18	-16.27	142.614278
4.872864	0.4	12.	-121.537922	-41.39	142.52
4.778739	0.4	12.	-130.82	-37.768251	142.52
5.981332	0.4	12.	-98.67543	-41.06	142.52
5.877553	0.4	12.	-83.071968	-38.45	142.52
4.75895	0.4	12.	-69.103188	-47.26	142.52
4.736642	0.4	12.	-57.73	-47.26	145.746216
5.235595	0.4	12.	-30.214873	-58.02	142.52
5.399095	0.4	12.	-42.72	-59.66	142.264291
5.182138	0.4	12.	-102.11	-62.26	146.83472
5.021556	0.4	12.	-58.05	8.936356	142.18
4.554781	0.4	12.	-65.262087	-2.25	142.18
5.235729	0.4	12.	-75.67	-1.92	143.984602
4.884828	0.4	12.	-68.5	13.41	144.162817
4.767938	0.4	12.	-62.62	27.556451	142.18
4.764976	0.4	12.	-43.69	24.82	142.243474
4.600023	0.4	12.	-77.63	-24.650968	141.78
4.932589	0.4	12.	-107.65	-7.14	141.05815
5.216565	0.4	12.	-109.29	-37.15	144.666691
5.653531	0.4	12.	-124.3	-27.326693	141.78
5.859546	0.4	12.	-122.67	-77.569636	140.93
4.872079	0.4	12.	-126.58	-92.699907	140.99
4.837466	0.4	12.	-95.25	-19.86	136.620123
4.510884	0.4	12.	-79.26	-48.971422	138.6
5.195312	0.4	12.	-20.460379	-82.16	137.75
5.391443	0.4	12.	-41.485802	-11.38	135.59
5.003274	0.4	12.	-48.92	34.28	139.136634
5.686964	0.4	12.	-28.03	27.314052	134.73
6.396018	0.4	12.	-27.38	10.8	131.242132
5.036425	0.4	12.	-75.67	18.941151	134.73
7.413151	0.4	12.	-96.23	25.440336	134.05
5.563297	0.4	12.	-69.971676	-72.7	133.48
4.713428	0.4	12.	-78.94	-81.435177	133.48
4.69902	0.4	12.	-90.36	-118.69	133.905722
5.978084	0.4	12.	-45.33	-118.04	127.972993
4.806455	0.4	12.	-31.29	-119.02	133.397282
5.703275	0.4	12.	-39.175952	-129.13	133.48
5.605614	0.4	12.	1.470465	-113.8	132.74
4.853298	0.4	12.	18.316553	-84.44	132.74
6.402697	0.4	12.	16.97564	-56.39	132.74
4.97237	0.4	12.	11.13	-43.097878	132.74
5.782193	0.4	12.	0.03	-46.907543	132.74
5.501687	0.4	12.	-11.71	-44.33	128.175684
6.388717	0.4	12.	-11.06	-32.26	135.748603
4.600939	0.4	12.	-28.930936	-29.32	132.74
4.624105	0.4	12.	-48.26	-44.	129.747723
4.589645	0.4	12.	-52.998144	-32.91	132.74
5.045212	0.4	12.	-44.077116	-28.67	132.74
5.613373	0.4	12.	-56.42	-21.49	134.475237
4.54025	0.4	12.	-54.39887	-9.42	132.74
4.731458	0.4	12.	-65.56	-13.01	130.677119
6.763791	0.4	12.	-29.261113	-8.12	132.74
5.343991	0.4	12.	-21.733817	-20.19	132.8
4.589988	0.4	12.	-11.171924	-78.25	132.74
5.696243	0.4	12.	-3.56	-71.07	128.847838
5.404662	0.4	12.	-69.8	-124.56	127.492045
4.706798	0.4	12.	-30.321057	-150.	132.8
5.579113	0.4	12.	-64.058729	-2.58	131.95
5.912846	0.4	12.	-49.232544	6.56	131.95
5.007371	0.4	12.	-65.56	19.93	130.753394
6.90126	0.4	12.	-60.66	33.027112	131.95
4.789961	0.4	12.	-46.96	27.547077	131.95
5.975225	0.4	12.	-100.48	-1.92	132.850136
4.804846	0.4	12.	-125.6	-1.6	130.76261
6.190647	0.4	12.	-127.23	-13.01	129.470979
6.427636	0.4	12.	-115.138045	-21.49	131.95
5.385691	0.4	12.	-130.82	-40.74	130.827102
6.475588	0.4	12.	-115.81	-43.07265	131.61
4.777864	0.4	12.	-26.73	-58.149701	132.01
4.602216	0.4	12.	-16.28	-66.852962	131.61
5.444104	0.4	12.	-9.739321	-55.74	131.95
4.806623	0.4	12.	6.919935	-78.9	131.95
4.739386	0.4	12.	-10.08	-97.712556	131.95
4.481979	0.4	12.	-86.12	-60.31	132.496246
4.667413	0.4	12.	-90.135348	-69.44	131.95
5.803957	0.4	12.	-59.734213	-42.37	131.95
5.427768	0.4	12.	-75.051789	-1.27	131.72
4.996275	0.4	12.	-61.64	9.53282	131.72
5.446619	0.4	12.	-105.37	-13.918077	131.15
5.53123	0.4	12.	-115.16	3.312041	130.93
4.615366	0.4	12.	-124.096084	-28.02	131.15
6.291831	0.4	12.	15.04	-114.449376	130.47
4.496249	0.4	12.	0.319964	-102.06	130.47
5.428341	0.4	12.	-50.55	-133.073011	130.41
5.231409	0.4	12.	-121.36	-87.71	130.321405
5.304335	0.4	12.	-120.805245	-72.38	129.62
5.289505	0.4	12.	-117.77	-57.655099	129.96
4.76281	0.4	12.	-104.06	-64.390688	129.96
5.201761	0.4	12.	-101.78131	-24.1	129.67
5.195444	0.4	12.	-48.92	-96.483799	126.38
5.259299	0.4	12.	-55.77	-112.17	125.485809
6.499005	0.4	12.	-32.93	-108.25	121.554968
6.044555	0.4	12.	-77.63	-46.548249	126.38
6.382992	0.4	12.	-76.65	-24.75	120.142536
4.701367	0.4	12.	-82.53	-13.387602	126.38
4.918674	0.4	12.	-87.640315	-23.45	126.38
6.567234	0.4	12.	-35.54	-15.405849	118.93
5.08125	0.4	12.	-48.59	-13.66	123.040719
5.002033	0.4	12.	-42.002731	-50.52	118.93
4.553773	0.4	12.	-54.46	-35.19	119.50178
4.80379	0.4	12.	-53.801175	-45.63	118.93
5.901519	0.4	12.	-115.043042	-31.28	118.93
4.694794	0.4	12.	-114.83	-18.427777	118.93
5.346504	0.4	12.	-122.3486	-4.21	118.93
4.625095	0.4	12.	-114.412566	10.15	118.99
5.962495	0.4	12.	-117.77	21.89	124.019678
4.77711	0.4	12.	-118.227864	35.59	118.93
5.128759	0.4	12.	-94.28	40.672271	118.93
6.157408	0.4	12.	-66.95886	21.56	118.99
4.775348	0.4	12.	-29.305091	-64.87	120.64
4.657017	0.4	12.	-59.726601	-17.25	122.4
5.88622	0.4	12.	-2.58	-28.606031	105.06
4.693073	0.4	12.	-55.12	-53.966629	105.06
4.699284	0.4	12.	-56.09	-36.95412	105.06
6.084141	0.4	12.	-81.87	-69.11	106.185546
4.666491	0.4	12.	-75.35	-80.53	101.549382
4.710692	0.4	12.	-77.96	-20.795434	103.41
4.553669	0.4	12.	-45.65	-14.64	103.585394
4.946634	0.4	12.	-37.82	-29.97	103.394912
4.718446	0.4	12.	9.82	-104.374316	103.41
5.471012	0.4	12.	11.78	-87.137381	103.41
7.878848	0.4	12.	-101.45	-109.066114	102.96
4.521426	0.4	12.	-73.265475	-48.89	102.67
4.905329	0.4	12.	-110.27	-22.105035	102.16
5.637405	0.4	12.	-68.220234	-11.06	102.16
5.800947	0.4	12.	-7.8	-62.26	101.194081
5.360728	0.4	12.	-3.88	-78.25	98.715797
6.144947	0.4	12.	-97.257217	-69.44	99.32
5.569135	0.4	12.	-59.03	-148.383217	99.37
5.319695	0.4	12.	-81.805117	-116.08	99.37
5.3183	0.4	12.	-32.27	-37.684199	99.2
5.11328	0.4	12.	-38.15	-16.93	93.482792
5.634017	0.4	12.	-0.62	-52.48	100.874667
5.597318	0.4	12.	7.33645	-34.87	98.01
5.279209	0.4	12.	-35.127468	-48.89	98.01
5.125013	0.4	12.	-40.76	-76.11302	98.01
4.88099	0.4	12.	-33.58	-83.716796	98.01
5.062002	0.4	12.	-14.65	-98.116193	97.84
6.318063	0.4	12.	-27.05	-118.04	97.290274
4.523392	0.4	12.	-66.35258	-31.28	96.82
4.712955	0.4	12.	-54.46	-18.23	96.22801
5.796421	0.4	12.	-44.843728	-37.15	96.82
5.141394	0.4	12.	2.061317	-69.44	96.82
4.49016	0.4	12.	-23.413895	-43.35	96.82
6.095308	0.4	12.	-43.37	-60.31	100.187789
4.527068	0.4	12.	-91.780536	-39.43	96.47
4.599645	0.4	12.	-84.609067	-103.04	95.74
4.978844	0.4	12.	-59.610748	-39.76	91.24
4.65642	0.4	12.	-65.56	-49.87	95.148717
5.513239	0.4	12.	-78.94	-59.	86.630484
4.815693	0.4	12.	-82.53	-69.77	91.903269
4.724341	0.4	12.	-76.798304	-23.78	91.24
5.111534	0.4	12.	-93.643471	-26.06	91.24
6.058198	0.4	12.	-99.342475	-2.25	91.24
5.143776	0.4	12.	-100.8	-14.97	92.042955
6.050831	0.4	12.	-70.003301	1.67	91.24
4.965153	0.4	12.	-9.43	-27.545557	91.3
5.222765	0.4	12.	-1.27	-88.36	86.404293
6.666381	0.4	12.	-74.193382	-124.24	91.24
4.64144	0.4	12.	-70.315253	-136.31	91.24
4.535718	0.4	12.	-1.27	-126.03795	90.45
6.34863	0.4	12.	14.39	-97.307113	90.51
4.787298	0.4	12.	12.978625	-126.19	90.51
5.480943	0.4	12.	14.72	-112.183894	90.51
5.731785	0.4	12.	-50.22	-102.635139	90.51
5.359927	0.4	12.	7.87	-44.98	93.554837
5.02657	0.4	12.	16.106622	-54.11	90.62
6.275886	0.4	12.	-10.74	-54.802651	90.33
5.154451	1.	11.	-64.687395	-49.25	166.
4.413786	1.	11.	-45.36	-36.53	167.502836
6.577437	1.	11.	-97.57	-9.79	171.779181
5.046328	1.	11.	-107.69	-20.87	170.381232
5.21827	1.	11.	-88.677417	-73.39	166.
4.972435	1.	11.	-92.823167	-55.78	166.
4.883613	1.	11.	-97.25	-46.32	164.133958
4.352036	1.	11.	-84.52	-48.636294	165.83
4.853594	1.	11.	-49.28	-108.236873	165.83
5.56424	1.	11.	-19.100561	-138.95	165.83
4.508003	1.	11.	-29.37	-144.632374	165.83
5.440495	1.	11.	-41.44	-141.88	170.374758
4.996009	1.	11.	-41.77	-131.305399	165.83
6.54272	1.	11.	-21.744466	-117.75	165.83
4.471591	1.	11.	-21.86	-102.74	168.958262
4.900444	1.	11.	-13.183349	-95.24	165.83
5.067433	1.	11.	-14.36	-83.83	166.24113
4.514639	1.	11.	-25.13	-81.87	162.763075
4.485508	1.	11.	-26.11	-94.59	166.221864
4.362918	1.	11.	-35.9	-99.48	169.777423
6.335675	1.	11.	-39.49	-81.54	172.137092
4.6819	1.	11.	-36.22	-85.13	161.530154
4.982738	1.	11.	-2.28	-129.82	165.84502
5.452187	1.	11.	-4.89	-148.41	166.416258
5.504153	1.	11.	5.385574	-121.34	165.83
5.219697	1.	11.	2.28	-110.9	168.988296
4.681031	1.	11.	-95.61	-5.22	161.519976
4.437802	1.	11.	-48.3	-88.72	161.680011
4.607157	1.	11.	-28.72	-108.539398	163.56
4.889144	1.	11.	-50.91	-98.83	159.427063
4.71552	1.	11.	-83.371188	-105.03	156.39
5.041201	1.	11.	-50.494645	-130.14	157.87
4.367645	1.	11.	-44.448491	-138.3	160.2
5.950296	1.	11.	-32.96	-95.231144	156.
4.819233	1.	11.	-19.91	-91.33	154.282208
4.867001	1.	11.	-19.25	-103.07	158.05405
5.600778	1.	11.	-18.93	-112.53	150.756358
4.476279	1.	11.	-41.44	-85.37386	151.62
4.57507	1.	11.	-38.18	-140.534169	149.86
5.420291	1.	11.	-89.783969	-46.64	150.25
5.129005	1.	11.	-12.399287	-80.89	149.97
5.540174	1.	11.	-60.7	-91.98	154.420124
5.006847	1.	11.	-29.04	-103.401128	148.83
4.484824	1.	11.	-41.44	-74.988317	147.24
4.58324	1.	11.	-28.39	-91.468161	144.68
4.451444	1.	11.	-78.442723	-107.31	144.68
4.626399	1.	11.	-37.53	-128.84	143.931218
4.464046	1.	11.	-19.25	-98.83	145.70919
4.417332	1.	11.	-67.22	-110.205271	141.84
5.086698	1.	11.	-52.21	-105.878978	140.99
5.044455	1.	11.	-44.05	-86.982202	140.87
4.842756	1.	11.	-90.72	-48.104854	139.91
4.354855	1.	11.	-43.650321	-137.32	139.28
4.634083	1.	11.	-33.61	-109.59	134.888122
4.391253	1.	11.	-59.72	-90.35	141.940395
5.038172	1.	11.	-44.05	-76.260419	136.44
5.083699	1.	11.	-95.61	-56.1	134.478077
4.368888	1.	11.	-102.79	-48.6	133.113271
4.56009	1.	11.	-90.898138	-79.59	135.87
4.857807	1.	11.	-89.74	-108.94	133.931065
4.536708	1.	11.	-69.18	-87.782137	135.87
5.083991	1.	11.	-77.01	-91.98	131.934763
4.706645	1.	11.	-113.56	-77.3	134.806465
4.339498	1.	11.	-66.57	-38.49	139.285287
4.452749	1.	11.	-73.806492	-56.1	135.87
4.54808	1.	11.	-71.14	-63.93	140.407948
5.370722	1.	11.	-60.7	-64.26	138.211644
5.649895	1.	11.	-50.25	-66.21	132.438966
5.78076	1.	11.	-36.22	-92.96	131.36101
4.486745	1.	11.	-9.14	-88.39	133.145993
4.552233	1.	11.	-25.13	-112.2	131.356584
4.771921	1.	11.	-11.75	-120.36	131.766147
5.559383	1.	11.	-11.801783	-108.29	135.87
5.761502	1.	11.	-40.46	-158.329885	135.87
4.810411	1.	11.	-20.23	-119.05	139.300163
6.191584	1.	11.	-58.270128	-124.6	134.85
5.571848	1.	11.	-69.18	-102.934726	135.25
4.683831	1.	11.	-62.98	-52.324125	134.51
5.168729	1.	11.	-18.93	-49.58	136.815974
4.559868	1.	11.	-36.55	-76.32	129.945823
4.704664	1.	11.	-27.09	-75.681731	134.05
4.672917	1.	11.	-92.68	-97.85	134.061123
4.724775	1.	11.	-87.46	-89.04	128.981675
5.420405	1.	11.	-135.1	-76.697964	132.35
5.079851	1.	11.	-90.07	-39.239487	132.35
4.638587	1.	11.	-84.926489	6.85	132.23
5.178057	1.	11.	-88.11	-1.96	128.463845
4.470682	1.	11.	-25.45	-94.59	132.686426
4.446199	1.	11.	-79.3	-102.42	131.56794
4.412	1.	11.	-88.43	-48.124689	128.88
4.589399	1.	11.	-94.96	-14.02974	127.57
4.506377	1.	11.	-84.52	16.533826	127.57
6.076125	1.	11.	-72.77	9.79	127.565841
4.470586	1.	11.	-29.04	-39.237755	127.34
4.392813	1.	11.	-20.23	-35.23	130.334742
4.880102	1.	11.	-1.622405	-38.49	126.26
4.545939	1.	11.	-23.935411	-101.44	126.32
5.158126	1.	11.	-58.097664	-91.	126.32
4.502718	1.	11.	-42.749985	-82.2	126.32
4.568193	1.	11.	-51.89	-75.02	127.103048
4.667358	1.	11.	-61.68	-76.32	126.449366
5.241377	1.	11.	-61.363487	-102.42	126.15
5.07348	1.	11.	-65.92	-115.14	130.640994
4.576348	1.	11.	-68.362369	-38.81	125.3
4.639595	1.	11.	-106.38	-73.331277	125.3
4.668612	1.	11.	-109.32	-84.8	128.04828
4.980795	1.	11.	-126.94	-63.28	127.966311
5.084797	1.	11.	-128.25	-51.994271	124.62
5.225864	1.	11.	-138.541329	-55.12	124.62
4.847408	1.	11.	-70.81	-60.99	123.341466
6.080364	1.	11.	-59.07	-65.89	121.074991
5.161594	1.	11.	-67.122319	-84.48	124.62
4.626967	1.	11.	-62.98	-27.48326	124.16
4.620547	1.	11.	-63.31	-50.883281	124.16
4.657196	1.	11.	-40.630127	-62.3	124.16
4.921829	1.	11.	-44.05	-72.08	122.153745
6.133839	1.	11.	-19.25	-52.843905	124.16
5.098747	1.	11.	-41.471459	-137.97	123.59
4.582069	1.	11.	-48.184642	-150.04	122.68
4.749345	1.	11.	-91.37	-82.382152	122.4
4.660632	1.	11.	-14.03	-126.88	120.885582
4.815587	1.	11.	-21.86	-76.98	119.275209
5.056426	1.	11.	-89.959482	-36.53	121.49
4.353363	1.	11.	-29.04	-92.96	120.365852
4.693046	1.	11.	-44.71	-106.01	124.695906
5.120799	1.	11.	-22.19	-113.995922	120.29
4.624711	1.	11.	-94.31	-92.96	122.277192
4.695522	1.	11.	-34.26	-85.277698	119.84
4.520939	1.	11.	-40.14	-99.038912	119.04
5.24135	1.	11.	-47.089124	-130.14	118.7
4.989812	1.	11.	-69.334633	-134.38	118.7
4.339752	1.	11.	-82.89	-77.3	119.162933
4.82913	1.	11.	-82.23	-91.98	119.95716
5.458397	1.	11.	-11.75	-64.91	121.142675
5.53499	1.	11.	-10.77	-78.80683	118.02
5.05953	1.	11.	17.848701	-46.97	118.02
5.005788	1.	11.	-95.94	21.512853	117.22
4.670186	1.	11.	-83.87	13.192499	117.22
4.504597	1.	11.	-73.66795	6.2	117.22
5.224014	1.	11.	-93.042561	0.	117.22
4.567182	1.	11.	-93.239496	-10.44	117.22
4.446788	1.	11.	-98.22	-59.36	121.448924
5.325276	1.	11.	-96.27	-43.891926	117.22
5.096585	1.	11.	-88.11	-59.816017	117.22
4.651803	1.	11.	-48.965892	-57.08	116.54
4.603867	1.	11.	-25.45	-101.959952	116.2
6.76064	1.	11.	-54.82	-80.24	116.598103
4.964899	1.	11.	-10.77	-36.21	118.888839
5.661139	1.	11.	0.82955	-36.53	115.41
4.795193	1.	11.	-12.4	-23.234932	115.41
4.557471	1.	11.	-25.78	-21.200563	115.41
6.424655	1.	11.	-69.359398	-66.87	113.7
4.628055	1.	11.	-66.24	-54.443727	113.7
4.657334	1.	11.	-64.94	-42.577415	113.7
4.561063	1.	11.	-103.854078	-78.93	113.7
4.958646	1.	11.	-59.72	-108.62	110.397379
4.389101	1.	11.	-63.31	-89.163717	113.7
4.42467	1.	11.	-86.037139	-38.49	111.08
5.956433	1.	11.	-92.35	-80.56	111.817669
4.604028	1.	11.	-20.136749	-86.44	111.08
4.734044	1.	11.	-56.78	-61.818951	111.08
5.905364	1.	11.	-45.675377	-66.21	111.08
4.611174	1.	11.	-64.94	-79.401837	111.08
4.609927	1.	11.	-130.53	19.866925	111.08
5.50685	1.	11.	-120.335851	13.37	111.08
4.884438	1.	11.	-138.866729	14.68	111.08
5.075467	1.	11.	-105.08	-93.875462	109.49
4.764283	1.	11.	-34.919818	-86.11	109.49
4.771371	1.	11.	-93.33	-93.61	107.074968
4.477315	1.	11.	-41.44	-107.092872	107.22
5.961184	1.	11.	-40.46	-95.963122	106.03
4.669948	1.	11.	-32.63	-104.37	105.748106
4.357052	1.	11.	-0.33	-40.77	103.228141
5.926036	1.	11.	-16.32	-22.281653	105.34
4.665287	1.	11.	-88.43	10.224501	105.34
5.158136	1.	11.	-101.81	21.85	108.894909
5.255632	1.	11.	-76.764063	3.26	105.17
4.563814	1.	11.	-87.46	-57.252353	105.06
5.179018	1.	11.	-77.34	-35.55	104.691987
5.387269	1.	11.	-53.84	-77.96	102.92861
4.754003	1.	11.	-43.73	-127.904483	104.83
5.202127	1.	11.	-68.53	-121.01	104.551036
4.871371	1.	11.	-69.735805	-133.4	104.43
4.995827	1.	11.	-72.97054	-144.17	104.32
4.401795	1.	11.	-84.369938	-141.88	103.75
4.91878	1.	11.	-46.34	-144.82	105.373286
5.942539	1.	11.	-39.469373	-153.63	104.15
5.222059	1.	11.	-66.24	-39.293612	103.64
5.079046	1.	11.	-69.004606	-58.71	103.64
5.115669	1.	11.	-101.248094	-81.87	103.64
4.490208	1.	11.	-111.93	-82.464047	103.64
4.95115	1.	11.	-127.92	-49.9	104.971626
5.944855	1.	11.	-139.084098	-45.01	103.64
4.865089	1.	11.	-20.88	-65.89	104.411809
5.547828	1.	11.	-21.819511	-54.47	103.13
6.24376	1.	11.	-64.94	-69.767349	101.93
4.731388	1.	11.	-94.31	-81.22	95.593168
4.526868	1.	11.	-61.02	-83.5	97.981986
5.094739	1.	11.	-71.383258	-95.89	97.38
5.400657	1.	11.	-20.23	-88.088442	96.82
4.791167	1.	11.	-14.324013	-70.45	96.59
4.683878	1.	11.	-44.05	-86.159289	95.62
5.678659	1.	11.	-49.93	-66.54	91.058627
4.441884	1.	11.	-39.16	-98.088375	95.62
4.914394	1.	11.	-33.29	-106.447789	95.17
5.127491	1.	11.	-18.27	-127.179033	95.28
6.051154	1.	11.	-25.894848	-25.44	94.43
5.389356	1.	11.	-90.39	9.46	91.698576
4.410601	1.	11.	-101.077441	11.74	94.43
4.863763	1.	11.	-96.59	19.9	96.274725
5.095716	1.	11.	-135.696766	17.29	94.14
4.333975	1.	11.	-52.702423	-113.18	94.14
4.779957	1.	11.	-48.62	-136.379263	94.14
5.484694	1.	11.	-18.539388	-108.29	93.46
4.412639	1.	11.	-105.4	-78.28	90.275482
4.843828	1.	11.	-130.088071	-46.32	93.4
4.830356	1.	11.	-60.7	-58.06	97.114324
4.660943	1.	11.	-70.16	-66.54	89.578399
4.355222	1.	11.	-58.74	-106.33	86.35978
5.077278	1.	11.	-3.26	-35.88	87.661115
4.791465	1.	11.	-77.226618	-44.36	88.23
4.726878	1.	11.	-89.09	-56.43	84.208194
5.147979	1.	11.	-96.648554	-49.25	87.44
4.459889	1.	11.	-48.95	-90.479245	87.95
4.692416	1.	11.	-51.643534	-80.56	87.95
5.007918	1.	11.	-94.96	-74.671246	87.38
4.889152	1.	11.	-62.33	-81.507709	86.75
4.446123	1.	11.	-16.32	-69.8	83.004873
5.162932	1.	11.	-33.94	-105.35	85.064421
5.069372	1.	11.	-61.35	-55.78	83.733287
4.624536	1.	11.	-70.203909	-61.32	79.42
4.722237	1.	11.	-62.98	-71.43	84.013751
4.724827	1.	11.	-17.3	-28.05	75.233239
5.384962	1.	11.	-131.621646	-45.34	78.34
4.609905	1.	11.	-83.87	-30.33	82.843107
4.434909	1.	11.	-92.651376	18.27	77.32
4.358736	1.	11.	-98.55	27.72	76.939277
4.551093	1.	11.	-91.05	3.59	78.393272
4.729349	1.	11.	-33.29	19.24	79.181301
4.422091	1.	11.	-50.25	-85.16107	76.46
4.681319	1.	11.	-59.946509	-92.96	76.46
4.569544	1.	11.	-55.8	-100.79	73.018696
4.362998	1.	11.	-57.76	-80.89	73.684119
4.539302	1.	11.	-84.85	-42.73	77.565748
5.076497	1.	11.	-93.66	-74.774949	73.34
4.408583	1.	11.	-46.34	-77.96	70.634422
4.638434	1.	11.	-10.77	-70.45	71.404319
4.865697	1.	11.	-91.799837	-61.65	68.67
5.260721	1.	11.	-27.41	-108.62	70.777254
4.537555	1.	11.	-39.81	-106.33	66.500135
5.181193	1.	11.	-59.39	-54.14	62.290954
4.408786	1.	11.	-53.976897	-84.48	65.6
5.043154	1.	11.	-64.29	-84.141151	65.38
5.385117	1.	11.	-84.19	-46.057488	64.24
5.688842	1.	11.	-90.39	-35.23	67.147503
4.371648	1.	11.	-120.74	-44.36	64.747287
4.572649	1.	11.	-18.6	-21.53	64.523498
4.419055	1.	11.	-54.82	-103.07	59.307724
4.442714	1.	11.	-49.6	-92.31	64.158507
5.109208	1.	11.	-11.75	-30.664064	63.27
5.100543	1.	11.	-70.16	-57.520844	62.08
5.392928	1.	11.	-74.73	-71.068339	62.08
4.788667	1.	11.	-96.59	-71.303202	60.94
5.231843	1.	11.	-109.0473	-85.13	61.
5.342592	1.	11.	-110.027479	-74.37	61.
4.672016	1.	11.	-73.42	-43.299493	60.66
4.898647	1.	11.	-56.13	-67.102979	60.66
4.505729	1.	11.	-45.071987	-73.06	60.26
4.614363	1.	11.	-46.99	-62.985436	59.81
5.04802	1.	11.	-82.89	-94.92	59.718836
5.109343	1.	11.	-87.13	-53.350539	56.96
4.554549	1.	11.	-4.769326	-63.28	56.51
4.41936	1.	11.	-99.53	-56.051817	56.28
4.404726	1.	11.	-53.46296	-75.02	56.28
5.041109	1.	11.	-64.94	-76.27274	55.71
4.692268	1.	11.	-58.209154	-86.44	54.97
5.637127	1.	11.	-62.484813	-96.22	54.97
5.370607	1.	11.	-38.51	-95.376287	54.97
4.364832	1.	11.	-65.92	-51.941294	54.97
4.561241	1.	11.	-56.858796	-46.64	54.97
5.078509	1.	11.	-42.160996	-39.14	54.97
5.222298	1.	11.	-91.05	-29.463567	54.12
4.48455	1.	11.	-19.58	-24.871341	54.18
4.49622	1.	11.	-79.995261	-47.62	53.04
5.44107	1.	11.	-52.21	-95.89	50.14416
4.334825	1.	11.	-45.558913	-104.37	53.04
4.63125	1.	11.	-57.43	-111.130057	53.04
5.4452	1.	11.	-49.28	-85.13	50.106453
4.562682	1.	11.	-83.54	-64.339453	52.13
5.017701	1.	11.	-83.21	-76.	48.268231
4.467139	1.	11.	-72.77	-71.885164	51.16
4.365094	1.	11.	-73.75	-41.842681	49.57
5.348645	1.	11.	-47.97	-65.56	49.40555
4.493191	1.	11.	-42.128272	-77.96	49.12
4.982591	1.	11.	-29.37	-76.98	44.731635
4.483662	1.	11.	-54.366336	-75.35	46.05
4.810574	1.	11.	-61.820109	-90.35	44.85
4.713876	1.	11.	-65.92	-57.08	46.363783
4.491931	1.	11.	-62.33	-80.24	43.043318
5.418819	1.	11.	-32.63	-89.441282	43.95
4.423383	1.	11.	-56.355699	-57.08	42.98
4.350911	1.	11.	-72.94298	-65.23	42.98
5.009189	1.	11.	-83.54	-82.85	40.331424
4.650803	1.	11.	-102.14	-81.536249	42.98
5.661333	1.	11.	-46.637047	-104.05	42.98
4.770327	1.	11.	-54.266749	-86.11	39.74
5.153242	1.	11.	-70.152546	-74.69	39.74
4.599595	1.	11.	-72.498445	-56.1	39.74
5.074406	1.	11.	-55.15	-75.67	32.829284
4.970475	1.	11.	-72.44	-87.74	30.80192
5.230381	1.	11.	-51.89	-105.496142	30.07
4.993562	1.	11.	-102.14	-79.608271	30.07
4.469456	1.	11.	-62.98	-51.86	25.620599
5.788621	1.	11.	-54.82	-85.46	26.411243
4.564486	1.	11.	-43.413274	-81.22	26.04
4.525156	1.	11.	-71.14	-76.98	22.103686
5.499343	1.	11.	-20.23	-33.92	19.8395
4.454832	1.	11.	-53.19	-102.650051	19.9
4.492623	1.	11.	-62.	-81.205237	19.9
4.900384	1.	11.	-76.03	-86.44	17.765887
4.84912	1.	11.	-70.16	-47.163506	13.93
4.520237	1.	11.	-54.17	-75.731566	14.5
4.874761	1.	11.	-46.66	-91.	13.787493
4.740768	1.	11.	-76.36	-76.32	11.853058
5.671951	1.	11.	-84.655981	-74.04	0.91
6.211866	1.	11.	-95.696564	-42.4	0.91
5.459253	1.	11.	-23.82	-14.68	1.945037
5.557043	1.	11.	-51.12031	-71.76	0.85
5.194253	1.	11.	-51.981894	-42.73	0.85