0.01949
0.013311
0.021162
0.093843
0.039778
0.048962
0.015278
0.0064265
0.022224
0.01316
0.074206
0.019289
0.029784
0.025192
0.028001
0.0064258
0.02972
0.039963
0.070477
0.010802
0.033105
0.013817
0.026765
0.043539
0.016954
0.02179
0.0072544
0.0046622
0.025206
0.01458
0.042647
0.012824
0.013773
0.014021
0.060615
0.044437
0.0064026
0.014795
0.017354
0.034473
0.020054
0.098525
0.074382
0.02837
0.020185
0.03451
0.030225
0.043777
0.013907
0.069977
0.040398
0.010076
0.0080131
0.017035
0.012736
0.0071679
0.025411
0.012567
0.0073186
0.011059
0.0084554
0.036779
0.040612
0.013889
0.022223
0.0049421
0.015398
0.010246
0.017155
0.035915
0.038637
0.010242
0.073644
0.017857
0.014489
0.024277
0.043059
0.0085788
0.038381
0.0051613
0.025524
0.025034
0.019216
0.032635
0.010008
0.034886
0.019964
0.0074454
0.01509
0.015515
0.0042783
0.022399
0.028928
0.032484
0.004256
0.019848
0.019133
0.024193
0.0090646
0.017802
0.0073749
0.031747
0.038041
0.0065745
0.017481
0.015814
0.055786
0.015921
0.026361
0.011071
0.025071
0.014536
0.020194
0.030067
0.0067936
0.019961
0.067884
0.012205
0.051943
0.0069818
0.0093003
0.025061
0.0095888
0.01897
0.055533
0.016605
0.0082441
0.017402
0.37897
0.048329
0.021158
0.0067001
0.010916
0.0064679
0.019248
0.007248
0.024336
0.0060941
0.036618
0.029794
0.0038763
0.041387
0.0075544
0.21438
0.016531
0.020422
0.021744
0.012949
0.020132
0.021224
0.12993
0.050523
0.0088518
0.006364
0.0088956
0.011504
0.011394
0.057814
0.020183
0.075431
0.027868
0.2476
0.021414
0.061695
0.022018
0.027704
0.016909
0.0077957
0.02037
0.017042
0.018143
0.014753
0.014581
0.039976
0.028911
0.032345
0.015144
0.010349
0.020903
0.013872
0.035331
0.018292
0.026105
0.051983
0.02931
0.016759
0.012747
0.01136
0.021989
0.063116
0.016346
0.0086208
0.0086715
0.022196
0.021694
0.0373
0.011748
0.10238
0.067238
0.023779
0.063552
0.0043576
0.030647
0.030432
0.017059
0.017847
0.036937
0.014884
0.047591
0.043125
0.0088549
0.014418
0.011354
0.010618
0.017625
0.025083
0.012011
0.0099573
0.024036
0.0054332
0.015102
0.030698
0.0076382
0.018436
0.020857
0.048471
0.021143
0.017964
0.012137
0.014418
0.019823
0.060353
0.021747
0.011626
0.014828
0.0090859
0.013344
0.042762
0.045259
0.01113
0.05942
0.018219
0.026429
0.016454
0.028224
0.041335
0.021878
0.019883
0.033052
0.020816
0.0052933
0.0098992
0.12424
0.016624
0.023478
0.022006
0.0077454
