0.17187
0.090327
0.14435
0.10039
0.21852
0.17776
0.12935
0.092872
0.33594
0.14417
0.13567
0.13228
0.24381
0.15287
0.2169
0.20176
0.12106
0.18165
0.081045
0.15738
0.22984
0.12726
0.18363
0.16087
0.078286
0.10243
0.11795
0.19481
0.092431
0.21819
0.28242
0.20347
0.12555
0.35075
0.11177
0.12498
0.10834
0.24556
0.10651
0.15558
0.06629
0.31901
0.17909
0.083224
0.22826
0.19039
0.20767
0.19179
0.14075
0.080547
0.075604
0.14255
0.12188
0.18955
0.48497
0.15829
0.35408
0.11484
0.1224
0.15112
0.58164
0.098868
0.23684
0.092907
0.45186
0.099042
0.23888
0.15874
0.36838
0.14025
0.18808
0.2658
0.11222
0.16431
0.055281
0.15867
0.25094
0.10436
0.21494
0.092536
0.35847
0.14512
0.21307
0.25414
0.11812
0.09212
0.15294
0.15039
0.15115
0.3501
0.35028
0.23862
0.11788
0.18082
0.11066
0.098573
0.074764
0.046427
0.35441
0.19392
0.081743
0.047982
0.15832
0.71196
0.17856
0.21183
0.059662
0.34547
0.21497
0.097161
0.14224
0.08795
0.24039
0.11547
0.21352
0.14439
0.16248
0.16013
0.098428
0.077222
0.28059
0.1084
0.076927
0.22072
0.15948
0.050319
0.14488
0.13087
0.22214
0.14539
0.18708
0.33048
0.11692
0.18191
0.40185
0.50805
0.16303
0.2532
0.13801
0.057843
0.13401
0.42419
0.1894
0.064042
0.13447
0.19324
0.06048
0.0762
0.092941
0.16224
0.29365
0.20971
0.12804
0.22327
0.1306
0.078153
0.37366
0.27738
0.1186
0.13829
0.34995
0.12076
0.21977
0.36348
0.41928
0.13635
0.35943
0.16897
0.10394
0.1087
0.11241
0.18511
0.11499
0.17958
0.11013
0.28947
0.16303
0.35746
0.22784
0.20094
0.16806
0.28003
0.2144
0.16126
0.13763
0.15153
0.4843
0.063966
0.16479
0.15067
0.093903
0.089059
0.13131
0.21067
0.19779
0.22631
0.2468
0.48826
0.11869
0.063895
0.093293
0.15442
0.16722
0.16589
0.13878
0.20122
0.10846
0.15347
0.29482
0.21099
0.031638
0.22976
0.053473
0.16612
0.21161
0.1974
0.056872
0.30349
0.50987
0.13902
0.35377
0.17125
0.15261
0.20362
0.19751
0.14795
0.16301
0.081098
0.14637
0.14826
0.3061
0.43258
0.16737
0.13373
0.18933
0.24579
0.14691
0.3772
0.22133
0.11914
0.22264
0.31727
0.51362
0.23298
0.10725
0.17282
0.30029
0.048593
0.45745
0.10787
0.064324
0.078774
0.12764
0.3926
0.33175
0.086925
0.12906
