0.14183
0.13903
0.1533
0.11507
0.12672
0.12369
0.11856
0.091122
0.15976
0.19447
0.13019
0.14951
0.15415
0.10677
0.17026
0.13924
0.15519
0.1152
0.15033
0.12745
0.16792
0.14496
0.14244
0.21443
0.15595
0.12559
0.095698
0.15471
0.14185
0.16154
0.12571
0.16039
0.14249
0.15267
0.1668
0.1279
0.12406
0.13497
0.10584
0.13104
0.12637
0.19742
0.11334
0.16712
0.10634
0.13077
0.098856
0.16691
0.11102
0.12743
0.18233
0.17473
0.11897
0.13766
0.11841
0.13933
0.12266
0.17768
0.15398
0.17766
0.17856
0.14924
0.11802
0.16061
0.14126
0.11523
0.11857
0.1382
0.16381
0.13797
0.14404
0.1247
0.1241
0.13721
0.14695
0.16172
0.11884
0.11322
0.18184
0.10592
0.10286
0.14055
0.12649
0.16221
0.14704
0.13503
0.14221
0.14519
0.11496
0.15679
0.13676
0.13243
0.11706
0.15493
0.18368
0.13921
0.10332
0.19143
0.15947
0.12644
0.154
0.11623
0.15468
0.12705
0.10409
0.11574
0.16596
0.1016
0.14625
0.16747
0.12814
0.14515
0.15212
0.13234
0.12629
0.12943
0.11592
0.1691
0.13968
0.10579
0.1289
0.12015
0.15897
0.14186
0.1267
0.13358
0.10454
0.1383
0.12469
0.19703
0.12401
0.12292
0.16474
0.13808
0.117
0.1585
0.11843
0.13513
0.15201
0.14652
0.1649
0.18662
0.13611
0.13274
0.14632
0.1452
0.11857
0.20828
0.1373
0.13387
0.11991
0.14363
0.11053
0.15911
0.15859
0.10372
0.14784
0.13407
0.14817
0.13274
0.12505
0.12393
0.13768
0.10835
0.13146
0.13386
0.14625
0.15298
0.16014
0.13928
0.13238
0.16651
0.15926
0.15294
0.20367
0.14607
0.16149
0.12978
0.11879
0.1981
0.13794
0.18061
0.15328
0.19536
0.12932
0.14634
0.1361
0.1209
0.13006
0.10219
0.11608
0.14018
0.12133
0.14708
0.15653
0.11452
0.11535
0.14847
0.14562
0.157
0.11655
0.11783
0.14088
0.10529
0.13587
0.11146
0.11053
0.14148
0.15169
0.12779
0.11617
0.13093
0.13638
0.19282
0.11747
0.19805
0.14804
0.13291
0.11946
0.15662
0.17275
0.17649
0.13044
0.15749
0.17068
0.12794
0.14617
0.10559
0.13776
0.09448
0.14373
0.11706
0.16644
0.14204
0.13867
0.1415
0.18253
0.12463
0.15821
0.17822
0.13642
0.16361
0.12086
0.14616
0.13214
0.13914
0.12069
0.15099
0.13718
0.12226
0.14157
0.095481
0.13973
0.18143
0.13472
0.11414
0.11402
