0.049905
0.035428
0.063395
0.036202
0.05514
0.076427
0.084796
0.037734
0.041974
0.044246
0.020928
0.043253
0.042972
0.040668
0.025288
0.047473
0.05911
0.08723
0.058935
0.024496
0.044042
0.080995
0.072194
0.1174
0.053495
0.056229
0.050987
0.040654
0.071061
0.093102
0.044689
0.032309
0.045162
0.074024
0.032563
0.024851
0.024891
0.04397
0.029038
0.049374
0.037097
0.079142
0.095714
0.099869
0.043152
0.064354
0.058929
0.038355
0.081646
0.02292
0.057478
0.047459
0.071563
0.079797
0.070235
0.0468
0.059694
0.085551
0.038142
0.032273
0.074313
0.080607
0.047753
0.03038
0.059021
0.03537
0.059048
0.042181
0.026146
0.027495
0.053709
0.071987
0.043815
0.039267
0.093163
0.023856
0.04373
0.056696
0.078287
0.044918
0.055344
0.029054
0.037054
0.037692
0.072295
0.040773
0.089596
0.052625
0.038743
0.056977
0.043483
0.054083
0.03807
0.049484
0.051531
0.049789
0.056976
0.050258
0.017071
0.032599
0.048533
0.06774
0.070583
0.027574
0.06999
0.047691
0.039712
0.068467
0.10014
0.065006
0.087215
0.049397
0.033736
0.043759
0.066468
0.051107
0.025892
0.056743
0.041771
0.058351
0.096416
0.03847
0.026686
0.14715
0.067088
0.070734
0.054128
0.065256
0.04657
0.040289
0.04158
0.05885
0.063836
0.061766
0.055286
0.054918
0.057755
0.043405
0.050548
0.042827
0.064358
0.056039
0.056693
0.078128
0.04111
0.034072
0.047456
0.022034
0.031158
0.090033
0.031632
0.056134
0.046653
0.062911
0.039503
0.025483
0.092721
0.047256
0.051272
0.025817
0.031359
0.045608
0.037032
0.037293
0.038022
0.050599
0.050092
0.068915
0.039186
0.029494
0.035872
0.08047
0.059333
0.10366
0.088521
0.087709
0.045753
0.050104
0.034273
0.074043
0.0339
0.032773
0.087955
0.033476
0.023451
0.057734
0.041368
0.044132
0.051284
0.042323
0.062816
0.045707
0.07546
0.054444
0.067637
0.039715
0.037826
0.028094
0.059396
0.046195
0.058336
0.037597
0.033601
0.053929
0.079925
0.11311
0.091232
0.061396
0.040155
0.040028
0.057689
0.035909
0.05236
0.027949
0.057941
0.044954
0.042297
0.035037
0.096338
0.046609
0.096933
0.066938
0.02913
0.049304
0.030261
0.027059
0.035067
0.039431
0.050434
0.054177
0.048553
0.038896
0.053884
0.02358
0.074421
0.075139
0.061075
0.082603
0.038457
0.041095
0.043764
0.096938
0.032157
0.043121
0.045132
0.085087
0.11145
0.043155
0.055931
0.027055
0.032673
0.056681
0.028667
0.048254
0.038503
0.072733
0.065177
