0.047028
0.010545
0.048881
0.020635
0.026736
0.061147
0.015898
0.017387
0.082633
0.12623
0.086755
0.0098171
0.067039
0.0064758
0.074562
0.015032
0.27001
0.21524
0.097952
0.031846
0.030055
0.053037
0.12379
0.056695
0.089863
0.027212
0.095267
0.019467
0.060247
0.057197
0.032059
0.024043
0.064613
0.06034
0.16391
0.070005
0.11968
0.066179
0.023012
0.068082
0.042279
0.025374
0.0094362
0.074066
0.24349
0.034961
0.090545
0.17692
0.055395
0.012208
0.05644
0.056566
0.44603
0.03532
0.045566
0.10219
0.1108
0.015506
0.17243
0.079986
0.030526
0.027368
0.017308
0.043588
0.016858
0.026287
0.055284
0.017488
0.047845
0.099888
0.069281
0.037322
0.054132
0.061226
0.016033
0.050829
0.039596
0.029978
0.012624
0.025368
0.15559
0.019859
0.023245
0.019433
0.072313
0.037693
0.12551
0.017881
0.072817
0.016114
0.045559
0.021465
0.35301
0.027866
0.09789
0.033613
0.042482
0.039639
0.080567
0.037187
0.0048553
0.0082518
0.013271
0.095715
0.12951
0.040427
0.023222
0.077932
0.00373
0.048758
0.023284
0.18317
0.0048425
0.079735
0.1683
0.079453
0.065249
0.056408
0.029831
0.067315
0.090087
0.075372
0.043965
0.015383
0.010557
0.052549
0.031594
0.017861
0.048057
0.02534
0.066787
0.048234
0.044814
0.076009
0.065856
0.018249
0.014248
0.086609
0.077484
0.10314
0.021006
0.03869
0.012119
0.01714
0.046379
0.023038
0.0036774
0.029831
0.027299
0.060552
0.094953
0.14252
0.13045
0.023127
0.028431
0.074295
0.027059
0.20385
0.062625
0.099256
0.055583
0.077111
0.022495
0.022881
0.02436
0.043062
0.085316
0.025234
0.037895
0.052747
0.015312
0.042915
0.054372
0.016979
0.071557
0.065328
0.070567
0.020817
0.066686
0.10548
0.035412
0.046661
0.096297
0.059989
0.056197
0.027549
0.13773
0.035946
0.042146
0.096293
0.015733
0.032957
0.0043496
0.09534
0.073095
0.0063184
0.0085368
0.023558
0.042994
0.15971
0.46882
0.04795
0.16291
0.037383
0.077091
0.018506
0.13543
0.024694
0.042362
0.010276
0.058189
0.042734
0.18181
0.079027
0.069568
0.031151
0.032414
0.043094
0.030531
0.027432
0.055827
0.068173
0.023295
0.1048
0.052576
0.052384
0.049387
0.1004
0.037953
0.021759
0.0076594
0.045457
0.035259
0.45958
0.015172
0.037981
0.41155
0.049267
0.16382
0.031674
0.086683
0.79521
0.049661
0.039192
0.012012
0.043403
0.036634
0.038367
0.023808
0.010819
0.10856
0.013261
0.024922
0.056897
0.08205
0.063309
0.067425
