1.0439
1.1256
0.89312
1.3036
0.58271
0.70376
0.30622
1.1583
0.85692
1.8749
1.3319
1.5599
1.25
0.96152
0.91609
1.1773
1.4826
1.4243
0.61699
0.80867
0.87405
1.0453
1.0549
1.2894
1.6543
1.3592
0.76093
0.85791
1.3441
0.86902
1.2439
1.092
1.1167
1.1093
1.9274
0.8675
0.46198
0.71641
1.0463
0.73372
0.55194
1.194
1.2674
1.0731
1.1144
0.80125
0.94215
1.1201
0.629
1.0843
0.84306
0.72253
0.94541
0.58219
0.84871
1.225
1.6574
0.88867
1.0556
1.2291
1.1013
1.0525
1.0358
0.9794
0.39547
0.90958
1.5595
1.2149
0.81426
1.0576
0.65012
1.8545
1.5228
0.99576
1.1695
0.77099
1.1462
0.52486
1.6671
1.2813
0.80755
0.72387
1.4141
0.84219
0.99333
2.1334
1.4206
0.68699
0.6449
0.62917
0.72173
1.2592
0.89978
1.2729
0.8141
0.77941
0.66049
1.2496
1.329
2.1088
1.2491
1.0143
0.78665
1.7364
1.2925
0.60559
0.66628
1.6213
1.4579
0.78573
1.331
1.0888
0.49469
1.2297
0.49076
0.71943
0.60105
1.2166
1.255
1.6637
0.85188
1.5291
1.1682
0.63315
1.2157
1.8918
1.9654
1.0851
1.3692
0.72446
0.33691
1.4461
0.81745
0.67338
1.3695
0.89943
1.6534
1.0147
1.0136
1.3394
0.65496
0.716
0.42711
1.2157
1.7311
1.4698
0.80366
1.0165
1.0474
0.46391
1.0349
0.51998
0.81926
1.6325
1.2152
1.4756
0.56629
0.40493
0.69126
0.66658
1.299
0.98904
0.77385
1.0653
0.70045
0.80599
1.1056
0.72484
0.82051
0.55897
1.5568
0.9588
1.4144
1.2796
1.187
1.2185
1.1962
1.4722
0.40165
0.91674
1.6727
2.0492
0.85786
0.6785
1.2849
1.2238
0.78406
1.2303
0.56308
0.94677
1.0407
1.315
1.6378
1.2515
1.3435
0.83581
1.3739
0.6719
1.1591
0.96865
0.60554
0.63891
1.0029
0.8374
0.89535
1.4172
1.1143
1.0331
0.7165
1.184
0.93034
0.81692
0.83528
1.3925
0.83693
1.1481
0.76342
1.3192
1.2925
1.495
0.85725
0.52425
1.328
0.7775
0.69237
1.1749
1.5339
1.551
1.0698
2.219
1.0563
1.5354
1.2708
0.7154
1.1841
1.2828
0.70452
0.52684
1.9291
0.74502
1.373
1.2634
1.1719
1.1029
1.0702
1.3043
0.83845
0.71353
1.3856
1.3704
0.96426
0.60032
1.2254
0.95083
1.3312
1.8223
1.4815
