0.72558
0.68366
0.27193
0.23054
0.15459
0.12016
0.7187
0.1095
2.0929
1.0473
0.43666
0.10126
0.45078
0.24024
1.3974
0.15463
0.14433
0.28533
0.15582
0.27459
0.34841
0.37841
1.327
0.57523
0.050573
0.27386
0.17265
1.0548
0.61697
0.31884
0.087217
0.12053
0.28763
0.070568
0.61199
0.73653
0.31181
1.5501
0.1463
0.38223
0.66664
0.041455
0.27129
0.1801
0.85738
1.4368
0.38796
1.216
0.042009
0.3508
0.22381
0.75936
1.1905
0.2729
0
0
0
0
0
0
0
0
0
0
0
0
0
0
0
0
0
0
0
0
0
0
0
0
0
0
0
0
0
0
0
0
0
0
0
0
0
0
0
0
0
0
0
0
0
0
0
0
0
0
0
0
0
0
0
0
0
0
0
0
0
0
0
0
0
0
0
0
0
0
0
0
0
0
0
0
0
0
0
0
0
0
0
0
0
0
0
0
0
0
0
0
0
0
0
0
0
0
0
0
0
0
0
0
0
0
0
0
0
0
0
0
0
0
0
0
0
0
0
0
0
0
0
0
0
0
0
0
0
0
0
0
0
0
0
0
0
0
0
0
0
0
0
0
0
0
0
0
0
0
0
0
0
0
0
0
0
0
0
0
0
0
0
0
0
0
0
0
0
0
0
0
0
0
0
0
0
0
0
0
0
0
0
0
0
0
0
0
0
0
0
0
0
0
0
0
0
0
0
0
0
0
0
