0
0
0
0
0
0
0
0
0
0
0
0
0
0
0
0
0
0
0
0
0
0
0
0
0
0
0
0
0
0
0
0
0
0
0
0
0
0
0
0
0
0
0
0
0
0
0
0
0
0
0
0
0
0
0.65072
0.79493
0.55876
1.3071
1.0017
0.33647
0.3308
0.28856
0.36144
0.27097
0.26396
0.31958
0.24091
0.41442
0.25687
0.24003
0.22472
0.18674
0.37054
0.38007
0.1838
1.036
0.21135
1.87
0.69298
0.24136
0.27157
0.37893
0.2955
0.26355
1.606
1.2048
0.46875
0.35857
0.50923
1.5943
1.5517
0.61011
0.46053
0.2678
1.0347
0.60111
0.62854
0.40548
0.11679
0.18575
0.89842
0.38942
0.37656
0.52214
0.30841
0.75907
1.2184
0.94602
0.47192
0.42052
0.91189
0.54634
0.49341
0.44289
0.34805
0.13366
0.097863
0.87765
0.93758
0.75497
0.49586
0.11258
0.66676
0.78456
0.34698
0.92234
0.33595
0.78863
0.12245
0.34253
0.40094
0.29674
0.15144
0.42359
0.69916
0.29021
0.42128
0.55548
0.30727
0.14674
1.0245
0.50014
0.59164
0.16933
0.24839
0.67671
0.15146
0.14744
0.19146
1.0333
0.27982
0.83736
0.35246
0.45305
0.96614
0.35585
0.11213
0.24853
0.45012
0.56954
0.38931
0.23752
0.39103
0.21703
0.18369
0.16487
0.46399
0.31463
0.21292
0.50165
0.084056
0.13615
0.48157
0.23389
0.23872
1.1958
0.10976
0.40852
0.61162
0.12231
0.57456
0.55176
0.20826
0.28262
0.2742
0.22242
1.0996
0.21629
0.38984
0.27037
1.1353
0.42853
0.82721
0.37109
0.46038
0.26121
0.6456
1.2347
0.10346
0.62469
0.7749
0.40547
0.20781
0.23624
1.2169
0.27498
0.4032
1.006
0.81631
0.22748
0.21981
0.068063
0.64166
0.17006
0.53136
0.14658
0.69658
0.69927
0.37269
0.37627
0.62561
2.3988
0.093725
0.25493
0.26748
0.51409
0.72193
0.1992
0.48598
0.57707
0.31137
0.17651
0.21948
0.17934
0.76582
0.40554
1.6584
0.75318
0.13803
0.16607
0.6099
0.50874
0.3567
0.19461
0.32088
2.0362
0.30531
0.41958
1.1626
0.27655
0.55701
0.3667
0.49372
0.53806
0.78192
0.24684
0.44926
