2.1631
2.7602
2.5276
2.8021
2.2733
1.9922
2.5238
2.9641
2.6572
2.3522
2.8198
2.8181
2.5113
2.0763
2.8078
2.9734
3.0137
2.729
2.3618
2.5996
2.7966
2.7969
2.1444
1.9144
2.682
2.805
2.4047
2.4675
2.327
2.0136
2.479
2.7661
2.1431
2.8604
3.5433
2.6275
2.3116
2.2338
2.6147
2.5089
2.6201
2.6897
2.5803
2.3208
3.1806
3.1366
2.772
2.0941
2.7498
1.8709
1.9946
3.0117
2.6521
2.4378
2.1178
2.4307
1.8915
2.2438
2.4526
2.4945
2.2393
2.4197
2.4854
3.0574
2.2276
3.1987
3.2473
2.5668
2.6801
3.4514
2.6382
2.563
2.2779
2.2292
2.4726
2.858
2.8143
2.7482
1.9392
2.4868
2.6035
2.0744
2.7751
3.0707
2.3726
2.0941
3.4976
2.4375
2.5296
2.2422
2.7974
2.1887
2.2928
2.7752
1.8555
2.4957
2.3473
2.3854
1.913
2.6302
2.255
2.369
2.0648
2.2558
1.8897
2.2751
2.2856
2.8105
2.5884
1.9458
2.9427
1.907
1.7274
2.6469
3.1112
2.8187
2.2341
2.9162
2.5327
2.3244
1.8836
2.6414
2.2327
2.7076
2.1212
2.6036
2.8936
2.4966
2.4456
3.6891
2.3012
2.5831
3.2383
3.3931
2.766
2.5171
2.2683
2.662
2.642
2.5937
2.782
2.3988
2.3629
2.0454
2.5921
2.8689
2.686
2.6076
2.4198
2.8117
2.4585
2.0033
2.704
2.5203
2.5481
3.1284
2.2442
1.886
2.5951
2.2632
2.4232
2.7141
1.9355
2.3322
2.3539
2.3873
2.3387
2.9194
2.2795
3.0385
2.327
2.3299
3.0876
3.0268
3.7048
3.2254
2.3934
2.3117
2.6835
2.4747
1.8655
2.4525
2.9493
2.0462
2.3476
2.8274
2.4042
2.126
2.6673
2.7935
2.5958
2.4837
2.4068
2.0238
2.5302
2.9251
2.6236
2.6151
2.2594
2.6379
2.5166
2.3413
2.5821
1.9564
2.0216
3.0865
2.2591
2.6466
2.4321
2.0024
2.9269
2.4616
2.1369
2.9987
2.3017
2.0678
3.076
2.3486
3.175
2.5202
2.807
2.2211
2.9706
1.9912
2.8688
2.4256
2.9881
2.4991
2.9154
2.6492
2.903
2.3294
1.9973
2.886
2.9863
2.3873
2.8748
2.7505
1.9422
2.6595
2.2659
1.7957
2.5698
2.4812
2.4331
2.4284
2.4142
2.3102
2.2472
2.979
2.6007
2.3186
2.4766
2.7736
3.0278
2.6212
2.7424
