22.831
4.7702
8.3265
6.7577
24.616
2.0583
39.085
6.4654
6.7838
3.6057
13.375
3.58
32.652
5.0502
9.5727
3.772
8.1682
1.494
15.774
6.9769
3.9696
22.342
4.0568
2.5511
8.1587
10.386
23.838
21.448
3.4501
9.0875
14.075
7.2937
12.524
25.439
4.9781
4.5762
17.01
4.0466
4.229
3.424
30.073
6.5611
4.5159
16.701
4.3891
13.876
30.214
14.669
2.9762
12.15
21.78
6.0912
14.721
3.626
9.2589
6.9825
7.746
8.1286
40.236
5.2605
3.294
6.389
6.6634
19.118
45.771
2.5417
3.7683
71.619
31.077
49.602
16.398
4.4299
6.9169
25.002
7.369
14.245
27.435
6.1447
6.0771
5.1968
2.4145
18.699
4.9774
31.721
3.2862
8.3686
9.1895
4.8108
4.3697
16.716
5.159
10.092
7.8489
1.4817
13.052
34.224
16.248
2.6071
1.3542
11.287
75.069
17.135
7.1367
4.2145
9.8153
3.975
9.0367
0.96967
23.945
12.878
5.2837
30.102
3.5435
32.16
3.3572
22.596
4.3113
2.0678
2.0398
2.3408
21.378
7.4411
9.4254
6.9549
3.572
6.2891
6.7152
6.7395
14.933
29.091
14.992
3.2691
27.647
10.952
6.6631
49.182
18.715
239.88
4.8843
31.681
2.1846
31.967
17.674
16.728
14.927
4.8404
9.97
5.4012
10.83
7.3082
5.7542
8.267
9.7631
6.5742
0.37583
2.8385
35.369
13.696
23.063
22.821
6.1466
11.49
15.306
12.402
4.9138
7.6861
7.9733
18.279
6.6749
3.8328
3.9122
1.5594
2.7733
19.094
4.1912
9.8981
12.719
12.307
2.4787
15.108
11.613
1.5379
15.587
4.5774
9.856
12.461
6.0498
15.964
1.61
9.0096
21.628
18.845
3.31
12.11
16.717
5.8451
8.1824
8.8914
15.596
12.836
7.9229
3.7689
7.9583
14.128
1.6006
11.687
5.0087
6.1976
3.8821
6.7582
30.023
22.2
4.2994
4.07
4.8322
6.1355
24.042
14.47
28.721
10.703
12.169
21.01
20.117
7.7147
7.0196
7.7206
44.47
38.035
1.4084
6.0392
57.62
8.6668
4.2508
5.4784
20.786
37.556
32.357
37.945
7.417
4.4946
20.531
4.5535
9.2487
14.373
31.136
4.5065
5.8458
9.5752
15.035
0.96882
5.9401
5.6923
7.0934
13.088
15.396
6.1135
11.58
