4.159
3.8825
4.0509
4.0441
4.3103
4.3026
3.8794
3.7656
4.1786
4.3278
3.7743
4.4776
4.4729
3.7654
3.951
4.205
4.4577
4.1343
3.6013
3.4085
3.8028
4.3695
3.9691
3.7717
3.9783
3.7771
4.1847
4.448
3.1368
3.6866
3.9298
5.254
4.06
3.7221
4.4562
4.2938
3.8697
3.908
4.439
4.0905
3.6865
3.8753
4.2131
3.9095
3.7815
4.4424
3.1358
3.6092
3.8018
4.1265
3.8342
4.2235
5.0815
3.9142
4.5498
4.7223
3.533
3.6655
3.5734
4.2765
3.6259
3.7757
4.3612
3.6008
3.8323
4.1578
3.8464
4.1762
4.1477
3.4709
4.3381
4.3041
4.2226
4.3713
3.6921
3.9712
4.1461
3.7088
4.1081
4.0768
4.7668
4.5542
3.8677
3.4862
3.9237
4.2937
4.3864
4.1871
3.8281
4.5051
4.2222
3.8702
4.0789
4.7306
4.311
4.7676
4.3238
4.4508
3.8567
3.6176
3.9808
3.9191
4.2484
3.8618
3.7434
3.7243
4.0489
4.4548
3.6106
4.5783
3.9333
3.4026
4.4424
4.3158
3.7267
4.1899
4.186
4.4626
4.3591
4.5656
4.039
4.2303
4.4109
3.9076
3.9459
4.1056
4.1197
3.6079
4.5838
4.0892
4.7849
3.7224
3.7901
3.5823
3.7
4.3089
3.7329
3.7331
3.4522
4.3831
3.8687
4.4309
3.9009
3.6584
3.8562
3.5234
4.1235
3.6847
3.8375
4.8591
4.1158
4.4475
3.8933
4.6021
4.0602
4.4886
3.9954
3.7329
3.8528
4.1467
5.0588
4.0148
3.7135
4.2764
3.5611
3.9581
4.2559
4.6446
4.2405
4.1716
3.9524
4.687
3.9935
3.5817
3.7019
3.9419
4.1934
3.5922
4.5532
4.365
3.6864
4.7508
4.883
3.9355
3.724
3.76
3.507
3.8387
3.6791
4.2768
4.1177
4.2895
4.3492
3.2769
3.6524
3.7971
3.4689
3.7596
4.0749
3.6596
4.2324
4.5806
4.4372
4.02
4.0509
3.8536
3.8731
4.8929
3.8227
4.0144
3.921
4.1845
3.6415
3.8585
4.0635
4.0602
3.9493
3.3364
4.1019
4.5994
4.2745
3.9905
3.8063
3.8752
4.5611
3.3093
4.1958
4.531
4.5887
4.3102
3.7339
5.2496
3.5287
3.8667
4.5624
3.2549
4.5434
4.3362
4.3574
4.4844
3.945
4.124
3.736
4.1939
4.0403
4.0557
4.1073
4.0733
3.8572
4.1988
4.2902
3.4698
4.3662
4.5114
3.9085
4.3629
3.7499
