0
0
0
0
0
0
0
0
0
0
0
0
0
0
0
0
0
0
0
0
0
0
0
0
0
0
0
0
0
0
0
0
0
0
0
0
0
0
0
0
0
0
0
0
0
0
0
0
0
0
0
0
0
0
2.4095
2.4764
1.8791
2.0266
2.1899
2.2862
1.1661
2.5559
3.0443
2.4218
3.048
1.9535
2.6133
2.1577
2.1148
2.3317
2.9217
2.2799
3.0075
1.7804
2.4034
2.6633
2.43
2.9348
2.2232
2.6557
2.6356
2.3103
2.9061
2.0573
2.7654
1.5884
2.3579
3.1104
2.109
2.9767
2.467
2.761
2.1211
1.8672
2.8967
1.818
2.1006
2.7957
2.6824
2.6623
2.8044
2.9843
2.3464
1.3266
1.6445
2.4091
1.0122
2.0602
2.6403
2.3954
2.4878
2.4264
3.1152
2.7639
1.9536
2.662
1.84
2.594
2.0862
2.6564
2.3349
2.1839
2.8032
2.6449
2.9048
2.7824
2.6158
2.3098
1.8251
2.7425
3.17
1.6252
2.3237
2.8315
2.811
2.4612
2.6301
2.3157
2.7782
2.0187
2.4423
2.9459
3.0269
2.4202
2.2907
2.8583
1.7187
2.5804
2.3922
2.6399
2.5795
2.2612
2.7574
2.1996
2.8214
1.9019
2.6846
2.913
2.9383
1.6777
2.0205
1.2008
2.6329
3.1148
1.8661
2.4812
2.5903
2.5494
2.4646
2.3896
2.6212
2.6895
2.3467
2.3674
2.5284
2.7654
2.9187
1.7918
2.5775
2.9542
2.5773
2.6929
2.8025
2.189
2.5558
2.3995
2.7466
1.709
2.8095
2.1635
2.7646
1.8918
1.6237
2.1892
2.1874
1.6341
2.3639
2.2026
2.3929
2.8137
2.2701
2.4204
2.6775
2.0014
1.8804
2.5977
2.403
2.1977
1.2713
2.9299
2.52
2.3816
3.0547
2.608
2.5825
3.2117
2.6832
2.142
2.8787
2.1869
2.6672
2.2133
2.1874
2.217
2.6397
2.6462
3.0824
1.9228
2.3971
2.3239
2.3823
3.1976
2.5742
3.2372
2.431
2.1662
1.3912
2.7666
2.7181
1.7624
3.0299
2.7681
2.603
2.8335
2.9568
2.9699
2.0585
2.4784
2.0207
2.4085
2.5735
1.4869
2.643
2.0685
2.7347
2.6318
2.2426
