6.4807
5.0987
5.8863
5.387
6.0134
5.8684
6.972
5.4993
6.0938
5.5152
6.8567
5.3062
5.802
5.1985
6.464
6.2916
5.3978
6.2294
6.7537
6.6513
7.3354
6.3788
5.8495
7.0527
6.2348
6.2426
6.7847
4.5555
6.0622
6.072
3.8328
6.2572
6.646
6.7535
4.8246
6.1315
6.0103
5.3717
6.8884
5.4084
4.8502
5.2174
6.51
5.8522
5.6201
5.7331
6.8385
6.6022
5.8642
6.1669
4.5627
7.3822
5.9707
5.7021
0
0
0
0
0
0
0
0
0
0
0
0
0
0
0
0
0
0
0
0
0
0
0
0
0
0
0
0
0
0
0
0
0
0
0
0
0
0
0
0
0
0
0
0
0
0
0
0
0
0
0
0
0
0
0
0
0
0
0
0
0
0
0
0
0
0
0
0
0
0
0
0
0
0
0
0
0
0
0
0
0
0
0
0
0
0
0
0
0
0
0
0
0
0
0
0
0
0
0
0
0
0
0
0
0
0
0
0
0
0
0
0
0
0
0
0
0
0
0
0
0
0
0
0
0
0
0
0
0
0
0
0
0
0
0
0
0
0
0
0
0
0
0
0
0
0
0
0
0
0
0
0
0
0
0
0
0
0
0
0
0
0
0
0
0
0
0
0
0
0
0
0
0
0
0
0
0
0
0
0
0
0
0
0
0
0
0
0
0
0
0
0
0
0
0
0
0
0
0
0
0
0
0
