0.0010866
0.0019253
0.0018469
0.0011614
0.0023497
0.0016775
0.001202
0.0012045
0.00087292
0.0014359
0.0013222
0.0017147
0.00078257
0.00098151
0.0021332
0.001194
0.0015469
0.0015103
0.00075526
0.00098186
0.0015318
0.0014783
0.0014074
0.0015424
0.0010603
0.0016251
0.00094819
0.0011189
0.0026825
0.0024003
0.0010572
0.0019127
0.0018656
0.001444
0.0011824
0.001399
0.0018503
0.0015108
0.0013341
0.0014178
0.0015337
0.0018296
0.0022477
0.00123
0.0012818
0.0030158
0.0011166
0.0023145
0.0015087
0.0011703
0.0021676
0.0016265
0.0019435
0.0012266
0.0015403
0.0012688
0.0016828
0.00067696
0.001184
0.0012315
0.001733
0.0020052
0.0012989
0.0014897
0.0014181
0.0014788
0.0011581
0.0010402
0.0015594
0.000996
0.00079286
0.0011677
0.00091287
0.0023852
0.0011506
0.00071887
0.00114
0.0014292
0.0022887
0.0015387
0.0022364
0.0018158
0.0010705
0.0013257
0.001978
0.001111
0.0016304
0.002039
0.0014679
0.0010117
0.001347
0.0017508
0.0017643
0.0010226
0.0019118
0.0017041
0.00093902
0.0012217
0.0019704
0.0015698
0.00089083
0.0010757
0.0015832
0.0014108
0.000959
0.0016641
0.0013578
0.0020058
0.0018991
0.0015068
0.0025241
0.0010307
0.00080258
0.0014942
0.0012374
0.0011567
0.00097456
0.0010435
0.0016381
0.0015272
0.0017729
0.0013086
0.0023495
0.0010977
0.0014744
0.0014948
0.0012567
0.0020094
0.001522
0.0021615
0.0010817
0.00090554
0.0016315
0.0013758
0.0015274
0.0012527
0.0012516
0.0019627
0.0014317
0.0011156
0.0014114
0.00094075
0.0015628
0.0013863
0.0017718
0.001474
0.00094425
0.0016312
0.0011923
0.0012699
0.0018923
0.0008814
0.0012412
0.0020473
0.0014384
0.0011923
0.0015456
0.001881
0.0019558
0.001275
0.0014024
0.0010503
0.0008636
0.00081941
0.0018997
0.0014718
0.001409
0.0010352
0.0019076
0.0015075
0.0011293
0.0013206
0.0014369
0.0018235
0.0016851
0.0021
0.001013
0.0014748
0.0013329
0.0014878
0.00076775
0.0015903
0.0014816
0.0015573
0.0011606
0.0015284
0.0014264
0.0012109
0.00097923
0.0015274
0.0013468
0.001521
0.0015919
0.0015017
0.0019243
0.0014314
0.0021301
0.0018205
0.0016544
0.0018058
0.00095705
0.00099774
0.0015729
0.0012101
0.0018522
0.0013599
0.0017458
0.00094541
0.0014326
0.0012805
0.0013367
0.0018279
0.001838
0.0016951
0.0013619
0.0013633
0.0010186
0.0011065
0.0016465
0.0013898
0.0015261
0.0010188
0.0011556
0.0018057
0.0013104
0.0016636
0.0014041
0.0017909
0.0010526
0.0014151
0.0026248
0.0023723
0.0012424
0.001327
0.0013477
0.00091461
0.0015221
0.0012084
0.0013524
0.0023431
0.0013196
0.0014008
0.0011747
0.0016248
0.001156
0.0017675
0.0018609
0.0011333
0.00087371
0.0010492
0.00090389
0.0015826
0.0018039
0.001541
0.0018909
0.001297
0.0020059
