6.72e-05
0.00016726
3.8301e-05
9.0042e-05
3.9556e-05
5.421e-05
0.00013079
6.1598e-05
6.8834e-05
2.9922e-05
0.00015167
2.3988e-05
6.2065e-05
9.5941e-05
5.7924e-05
0.0001187
2.6827e-05
6.8036e-05
3.8592e-05
0.00010474
2.7898e-05
2.6619e-05
4.7574e-05
9.4541e-06
6.0781e-05
8.5937e-05
8.9932e-05
5.0868e-05
0.00010139
3.2991e-05
0.00010951
8.5564e-05
9.3168e-05
4.7e-05
8.1085e-05
2.8607e-05
0.0001849
2.0959e-05
5.3013e-05
5.2793e-05
5.5317e-05
0.00010833
9.9671e-05
2.279e-05
4.552e-05
8.4979e-05
9.699e-05
0.00010488
2.3969e-05
0.000129
2.2309e-05
0.00010472
0.00018318
0.00016374
4.5174e-05
4.3679e-05
0.00011561
3.4719e-05
5.5011e-05
0.00016498
3.1494e-05
3.9808e-05
0.00038088
3.6171e-05
9.6833e-05
3.0365e-05
0.00012631
7.9952e-05
0.00011698
4.4809e-05
7.1039e-05
4.7602e-05
1.1124e-05
2.1054e-05
4.9178e-05
0.00010194
6.8576e-05
5.7076e-05
3.3963e-05
1.8169e-05
5.6014e-05
0.00010467
2.636e-05
5.1684e-05
5.5937e-05
3.0552e-05
2.939e-05
4.5833e-05
0.00040344
6.597e-05
0.00030941
4.2988e-05
3.4314e-05
2.3563e-05
3.6997e-05
0.00010643
7.4916e-05
0.00013607
1.0559e-05
8.0883e-05
7.2977e-05
1.3234e-05
2.1643e-05
0.00021896
8.0203e-05
9.4743e-05
8.2308e-05
3.4094e-05
6.7539e-06
3.2398e-05
0.00022618
7.3811e-05
2.8533e-05
4.7628e-05
3.6912e-05
8.4791e-05
3.3316e-05
4.9257e-05
6.2572e-05
6.5372e-05
4.4559e-05
8.8047e-05
7.233e-06
0.00017192
0.00010815
2.3652e-05
5.8406e-05
3.2954e-05
0.00012556
6.0826e-05
6.709e-05
6.9668e-05
2.8038e-05
3.4743e-05
3.0701e-05
5.4276e-05
0.00012849
2.4626e-05
2.8298e-05
7.593e-06
0.00013961
4.0909e-05
8.9569e-05
2.386e-05
5.4369e-05
2.567e-05
2.2124e-05
8.3328e-05
3.055e-05
2.8856e-05
3.0711e-05
2.2394e-05
2.6271e-05
7.1571e-06
4.5572e-05
3.5858e-05
9.1241e-05
2.3124e-05
1.4991e-05
8.0713e-05
9.7952e-05
1.7932e-05
0.00026331
5.8235e-05
5.931e-05
2.3214e-05
0.00012896
7.8584e-05
1.3827e-05
1.4138e-05
0.00015858
3.2514e-05
6.9773e-05
2.0748e-05
5.8782e-05
8.2973e-05
7.0169e-05
1.8844e-05
6.4291e-05
0.00019231
5.538e-05
3.063e-05
0.00010302
4.2648e-05
6.5724e-05
6.7485e-05
2.658e-05
6.8831e-05
5.3051e-05
9.3405e-05
4.9371e-05
8.349e-05
6.5889e-05
8.4122e-05
5.2318e-05
4.4075e-05
7.0922e-05
5.2306e-05
3.4351e-05
4.7429e-05
4.756e-05
5.2587e-05
0.00012723
4.3494e-05
2.2913e-05
0.00016053
9.3458e-05
2.5406e-05
9.2687e-05
8.4437e-05
1.952e-05
2.6266e-05
6.2916e-05
5.1211e-05
2.0566e-05
5.6265e-05
1.6846e-05
9.9319e-06
2.9009e-05
2.934e-05
4.6796e-05
5.0218e-05
5.9348e-05
0.00024568
9.2572e-05
0.00017213
8.8997e-05
1.0997e-05
0.00019147
0.00021078
5.8263e-05
7.7843e-05
6.8525e-05
2.9324e-05
3.7045e-05
0.00014224
4.1683e-05
0.00011583
4.945e-05
0.00014317
2.1043e-05
0.00024704
9.2304e-05
3.9011e-05
4.0587e-05
0.00012857
0.00012213
4.5839e-05
4.7203e-05
8.977e-05
0.00012018
5.1051e-05
4.4292e-05
6.2781e-05
3.8047e-05
3.4172e-05
3.4371e-05
