-36.953
-51.464
-43.194
-48.436
-41.859
-43.382
-31.795
-47.257
-41.016
-47.09
-33.005
-49.285
-44.079
-50.416
-37.128
-38.938
-48.323
-39.591
-34.086
-35.161
-27.978
-38.023
-43.58
-30.947
-39.535
-39.453
-33.761
-57.167
-41.347
-41.244
-64.756
-39.299
-35.217
-34.088
-54.342
-40.619
-41.891
-48.598
-32.672
-48.211
-54.072
-50.217
-36.645
-43.552
-45.988
-44.803
-33.196
-35.677
-43.426
-40.248
-57.092
-27.487
-42.308
-45.128
-0
-0
-0
-0
-0
-0
-0
-0
-0
-0
-0
-0
-0
-0
-0
-0
-0
-0
-0
-0
-0
-0
-0
-0
-0
-0
-0
-0
-0
-0
-0
-0
-0
-0
-0
-0
-0
-0
-0
-0
-0
-0
-0
-0
-0
-0
-0
-0
-0
-0
-0
-0
-0
-0
-0
-0
-0
-0
-0
-0
-0
-0
-0
-0
-0
-0
-0
-0
-0
-0
-0
-0
-0
-0
-0
-0
-0
-0
-0
-0
-0
-0
-0
-0
-0
-0
-0
-0
-0
-0
-0
-0
-0
-0
-0
-0
-0
-0
-0
-0
-0
-0
-0
-0
-0
-0
-0
-0
-0
-0
-0
-0
-0
-0
-0
-0
-0
-0
-0
-0
-0
-0
-0
-0
-0
-0
-0
-0
-0
-0
-0
-0
-0
-0
-0
-0
-0
-0
-0
-0
-0
-0
-0
-0
-0
-0
-0
-0
-0
-0
-0
-0
-0
-0
-0
-0
-0
-0
-0
-0
-0
-0
-0
-0
-0
-0
-0
-0
-0
-0
-0
-0
-0
-0
-0
-0
-0
-0
-0
-0
-0
-0
-0
-0
-0
-0
-0
-0
-0
-0
-0
-0
-0
-0
-0
-0
-0
-0
-0
-0
-0
-0
-0
