-0
-0
-0
-0
-0
-0
-0
-0
-0
-0
-0
-0
-0
-0
-0
-0
-0
-0
-0
-0
-0
-0
-0
-0
-0
-0
-0
-0
-0
-0
-0
-0
-0
-0
-0
-0
-0
-0
-0
-0
-0
-0
-0
-0
-0
-0
-0
-0
-0
-0
-0
-0
-0
-0
-74.854
-72.004
-97.45
-91.167
-84.21
-80.107
-127.82
-68.618
-47.813
-74.329
-47.656
-94.283
-66.173
-85.581
-87.41
-78.172
-53.038
-80.376
-49.38
-101.65
-75.114
-64.044
-73.983
-52.478
-82.79
-64.366
-65.223
-79.083
-53.701
-89.858
-59.692
-109.83
-77.055
-44.996
-87.658
-50.691
-72.405
-59.882
-87.14
-97.956
-54.101
-100.05
-88.013
-58.405
-63.231
-64.086
-58.035
-50.371
-77.543
-120.99
-107.45
-74.874
-134.38
-89.735
-65.025
-75.457
-71.518
-74.137
-44.792
-59.759
-94.276
-64.099
-99.117
-66.994
-88.628
-64.336
-78.033
-84.467
-58.083
-64.826
-53.756
-58.969
-66.067
-79.102
-99.753
-60.671
-42.458
-108.26
-78.509
-56.878
-57.752
-72.655
-65.458
-78.85
-59.151
-91.503
-73.459
-52.004
-48.556
-74.401
-79.918
-55.736
-104.28
-67.576
-75.594
-65.042
-67.613
-81.174
-60.033
-83.798
-57.31
-96.479
-63.136
-53.408
-52.327
-106.03
-91.427
-126.35
-65.337
-44.809
-98.005
-71.803
-67.153
-68.894
-72.508
-75.704
-65.839
-62.927
-77.53
-76.648
-69.79
-59.695
-53.162
-101.17
-67.697
-51.653
-67.705
-62.782
-58.112
-84.25
-68.623
-75.281
-60.496
-104.7
-57.814
-85.333
-59.729
-96.907
-108.33
-84.24
-84.316
-107.89
-76.798
-83.67
-75.56
-57.638
-80.794
-74.392
-63.44
-92.242
-97.394
-66.836
-75.13
-83.88
-123.34
-52.688
-70.148
-76.044
-47.371
-66.401
-67.485
-40.683
-63.198
-86.249
-54.867
-84.337
-63.877
-83.212
-84.317
-83.055
-65.048
-64.774
-46.189
-95.587
-75.383
-78.501
-76.016
-41.28
-67.841
-39.596
-73.938
-85.22
-118.23
-59.644
-61.709
-102.42
-48.427
-59.578
-66.611
-56.794
-51.54
-50.982
-89.808
-71.922
-91.417
-74.9
-67.868
-114.16
-64.906
-89.381
-61
-65.387
-81.964
