-0
-0
-0
-0
-0
-0
-0
-0
-0
-0
-0
-0
-0
-0
-0
-0
-0
-0
-0
-0
-0
-0
-0
-0
-0
-0
-0
-0
-0
-0
-0
-0
-0
-0
-0
-0
-0
-0
-0
-0
-0
-0
-0
-0
-0
-0
-0
-0
-0
-0
-0
-0
-0
-0
-39.499
-42.088
-18.972
-24.679
-30.999
-34.726
8.6214
-45.164
-64.064
-39.976
-64.207
-21.849
-47.385
-29.754
-28.093
-36.485
-59.318
-34.483
-62.641
-15.153
-39.263
-49.319
-40.29
-59.826
-32.29
-49.026
-48.248
-35.657
-58.715
-25.869
-53.272
-7.7222
-37.499
-66.623
-27.867
-61.45
-41.723
-53.1
-28.337
-18.511
-58.352
-16.607
-27.544
-54.442
-50.058
-49.281
-54.778
-61.741
-37.056
2.4109
-9.8913
-39.481
14.576
-25.98
-48.428
-38.951
-42.529
-40.15
-66.809
-53.212
-21.854
-49.269
-17.457
-46.639
-26.986
-49.054
-36.611
-30.766
-54.734
-48.608
-58.665
-53.93
-47.482
-35.64
-16.879
-52.383
-68.929
-9.1471
-36.178
-55.829
-55.035
-41.497
-48.035
-35.868
-53.764
-24.374
-40.766
-60.257
-63.389
-39.911
-34.898
-56.867
-12.762
-46.111
-38.827
-48.412
-46.077
-33.758
-52.963
-31.373
-55.437
-19.853
-50.144
-58.982
-59.964
-11.176
-24.443
7.2788
-48.145
-66.793
-18.467
-42.271
-46.495
-44.913
-41.63
-38.727
-47.689
-50.334
-37.068
-37.869
-44.099
-53.27
-59.205
-15.592
-46.001
-60.576
-45.993
-50.465
-54.708
-30.963
-45.159
-39.111
-52.543
-12.389
-54.978
-29.979
-53.24
-19.464
-9.0885
-30.972
-30.904
-9.4899
-37.733
-31.49
-38.857
-55.138
-34.102
-39.918
-49.868
-23.702
-19.022
-46.783
-39.248
-31.299
4.5511
-59.636
-43.774
-38.418
-64.465
-47.178
-46.193
-70.541
-50.088
-29.147
-57.656
-30.884
-49.47
-31.906
-30.902
-32.048
-48.407
-48.656
-65.54
-20.664
-39.018
-36.186
-38.443
-69.999
-45.87
-71.529
-40.331
-30.082
-0.090724
-53.316
-51.44
-14.457
-63.507
-53.376
-46.987
-55.906
-60.678
-61.186
-25.914
-42.163
-24.452
-39.457
-45.846
-3.7927
-48.536
-26.302
-52.085
-48.099
-33.04
