-21.245
-11.916
-17.232
-13.862
-18.09
-17.112
-24.561
-14.621
-18.633
-14.728
-23.783
-13.317
-16.663
-12.59
-21.132
-19.968
-13.935
-19.549
-23.088
-22.396
-27.014
-20.557
-16.984
-25.106
-19.585
-19.637
-23.296
-8.2497
-18.42
-18.486
-3.3712
-19.736
-22.36
-23.086
-10.066
-18.888
-18.07
-13.759
-23.997
-14.007
-10.239
-12.718
-21.443
-17.003
-15.436
-16.198
-23.66
-22.065
-17.083
-19.126
-8.2983
-27.33
-17.802
-15.989
-0
-0
-0
-0
-0
-0
-0
-0
-0
-0
-0
-0
-0
-0
-0
-0
-0
-0
-0
-0
-0
-0
-0
-0
-0
-0
-0
-0
-0
-0
-0
-0
-0
-0
-0
-0
-0
-0
-0
-0
-0
-0
-0
-0
-0
-0
-0
-0
-0
-0
-0
-0
-0
-0
-0
-0
-0
-0
-0
-0
-0
-0
-0
-0
-0
-0
-0
-0
-0
-0
-0
-0
-0
-0
-0
-0
-0
-0
-0
-0
-0
-0
-0
-0
-0
-0
-0
-0
-0
-0
-0
-0
-0
-0
-0
-0
-0
-0
-0
-0
-0
-0
-0
-0
-0
-0
-0
-0
-0
-0
-0
-0
-0
-0
-0
-0
-0
-0
-0
-0
-0
-0
-0
-0
-0
-0
-0
-0
-0
-0
-0
-0
-0
-0
-0
-0
-0
-0
-0
-0
-0
-0
-0
-0
-0
-0
-0
-0
-0
-0
-0
-0
-0
-0
-0
-0
-0
-0
-0
-0
-0
-0
-0
-0
-0
-0
-0
-0
-0
-0
-0
-0
-0
-0
-0
-0
-0
-0
-0
-0
-0
-0
-0
-0
-0
-0
-0
-0
-0
-0
-0
-0
-0
-0
-0
-0
-0
-0
-0
-0
-0
-0
-0
