0.00058458
0.00053506
0.00055654
0.00055804
0.00055386
0.00055627
0.00056173
0.00057134
0.00055227
0.00057176
0.00056242
0.0005719
0.00054579
0.00056586
0.00056876
0.00052472
0.00056501
0.0005622
0.00054624
0.0005294
0.00054882
0.00053438
0.00053384
0.00057348
0.00057542
0.00053439
0.00055381
0.0005769
0.00053837
0.00054299
0.00056528
0.00052033
0.00056605
0.00056453
0.00055861
0.00053258
0.00055653
0.0005546
0.00055717
0.00056655
0.00056481
0.00055555
0.00057513
0.00054845
0.00057329
0.00057042
0.00052134
0.00056508
0.00055393
0.0005644
0.00056352
0.00057232
0.00060098
0.00055562
0.00058112
0.00057105
0.00053951
0.00056537
0.00056333
0.00055339
0.00056786
0.00054073
0.00057865
0.00054921
0.00059514
0.00058923
0.00057345
0.00054606
0.00055317
0.0005591
0.0005439
0.00055057
0.00057296
0.00054516
0.00055202
0.0005736
0.00052958
0.00057046
0.00055328
0.00053815
0.00058141
0.00058343
0.00057532
0.00054566
0.00055396
0.00055113
0.0005561
0.00055122
0.0005708
0.00054902
0.00055134
0.00056495
0.00056087
0.00053865
0.00054704
0.00054935
0.00057706
0.00054104
0.00056148
0.00053758
0.00057554
0.00057216
0.00056133
0.00054874
0.00056126
0.00053526
0.00055518
0.00056463
0.00056378
0.00056718
0.00057563
0.00055938
0.00056228
0.00055978
0.00054864
0.00056145
0.00057734
0.00055213
0.00053932
0.00056712
0.00057726
0.00054641
0.00053437
0.00054819
0.00052145
0.00055878
0.00058291
0.0005511
0.00057687
0.00052349
0.00056182
0.00054803
0.00056578
0.00058424
0.00055235
0.00054103
0.00057162
0.00056588
0.00057393
0.00052803
0.00056254
0.00058831
0.00052737
0.00054752
0.00056263
0.00054378
0.0005633
0.00058086
0.0005572
0.00055091
0.00053054
0.00056959
0.00054532
0.00054129
0.00055925
0.00054092
0.0005508
0.00053265
0.00059174
0.00053936
0.00055997
0.00054963
0.0005835
0.0005734
0.00058571
0.00055867
0.00054008
0.00052815
0.00056113
0.00057691
0.00055864
0.00055652
0.00059577
0.00059084
0.00058143
0.00056703
0.0005471
0.00055162
0.00053655
0.00058312
0.0005803
0.00056401
0.00054562
0.00055961
0.0005442
0.00057128
0.00057122
0.00055239
0.00053506
0.00057991
0.00055007
0.00056073
0.00055474
0.00055047
0.00055498
0.00057762
0.00055078
0.00055954
0.00053553
0.00057936
0.00055416
0.00053579
0.00055331
0.00055585
0.00054208
0.00058188
0.00055152
0.00055011
0.00056998
0.00056725
0.00055808
0.00053426
0.00058217
0.00056801
0.00057773
0.00057635
0.00056552
0.0005685
0.0005479
0.0005532
0.00053476
0.00055174
0.00055064
0.00055395
0.00054166
0.00055585
0.00056706
0.0005574
0.00052148
0.00056367
0.00060347
0.00055223
0.00054481
0.0005736
0.00053492
0.00056254
0.00056038
0.00055425
0.00056117
0.00055935
0.00057145
0.00052918
0.00056365
0.00055248
0.00055846
0.00054086
0.00058158
0.0005718
0.00057587
0.00055131
0.00055619
0.0005806
0.00053485
0.00055284
0.00056362
0.00053977
0.00055359
