4.814193	0.4	12.	-65.27	-88.07	9.10997
5.47854	0.4	12.	-59.86303	-44.36	13.53
5.573282	0.4	12.	-71.47	-51.21	13.45523
5.391985	0.4	12.	-80.889694	-102.74	14.72
7.314858	0.4	12.	-84.19	-135.69	13.849569
5.510265	0.4	12.	-76.03	-146.145874	18.14
4.678231	0.4	12.	-51.89	-114.306575	18.25
5.680149	0.4	12.	-47.123757	-139.93	18.82
6.685982	0.4	12.	-41.12	-128.147335	19.22
5.496712	0.4	12.	-26.43	-127.302664	21.66
5.186408	0.4	12.	-29.37	-103.72	36.098958
5.401924	0.4	12.	-19.03237	-114.49	35.53
5.57385	0.4	12.	-85.17	-170.59	33.085109
5.396652	0.4	12.	-86.15	-186.24	41.285257
4.860373	0.4	12.	-107.04	-161.78	41.015254
6.405585	0.4	12.	-21.21	-81.87	46.263167
5.161801	0.4	12.	-20.98537	-99.16	42.35
6.914796	0.4	12.	2.61	-82.544567	43.38
5.417332	0.4	12.	19.25	-86.367377	44.51
6.571403	0.4	12.	20.56	-101.721433	45.93
6.39232	0.4	12.	-45.69	-51.303978	46.33
7.527748	0.4	12.	-74.4	-25.12	49.113682
4.647433	0.4	12.	-74.641019	-41.42	48.49
5.232204	0.4	12.	-134.323948	-75.02	48.83
5.344763	0.4	12.	-145.54	-84.599044	49.4
5.249019	0.4	12.	-119.446774	-55.78	46.33
5.730226	0.4	12.	-106.06	-54.977668	46.33
5.292295	0.4	12.	-103.77	-42.4	51.553991
5.622272	0.4	12.	-117.899999	-44.03	47.19
6.938504	0.4	12.	-132.007417	-50.23	47.64
4.971719	0.4	12.	-31.33	-134.309803	53.04
5.864459	0.4	12.	-22.52	-95.402143	53.44
4.825503	0.4	12.	7.272463	-116.12	59.24
5.549243	0.4	12.	14.176298	-106.01	59.86
4.913469	0.4	12.	-0.198559	-97.85	60.43
5.275111	0.4	12.	-68.921962	-191.14	70.49
4.734302	0.4	12.	-23.362898	-143.84	73.17
6.144708	0.4	12.	-2.900976	-146.12	73.17
6.757604	0.4	12.	14.36	-147.1	72.139137
7.234084	0.4	12.	25.126201	-118.07	73.45
4.642811	0.4	12.	10.44	-161.203799	74.47
6.120032	0.4	12.	-8.48	-71.809478	74.64
4.751712	0.4	12.	-156.31	-42.73	71.733678
7.633904	0.4	12.	-145.54	-34.195425	75.27
5.526414	0.4	12.	-151.121359	-89.04	75.27
6.825415	0.4	12.	-164.14	-83.570937	75.38
5.968004	0.4	12.	-165.45	-97.584445	75.44
5.936408	0.4	12.	-174.879028	-105.35	75.67
7.046939	0.4	12.	-62.38398	-33.6	81.86
4.53133	0.4	12.	-51.23	-39.14	80.105787
5.575114	0.4	12.	-39.49	-29.189511	76.75
5.528002	0.4	12.	-34.895287	-45.34	74.19
7.219878	0.4	12.	-155.01	-49.832943	90.79
5.20058	0.4	12.	-157.019743	-69.15	90.79
5.577381	0.4	12.	-170.294235	-73.71	92.49
5.069177	0.4	12.	-55.15	-30.218634	91.81
7.31166	0.4	12.	-32.31	-60.101149	92.89
5.881337	0.4	12.	-86.8	-15.445048	116.32
4.975346	0.4	12.	-131.84	-29.361524	118.82
5.05067	0.4	12.	-137.71	-49.9	122.337742
5.121546	0.4	12.	-149.46	-50.23	122.403347
4.569894	0.4	12.	-70.773427	-78.61	116.32
4.759788	0.4	12.	-124.33	-66.21	118.419555
6.270913	0.4	12.	-8.16	-142.54	113.74449
4.946039	0.4	12.	-19.58	-153.496913	118.02
5.212817	0.4	12.	-7.620743	-118.73	118.3
5.69547	0.4	12.	-160.305968	-133.73	118.48
4.870001	0.4	12.	-153.816993	-114.81	126.55
4.644761	0.4	12.	-141.319886	-111.22	123.71
5.775887	0.4	12.	-23.5	-137.32	138.065278
5.622299	0.4	12.	-35.831635	-147.76	134.17
4.951577	0.4	12.	-140.97	-142.86	137.235777
5.447453	0.4	12.	-109.32	-119.226152	134.45
4.86226	0.4	12.	-24.15	-174.18	135.391693
5.931847	0.4	12.	-27.74	-161.46	134.264839
4.981886	0.4	12.	-147.884277	-134.38	140.19
5.914401	0.4	12.	-103.423311	-148.08	140.19
6.903937	0.4	12.	-98.22	-87.825351	140.65
4.5895	0.4	12.	-81.778901	-56.43	142.13
4.887524	0.4	12.	-97.25	-49.042685	145.54
4.95142	0.4	12.	-104.43903	-63.6	155.77
6.989287	0.4	12.	-101.49	-106.66	155.81401
4.916789	0.4	12.	-102.14	-129.16	160.322486
5.364249	0.4	12.	-97.107376	-140.25	156.56
5.576504	0.4	12.	-90.72	-77.2166	157.25
5.443411	0.4	12.	-80.556459	-65.89	157.36
6.301993	0.4	12.	-75.011746	-117.1	166.85
4.946563	0.4	12.	-113.529915	-142.21	145.31
4.966338	0.4	12.	-98.46	-53.14	154.4307
5.809382	0.4	12.	-80.52	-51.919442	156.56
4.553144	0.4	12.	-69.42	-50.86	157.975943
4.685192	0.4	12.	-87.142647	-131.09	154.75
4.569686	0.4	12.	-108.851794	-122.94	154.01
7.051149	0.4	12.	-121.948339	-122.61	153.21
6.890483	0.4	12.	-149.37	-133.388027	153.61
5.641232	0.4	12.	-116.934203	-41.4	139.11
7.145961	0.4	12.	-118.325216	-65.86	137.35
5.77029	0.4	12.	-157.53	-136.64	129.65432
5.631357	0.4	12.	-97.16	-159.8	131.44562
5.194002	0.4	12.	-76.35414	-39.11	126.78
4.616933	0.4	12.	-107.144318	-61.62	125.92
4.516924	0.4	12.	-80.52	-60.97	129.615181
5.102692	0.4	12.	-22.43	-141.21	110.653032
5.277216	0.4	12.	-32.87	-159.19169	112.9
4.731182	0.4	12.	-15.9	-133.408953	112.9
5.238756	0.4	12.	-170.074777	-106.63	108.07
4.539766	0.4	12.	-10.68	-119.35	104.951902
5.522305	0.4	12.	-135.34	-54.12	104.393549
5.55772	0.4	12.	-147.74	-48.9	103.067864
5.181022	0.4	12.	-137.109853	-39.11	108.07
5.421953	0.4	12.	-52.13	-38.79	106.731416
5.527504	0.4	12.	-38.09	-52.16	111.421769
5.421271	0.4	12.	-31.57	-147.865688	107.39
6.968687	0.4	12.	-81.5	-25.309543	104.6
6.025725	0.4	12.	-20.848894	-75.64	93.63
5.343574	0.4	12.	-55.39	-42.416605	93.63
5.436278	0.4	12.	-74.396686	-31.94	92.04
5.340702	0.4	12.	-85.060573	-29.98	92.1
5.679724	0.4	12.	-147.41	-89.970666	92.1
6.040661	0.4	12.	-127.18	-29.471049	89.14
4.863522	0.4	12.	-137.62	-34.87	86.306624
4.538607	0.4	12.	-116.74	-52.269319	89.6
4.577214	0.4	12.	-120.33	-42.238939	89.6
4.819877	0.4	12.	5.31	-133.32553	84.25
5.324873	0.4	12.	-23.41	-138.291723	83.23
6.612321	0.4	12.	-18.51	-99.13	87.346313
4.673926	0.4	12.	-84.11	-59.34	76.940595
7.535827	0.4	12.	-21.12	-81.52	74.723452
7.57245	0.4	12.	-5.13	-99.982344	75.38
5.002704	0.4	12.	-90.63	-54.12	70.102418
5.988353	0.4	12.	-119.489556	-51.51	74.02
4.599077	0.4	12.	-102.05	-52.97096	73.39
4.916384	0.4	12.	-111.84	-63.25	72.4804
5.006287	0.4	12.	-130.106747	-60.31	71.86
4.616548	0.4	12.	-91.61	-66.163177	71.18
4.785119	0.4	12.	-86.39	-74.070459	71.57
5.034997	0.4	12.	-68.77	-65.21	69.798601
4.655343	0.4	12.	-74.153377	-35.2	70.55
6.19357	0.4	12.	-52.926915	-27.04	70.38
5.605041	0.4	12.	-58.33	-43.68	70.444151
5.257029	0.4	12.	-81.37872	-45.31	69.24
5.849108	0.4	12.	-58.98	-56.07	65.479379
5.617719	0.4	12.	-35.48	-57.05	64.254544
5.584672	0.4	12.	-21.45	-93.478615	68.62
5.057295	0.4	12.	-7.42	-131.75	67.21846
4.817372	0.4	12.	4.33	-130.44	71.088707
4.962328	0.4	12.	14.44	-129.14	70.517378
5.264088	0.4	12.	-42.66	-101.377584	67.03
4.698789	0.4	12.	-33.85	-127.83	70.811012
5.194945	0.4	12.	-27.65	-107.28	61.240349
4.49884	0.4	12.	-34.471444	-116.09	66.06
7.215171	0.4	12.	-36.79	-87.670277	65.32
4.847932	0.4	12.	-55.390301	-96.52	64.92
4.648165	0.4	12.	-121.479505	-75.97	64.35
4.727201	0.4	12.	-106.154758	-74.67	63.79
7.220072	0.4	12.	-154.92	-50.2	61.32182
5.060847	0.4	12.	-157.86	-63.25	68.023525
6.831507	0.4	12.	-132.08	-82.82	60.493625
5.413683	0.4	12.	-120.381858	-53.46	62.76
5.937161	0.4	12.	-55.39	-75.32	55.966553
5.099278	0.4	12.	-45.27	-49.88	60.629204
5.754237	0.4	12.	-26.35	-147.605721	60.6
6.116586	0.4	12.	-92.59	-180.35	58.062722
7.778518	0.4	12.	-73.327653	-195.68	56.45
5.260088	0.4	12.	-91.357814	-194.7	56.11
7.011122	0.4	12.	-109.56	-122.94	54.015748
4.653151	0.4	12.	-122.61	-95.595654	55.66
5.478046	0.4	12.	-148.07	-96.19	53.826604
4.982768	0.4	12.	-96.699771	-64.88	55.66
5.343159	0.4	12.	-95.85	-74.126543	60.2
4.525349	0.4	12.	-86.06	-63.749694	60.09
4.583862	0.4	12.	-121.96	-65.647953	56.45
4.960257	0.4	12.	-64.2	-30.776612	55.66
5.273266	0.4	12.	-55.551954	-60.97	55.43
4.974425	0.4	12.	-80.52	-121.126843	54.29
5.52097	0.4	12.	-80.84	-106.016463	54.29
4.713141	0.4	12.	-34.83	-114.025558	54.29
5.040436	0.4	12.	-41.36	-134.36	51.489625
5.049774	0.4	12.	-32.892691	-102.39	52.47
5.835838	0.4	12.	-18.19	-111.064523	52.64
4.546276	0.4	12.	0.09	-124.9	51.209809
4.888204	0.4	12.	-44.29	-96.19	46.915371
4.878573	0.4	12.	-39.551353	-123.92	46.45
4.510129	0.4	12.	-92.306367	-179.69	46.11
5.149243	0.4	12.	-122.97213	-171.87	45.48
6.998702	0.4	12.	-98.477323	-197.31	45.65
6.282281	0.4	12.	7.73162	-109.57	44.91
5.718168	0.4	12.	-7.75	-96.85	47.420518
7.317793	0.4	12.	-63.55	-31.94	37.49784
6.128992	0.4	12.	-59.321006	-57.71	44.68
6.23914	0.4	12.	-89.653601	-97.82	41.33
5.322893	0.4	12.	-89.33	-108.91	35.855805
7.87683	0.4	12.	-75.3	-104.35	40.913157
5.264918	0.4	12.	-28.63	-91.95	36.662973
4.532671	0.4	12.	-46.25	-104.148938	40.19
5.720193	0.4	12.	-45.93	-117.802481	39.57
4.989511	0.4	12.	-46.58	-90.417994	39.06
4.828614	0.4	12.	-96.51	-73.04	38.959148
5.190069	0.4	12.	-123.27	-82.49	41.031184
5.881686	0.4	12.	-128.49	-66.84	42.941176
4.788523	0.4	12.	-134.36	-59.01	36.633349
7.061602	0.4	12.	-84.253	-34.87	37.46
6.078468	0.4	12.	-112.5	-82.489298	37.07
5.634712	0.4	12.	-103.69	-90.	34.755338
6.349051	0.4	12.	-116.74	-96.801196	36.84
5.783609	0.4	12.	-25.04	-130.462099	36.04
5.111316	0.4	12.	-39.07	-136.594499	36.04
4.66124	0.4	12.	-57.35	-143.81	31.336176
5.593049	0.4	12.	-64.85	-132.011806	35.08
6.005232	0.4	12.	-50.17	-133.7	36.392232
6.068589	0.4	12.	-38.75	-124.57	31.436894
5.763459	0.4	12.	-7.814932	-93.26	34.56
6.084282	0.4	12.	9.22	-96.52	30.449623
5.639031	0.4	12.	-111.148809	-57.38	34.74
4.758181	0.4	12.	-118.7	-66.970409	34.62
5.497398	0.4	12.	-125.22	-54.12	30.257895
7.394157	0.4	12.	-90.96	-158.404983	34.79
6.750143	0.4	12.	-102.982611	-149.36	33.94
4.887398	0.4	12.	-74.024121	-118.05	34.28
7.02496	0.4	12.	-131.71561	-97.82	32.63
5.378111	0.4	12.	-131.75	-80.176819	32.97
6.347109	0.4	12.	11.51	-115.23995	32.97
4.714304	0.4	12.	-72.36	-55.084026	32.97
6.045079	0.4	12.	-57.67	-59.01	30.310412
6.996168	0.4	12.	-86.891098	-62.27	32.12
4.82382	0.4	12.	-108.25	-43.345346	31.61
5.231593	0.4	12.	-96.51	-38.79	27.907524
5.938147	0.4	12.	-89.65	-47.580587	31.84
6.308572	0.4	12.	-68.44	-43.68	28.37687
5.754253	0.4	12.	-90.31	-120.98	35.789528
6.153741	0.4	12.	-120.	-168.052272	35.02
4.490408	0.4	12.	-131.1	-147.120595	34.
4.587862	0.4	12.	-140.743058	-149.03	34.
5.913297	0.4	12.	-145.336465	-99.46	33.48
5.764313	0.4	12.	-141.54	-88.04	35.411894
6.16276	0.4	12.	-155.57	-95.54	27.858515
6.184791	0.4	12.	-155.57	-83.47	31.969419
5.328027	0.4	12.	-160.089109	-114.13	42.47
5.853667	0.4	12.	-106.567392	-104.67	38.15
6.333399	0.4	12.	-137.95	-133.7	33.104941
5.213498	0.4	12.	-43.339816	-106.96	23.14
5.97631	0.4	12.	-68.44	-135.33	24.196317
5.093768	0.4	12.	-71.71	-123.367239	24.27
5.391844	0.4	12.	-95.916123	-153.93	23.71
5.374463	0.4	12.	-64.486716	-153.27	22.8
5.476219	0.4	12.	-26.67	-138.240687	23.02
4.844047	0.4	12.	-22.934943	-101.74	23.02
5.645165	0.4	12.	-6.930697	-96.85	21.6
5.507741	0.4	12.	-85.74	-84.78	29.637992
4.480091	0.4	12.	-91.591594	-74.01	24.45
4.909295	0.4	12.	-100.1	-99.78	28.597883
6.320906	0.4	12.	-115.76	-110.22	27.131452
5.600103	0.4	12.	-97.49	-112.308227	23.48
6.423603	0.4	12.	-109.23	-89.687033	23.48
5.659447	0.4	12.	-122.29	-88.747088	23.37
4.889068	0.4	12.	-120.65	-99.46	23.558155
4.690949	0.4	12.	-121.63	-77.6	20.77603
5.281522	0.4	12.	-122.29	-66.062728	22.8
8.136617	0.4	12.	-139.987838	-68.47	22.63
4.545693	0.4	12.	-132.73	-56.886111	22.57
4.999968	0.4	12.	-123.692689	-46.62	22.11
7.987043	0.4	12.	-131.75	-118.109787	21.89
6.885026	0.4	12.	-139.26	-103.910695	21.94
4.507946	0.4	12.	-102.453323	-124.57	21.94
4.56136	0.4	12.	-55.06	-128.81	19.496386
5.884291	0.4	12.	-27.495638	-113.81	21.49
4.813318	0.4	12.	-87.7	-65.21	12.274542
5.610364	0.4	12.	-98.14	-86.08	18.436542
4.511798	0.4	12.	-101.841769	-77.28	14.72
5.188573	0.4	12.	-86.06	-79.899766	14.72
5.560223	0.4	12.	-53.534169	-72.71	13.19
5.169589	0.4	12.	-76.6	-65.355149	13.19
5.183683	0.4	12.	-63.87	-61.62	13.402887
5.973915	0.4	12.	-116.09	-105.65	9.455483
6.074734	0.4	12.	-102.05	-104.77871	12.11
4.590453	0.4	12.	-71.38	-128.81	15.384902
7.390229	0.4	12.	-96.83	-122.194189	11.54
6.449597	0.4	12.	-118.016223	-89.02	11.54
6.880077	0.4	12.	-122.61	-71.08	6.779253
6.830266	0.4	12.	-132.4	-46.388315	11.54
5.205459	0.4	12.	-57.35	-136.31	10.645003
5.134167	0.4	12.	-82.8	-104.67	1.357669
5.081855	0.4	12.	-56.37	-82.17	-0.47349
5.912128	0.4	12.	-80.52	-71.292875	2.5
4.937915	0.4	12.	-87.207121	-62.6	2.5
7.183289	0.4	12.	4.98	-156.21	60.01141
4.71329	0.4	12.	-45.93	-117.95104	58.27
5.50145	0.4	12.	-44.29	-139.901669	60.03
5.281553	0.4	12.	-66.524052	-106.63	58.44
5.867052	0.4	12.	-9.05	-141.911013	53.61
6.611472	0.4	12.	-15.9	-129.14	51.526165
7.730644	0.4	12.	6.29	-133.38	43.638768
5.356081	0.4	12.	-109.56	-85.081054	59.98
5.272789	0.4	12.	-120.65	-85.76	55.590982
4.726915	0.4	12.	-94.22	-189.8	107.105505
6.913066	0.4	12.	-102.05	-198.686376	109.55
4.527749	0.4	12.	-69.09	-155.383681	113.07
4.868356	0.4	12.	-50.49	-142.249775	113.42
5.528653	0.4	12.	-45.737574	-126.2	113.87
6.243089	0.4	12.	-31.89	-96.420918	114.15
4.806567	0.4	12.	-47.56	-98.48	117.307919
6.599633	0.4	12.	-53.895977	-108.59	115.52
4.933501	0.4	12.	-66.81	-122.755298	115.58
4.83203	0.4	12.	-76.766085	-140.88	115.58
6.024418	0.4	12.	-78.88	-151.285913	118.48
4.670774	0.4	12.	-55.06	-101.09	26.010359
6.990347	0.4	12.	-36.415179	-96.52	26.21
5.083611	0.4	12.	-119.287779	-122.94	37.18
4.50771	0.4	12.	-121.63	-109.302164	37.18
5.016505	0.4	12.	-87.512766	-134.36	43.09
5.233797	0.4	12.	-93.24	-152.95	49.377204
5.531439	0.4	12.	-119.35	-134.049467	47.98
6.319121	0.4	12.	-122.61	-110.87	52.166312
6.26653	0.4	12.	-132.055188	-131.75	48.72
5.844873	0.4	12.	-88.35	-90.632895	53.67
5.476023	0.4	12.	-105.77713	-72.06	53.72
4.888897	0.4	12.	-56.022882	-48.9	55.88
5.3512	0.4	12.	-66.48	-48.9	52.704537
5.510797	0.4	12.	-61.92	-40.74	59.741103
4.602464	0.4	12.	-12.956129	-101.41	56.05
4.903178	0.4	12.	12.81	-124.9	57.231631
4.905898	0.4	12.	-115.43	-178.62615	56.79
4.773976	0.4	12.	-85.41	-132.972563	56.79
5.698481	0.4	12.	-73.66	-136.485069	56.79
5.303897	0.4	12.	-131.42	-55.969765	58.95
4.735589	0.4	12.	-157.733828	-71.73	58.95
5.438609	0.4	12.	-133.06	-40.143723	58.95
6.889094	0.4	12.	-98.735408	-32.59	58.95
5.580294	0.4	12.	-78.846636	-40.42	58.95
5.692125	0.4	12.	-43.32	-67.49	57.454424
4.655167	0.4	12.	-58.65	-87.202087	60.66
4.741003	0.4	12.	-99.44	-160.78	58.046845
6.5197	0.4	12.	-157.2	-127.18	56.406375
5.532792	0.4	12.	7.59	-141.86	57.363995
5.015438	0.4	12.	-8.70367	-113.48	62.08
4.53079	0.4	12.	-81.17	-149.171477	62.82
4.899263	0.4	12.	-109.89	-48.1071	62.88
4.959548	0.4	12.	-110.904951	-36.83	62.88
5.395708	0.4	12.	-123.92	-34.649917	62.88
5.411226	0.4	12.	-166.67	-107.28	58.9771
5.623668	0.4	12.	-136.486708	-183.28	63.33
6.386345	0.4	12.	-89.	-206.11	57.557869
6.279805	0.4	12.	-10.36	-92.61	62.551914
4.967091	0.4	12.	-18.19	-104.67	71.609646
6.383918	0.4	12.	-160.457224	-151.97	67.71
6.831303	0.4	12.	-87.997479	-188.83	67.71
7.249905	0.4	12.	-114.78	-188.951899	67.71
5.665404	0.4	12.	-70.73	-106.026809	71.01
4.561056	0.4	12.	-89.875505	-31.29	71.01
5.185787	0.4	12.	-138.695121	-51.51	71.01
4.875531	0.4	12.	-98.46	-40.74	69.066784
4.969919	0.4	12.	-148.07	-54.12	75.537026
5.315466	0.4	12.	-144.48	-64.88	71.393533
6.209888	0.4	12.	4.65	-115.135514	71.01
5.664709	0.4	12.	-11.358093	-156.21	71.01
4.588735	0.4	12.	-25.511455	-154.58	71.01
5.184636	0.4	12.	-116.74	-108.111233	71.01
5.101687	0.4	12.	-40.05	-64.55	72.815375
4.818197	0.4	12.	-50.17	-60.64	71.599201
4.963415	0.4	12.	-18.51	-112.18	82.115367
4.98506	0.4	12.	-8.72	-115.286317	78.11
4.970275	0.4	12.	-1.574173	-125.87	78.11
5.379206	0.4	12.	-0.57	-163.287884	78.11
5.800281	0.4	12.	19.67	-157.19	79.250844
5.348022	0.4	12.	-116.09	-31.61	82.179745
5.016728	0.4	12.	-131.1	-33.591679	78.17
5.030164	0.4	12.	-135.67	-44.720091	78.17
7.092315	0.4	12.	-104.01	-28.08517	78.17
5.589379	0.4	12.	-159.81	-54.246434	78.17
4.633662	0.4	12.	-166.01	-69.12	82.139653
4.871415	0.4	12.	-91.94	-193.303116	78.17
5.492009	0.4	12.	-107.11964	-185.56	78.17
4.861645	0.4	12.	-61.963557	-47.27	80.56
4.682014	0.4	12.	-76.795083	-42.7	81.41
6.343932	0.4	12.	-93.24	-41.4	79.764468
4.780464	0.4	12.	-85.509173	-30.63	81.52
7.494584	0.4	12.	-85.74	-16.700844	81.58
4.909115	0.4	12.	-39.765336	-83.8	87.09
4.5463	0.4	12.	-46.58	-64.23	87.668005
5.550836	0.4	12.	-57.35	-58.36	88.001786
4.502109	0.4	12.	-43.32	-45.96	85.537755
5.312063	0.4	12.	-111.19	-72.38	85.000632
5.162038	0.4	12.	-117.96107	-88.04	87.55
5.496637	0.4	12.	-123.59	-77.870611	87.55
4.781791	0.4	12.	-67.239864	-142.18	87.78
6.919453	0.4	12.	-22.335374	-150.99	87.89
5.107975	0.4	12.	-41.028655	-115.44	88.17
5.422405	0.4	12.	-2.909889	-116.74	88.17
6.041211	0.4	12.	-2.365296	-104.67	88.17
5.627078	0.4	12.	-15.25	-85.296868	88.17
4.719682	0.4	12.	-82.15	-118.759459	89.2
5.268994	0.4	12.	-88.67	-130.68918	89.2
5.156248	0.4	12.	-88.717989	-141.21	89.2
4.603301	0.4	12.	-120.65	-141.520175	89.2
5.40725	0.4	12.	-29.518127	-132.4	91.47
5.541702	0.4	12.	-24.71	-111.858963	91.47
4.839407	0.4	12.	-31.57	-97.5	90.24652
4.862181	0.4	12.	-107.28	-91.129018	91.47
4.673584	0.4	12.	-106.62	-81.52	90.537966
6.146066	0.4	12.	-83.13	-42.773576	91.47
5.857056	0.4	12.	-74.32	-53.008417	91.47
5.752892	0.4	12.	-63.362102	-106.63	91.47
5.657287	0.4	12.	-93.57	-91.675836	91.47
4.612189	0.4	12.	-110.86	-112.83	90.555916
5.713766	0.4	12.	-116.738817	-98.48	91.47
5.664754	0.4	12.	-59.472756	-152.62	91.47
5.101763	0.4	12.	-135.99	-132.065518	91.47
5.375886	0.4	12.	-137.62	-145.77	88.455114
5.156658	0.4	12.	-146.894076	-158.82	91.47
5.55367	0.4	12.	-97.16	-190.602734	91.47
5.976259	0.4	12.	-106.972542	-174.8	91.47
5.153645	0.4	12.	-112.17	-38.46	93.486094
5.105712	0.4	12.	-99.12	-43.226446	91.47
5.186394	0.4	12.	-101.07	-28.955865	91.47
6.359728	0.4	12.	-74.97	-108.91	86.807353
5.10574	0.4	12.	-84.76	-102.304298	91.47
5.66471	0.4	12.	-81.5	-91.400107	91.47
4.839457	0.4	12.	-46.9	-131.390327	91.47
4.642384	0.4	12.	-91.301912	-21.5	92.1
4.965617	0.4	12.	-93.895579	-77.28	92.1
5.890435	0.4	12.	-133.57188	-46.29	92.1
5.064577	0.4	12.	-143.566325	-55.42	92.1
5.372149	0.4	12.	-41.68	-96.709891	92.72
4.564366	0.4	12.	-132.08	-109.57	91.271663
5.774245	0.4	12.	-143.5	-120.144798	92.72
6.218436	0.4	12.	-147.887421	-132.72	92.72
6.71929	0.4	12.	-128.060754	-155.88	92.72
4.763271	0.4	12.	-83.78	-149.724158	92.72
5.066385	0.4	12.	-52.45	-163.094849	92.72
6.119128	0.4	12.	-71.38	-77.28	92.796322
5.490367	0.4	12.	-54.74	-89.752863	92.72
6.170217	0.4	12.	-96.83	-116.970517	93.01
6.14102	0.4	12.	-53.441221	-117.39	94.2
4.932059	0.4	12.	-66.48	-119.03119	94.2
4.729366	0.4	12.	-56.37	-127.83	95.439424
5.527362	0.4	12.	-76.945061	-133.7	94.2
4.675461	0.4	12.	-18.971473	-139.57	94.31
5.879992	0.4	12.	3.02	-130.44	98.714138
5.383834	0.4	12.	13.79	-164.147252	95.05
6.072268	0.4	12.	1.07	-168.588351	95.11
6.692649	0.4	12.	-6.44	-154.9	90.078617
7.113958	0.4	12.	10.2	-147.823772	95.34
5.182684	0.4	12.	-50.49	-145.12	93.525664
4.771132	0.4	12.	-107.28	-145.033874	95.51
5.718962	0.4	12.	-105.97	-124.57	96.302311
7.044328	0.4	12.	-118.37	-131.062352	95.74
4.889503	0.4	12.	-127.411253	-116.74	95.74
6.081901	0.4	12.	-169.6	-103.988388	95.74
4.745325	0.4	12.	-159.263277	-146.75	95.74
4.843289	0.4	12.	-96.51	-149.993924	95.74
4.666064	0.4	12.	-83.45	-160.45	93.383861
5.311528	0.4	12.	-89.982542	-171.87	95.74
5.133758	0.4	12.	-84.76	-181.32	98.627261
5.158288	0.4	12.	-89.33	-196.696787	95.74
6.269906	0.4	12.	-107.407745	-160.12	95.96
5.182264	0.4	12.	-120.98	-165.947788	96.13
5.497597	0.4	12.	-52.45	-77.28	96.97934
4.831623	0.4	12.	-69.75	-97.00587	96.7
4.567327	0.4	12.	-120.33	-88.477542	98.24
6.345458	0.4	12.	-50.769053	-62.6	98.24
5.153699	0.4	12.	-22.43	-94.56375	98.24
4.531902	0.4	12.	-8.992038	-103.04	98.24
4.934087	0.4	12.	-34.160231	-117.07	98.24
5.232218	0.4	12.	-114.78	-59.99	98.793191
6.717012	0.4	12.	-42.99	-43.045827	97.38
4.56518	0.4	12.	-41.68	-82.442392	97.44
5.352389	0.4	12.	-40.05	-70.564904	97.78
5.181191	0.4	12.	-79.931494	-123.92	99.54
4.512408	0.4	12.	-91.529296	-131.42	99.54
4.605332	0.4	12.	-94.427771	-141.53	99.54
4.882456	0.4	12.	-59.878742	-55.75	99.54
4.792524	0.4	12.	-91.94	-50.86	97.138538
4.804234	0.4	12.	-150.02	-66.605148	101.82
5.373874	0.4	12.	-111.84	-28.858405	101.88
5.137787	0.4	12.	-114.13	-47.247998	101.88
5.236255	0.4	12.	-75.3	-46.29	103.794046
4.517107	0.4	12.	-65.18	-145.45	100.613518
7.694789	0.4	12.	-18.814259	-157.19	101.88
5.711277	0.4	12.	-73.34	-111.2	104.701375
5.874118	0.4	12.	-56.533443	-105.	101.88
5.595833	0.4	12.	-48.107716	-126.2	101.88
4.629196	0.4	12.	-89.529582	-83.47	101.88
5.009774	0.4	12.	-86.72	-94.402245	101.88
5.69315	0.4	12.	-108.58	-111.85	101.657653
4.582606	0.4	12.	-108.58	-101.390503	101.93
4.592481	0.4	12.	-115.76	-93.58	105.794233
6.021028	0.4	12.	-104.34	-88.840978	102.33
4.589246	0.4	12.	-103.800846	-77.6	102.5
4.639082	0.4	12.	-94.358778	-74.99	102.5
5.360749	0.4	12.	-139.357682	-115.76	103.01
4.545041	0.4	12.	-150.350283	-128.81	103.01
5.713774	0.4	12.	-140.23	-146.034012	103.01
5.589856	0.4	12.	-88.380592	-114.46	103.01
4.951287	0.4	12.	-97.906272	-99.46	103.01
5.096077	0.4	12.	-57.151405	-92.93	103.01
4.725615	0.4	12.	-46.732778	-112.83	103.01
4.870882	0.4	12.	-26.452558	-107.94	103.01
5.047	0.4	12.	-41.31757	-102.39	103.01
5.28632	0.4	12.	-55.45928	-161.1	103.01
4.890312	0.4	12.	-74.32	-153.26803	103.01
5.751854	0.4	12.	-80.52	-144.549238	103.01
6.119148	0.4	12.	-117.39	-176.11	101.150601
5.513926	0.4	12.	-122.29	-103.37	101.754559
4.878146	0.4	12.	-73.01	-79.837664	103.47
5.281488	0.4	12.	-98.79	-40.589658	103.47
4.868199	0.4	12.	-163.08	-74.67	105.056039
4.633897	0.4	12.	-162.42	-85.259773	103.47
6.387224	0.4	12.	-139.91	-159.8	100.716636
6.120068	0.4	12.	-155.57	-160.45	99.659331
4.786727	0.4	12.	-29.28	-130.44	101.884896
6.146441	0.4	12.	-70.4	-134.947492	105.34
5.972889	0.4	12.	-63.55	-119.256979	105.34
6.039438	0.4	12.	-161.149837	-130.44	106.2
5.473996	0.4	12.	-102.71	-154.25	108.078554
4.559855	0.4	12.	-84.76	-155.88	101.890746
4.896931	0.4	12.	-86.39	-169.58	106.840884
4.797277	0.4	12.	-115.11	-161.839436	106.2
5.715077	0.4	12.	-126.951496	-123.92	106.76
5.292743	0.4	12.	-72.36	-99.870674	106.76
5.915294	0.4	12.	-70.4	-36.18	110.054861
7.073758	0.4	12.	-157.396101	-58.03	107.33
7.699002	0.4	12.	-153.61	-146.568776	107.73
7.347603	0.4	12.	-25.634833	-75.64	108.01
5.051219	0.4	12.	-40.7	-88.603167	108.01
5.157941	0.4	12.	-53.360157	-80.21	108.01
4.508422	0.4	12.	-111.19	-142.901023	108.01
6.310417	0.4	12.	-100.42	-169.005652	108.01
6.625659	0.4	12.	-102.05	-119.35	109.76074
5.669149	0.4	12.	-135.99	-81.52	104.187189
5.123426	0.4	12.	-46.9	-68.357087	108.3
5.576002	0.4	12.	-14.882582	-92.93	108.3
5.527933	0.4	12.	-15.893177	-104.67	108.3
5.937275	0.4	12.	-118.73667	-81.52	108.3
4.487801	0.4	12.	-128.16	-87.195184	108.3
5.348805	0.4	12.	-148.39	-108.91	111.350339
7.822984	0.4	12.	-123.59	-166.32	115.899795
5.372559	0.4	12.	-82.47	-52.141104	109.44
5.839777	0.4	12.	-61.92	-45.660625	109.44
5.746836	0.4	12.	-50.46335	-49.88	109.44
5.202614	0.4	12.	-36.14	-118.882906	109.55
4.844687	0.4	12.	-84.11	-131.42	109.059162
5.405544	0.4	12.	-94.857403	-131.09	109.61
5.231878	0.4	12.	-92.236605	-143.81	109.61
5.593683	0.4	12.	-79.54	-119.68	110.893165
5.183235	0.4	12.	-92.59	-49.22	111.008276
4.863985	0.4	12.	-114.13	-66.84	110.130163
6.602483	0.4	12.	-101.73	-21.11993	109.72
7.519914	0.4	12.	-126.53	-43.03	115.986883
4.633095	0.4	12.	-144.64344	-65.21	109.72
5.463246	0.4	12.	-120.124466	-58.03	109.89
4.488338	0.4	12.	-69.448646	-56.73	111.08
5.30941	0.4	12.	-91.264272	-64.88	111.31
4.683649	0.4	12.	-67.180173	-89.02	111.65
4.794047	0.4	12.	-83.45	-107.61	109.887466
5.651492	0.4	12.	-69.75	-172.866867	111.71
6.426961	0.4	12.	-58.98	-133.106002	111.71
5.354617	0.4	12.	-88.129807	-91.63	112.51
5.515266	0.4	12.	-111.19	-90.97	114.448736
4.704911	0.4	12.	-104.01	-78.25	115.42463
6.42305	0.4	12.	-112.897489	-41.72	112.51
4.759738	0.4	12.	-80.19	-41.614207	112.51
5.290223	0.4	12.	-108.25	-106.992474	112.51
5.758282	0.4	12.	-61.26	-146.963962	112.51
5.837334	0.4	12.	-79.54	-84.45	114.920534
4.972167	0.4	12.	-99.576092	-100.43	113.13
4.718416	0.4	12.	-92.778117	-111.85	113.13
5.12781	0.4	12.	-137.436198	-113.48	113.13
5.844222	0.4	12.	-145.873194	-128.16	113.19
6.285205	0.4	12.	-154.59	-85.924575	113.7
5.963436	0.4	12.	-151.98	-74.34	117.058453
6.646082	0.4	12.	-67.79	-107.61	118.287664
5.838909	0.4	12.	-51.869244	-170.89	116.83
5.200009	0.4	12.	-90.250546	-154.58	116.88
5.432117	0.4	12.	-109.89	-158.238242	116.88
6.646322	0.4	12.	-110.54	-179.04	119.597777
5.676975	0.4	12.	-139.26	-155.56	121.002567
5.497619	0.4	12.	-77.26745	-95.87	116.88
5.841377	0.4	12.	-99.12	-42.05	116.350885
4.968257	0.4	12.	-99.12	-86.73	114.996659
7.992478	0.4	12.	-73.66	-102.72	174.064978
6.648271	0.4	12.	-112.716518	-112.5	166.06
5.955743	0.4	12.	-99.44	-120.66	167.945214
5.782072	0.4	12.	-88.67	-100.915543	164.98
6.817425	0.4	12.	-89.	-128.16	166.023332
7.617191	0.4	12.	-135.99	-133.05	159.426489
5.385372	0.4	12.	-146.11	-120.66	156.968482
4.697005	0.4	12.	-150.68	-109.940948	157.3
4.650225	0.4	12.	-135.34	-112.83	156.096992
6.140985	0.4	12.	-98.798741	-92.61	156.28
4.870948	0.4	12.	-84.76	-116.42	155.954456
5.77665	0.4	12.	-75.62	-102.39	157.976665
5.176355	0.4	12.	-64.031244	-105.65	154.35
4.792054	0.4	12.	-97.64518	-118.37	154.69
5.134208	0.4	12.	-112.5	-113.15	153.425088
8.191777	0.4	12.	-24.39	-155.23	154.04867
5.991905	0.4	12.	-36.14	-138.27	147.309427
7.737896	0.4	12.	-163.73	-127.51	143.697997
6.153978	0.4	12.	-62.89	-44.01	132.221674
6.167601	0.4	12.	-96.18	-55.75	133.410266
7.006435	0.4	12.	-96.18	-40.705263	133.71
5.907613	0.4	12.	-129.79	-59.558153	132.4
5.303056	0.4	12.	-83.188133	-51.51	130.19
5.076601	0.4	12.	-47.23	-89.67	122.432071
5.241608	0.4	12.	-38.75	-81.84	120.500565
5.672092	0.4	12.	-23.41	-86.145123	119.04
5.500615	0.4	12.	-14.884365	-107.94	119.04
5.515379	0.4	12.	-124.765169	-84.45	119.38
4.847727	0.4	12.	-138.6	-83.47	120.78834
5.352883	0.4	12.	-53.949692	-58.36	120.18
4.706955	0.4	12.	-61.26	-50.044445	120.18
4.667675	0.4	12.	-118.168322	-57.71	120.18
5.411857	0.4	12.	-94.292431	-55.1	120.29
6.081221	0.4	12.	-111.19	-119.68	118.936401
4.537713	0.4	12.	-77.91	-125.959216	120.64
4.735139	0.4	12.	-90.96	-132.683093	120.64
5.050401	0.4	12.	-92.92	-122.61	116.849083
4.640308	0.4	12.	-99.77	-140.23	122.466863
5.453665	0.4	12.	-36.46	-114.763456	120.81
5.414391	0.4	12.	-36.79	-127.51	125.798184
4.731815	0.4	12.	-112.17	-146.718089	120.81
5.328408	0.4	12.	-92.26	-167.62	118.028405
4.592074	0.4	12.	-50.82	-78.12497	121.43
5.002156	0.4	12.	-83.49311	-72.38	121.43
4.833465	0.4	12.	-114.937353	-70.75	121.55
5.721716	0.4	12.	-134.03	-59.99	117.512204
4.534599	0.4	12.	-148.07	-60.97	122.870631
5.119632	0.4	12.	-81.550826	-116.42	121.77
5.235913	0.4	12.	-85.08	-103.37	119.155627
5.62099	0.4	12.	-57.074323	-96.19	121.89
6.021676	0.4	12.	-62.277709	-84.78	121.89
4.971993	0.4	12.	-58.4768	-68.79	121.89
5.469159	0.4	12.	-71.05	-53.810844	122.4
4.674338	0.4	12.	-46.25	-117.07	118.525573
4.619977	0.4	12.	-91.504584	-89.34	122.57
5.024818	0.4	12.	-103.69	-108.709283	122.57
6.298419	0.4	12.	-110.86	-99.543622	122.68
4.581952	0.4	12.	-103.36	-70.75	124.543267
5.286735	0.4	12.	-109.89	-36.09581	122.97
5.383498	0.4	12.	-21.12	-144.247591	123.19
4.840949	0.4	12.	-20.8	-133.7	125.769694
5.33925	0.4	12.	-29.61	-137.62	119.614441
6.267823	0.4	12.	-65.18	-155.23	124.085724
4.591517	0.4	12.	-59.96	-138.92	125.541252
6.081086	0.4	12.	-56.04	-127.83	128.245193
5.717932	0.4	12.	-47.564817	-144.14	124.79
6.425156	0.4	12.	-74.64	-168.496016	124.96
4.755284	0.4	12.	-65.18	-182.589913	124.96
5.228915	0.4	12.	-96.687568	-187.52	125.01
5.788876	0.4	12.	-101.4	-178.71	129.862148
4.778648	0.4	12.	-98.369252	-100.11	125.18
5.809958	0.4	12.	-147.74	-133.7	123.466433
5.350241	0.4	12.	-144.48	-121.870242	125.18
5.410484	0.4	12.	-34.83	-104.145105	125.35
4.969984	0.4	12.	-93.67065	-112.83	125.35
4.486386	0.4	12.	-66.81	-126.543133	126.78
4.696235	0.4	12.	-66.666118	-116.09	126.78
4.929426	0.4	12.	-52.13	-113.466606	126.78
4.719964	0.4	12.	-77.037868	-80.86	127.06
4.814052	0.4	12.	-74.097451	-98.15	127.12
5.782323	0.4	12.	-104.66	-84.13	127.101467
5.19642	0.4	12.	-105.97	-154.58	127.783067
6.237209	0.4	12.	-87.7	-148.330803	127.97
5.808534	0.4	12.	-55.72	-168.861584	127.97
5.479309	0.4	12.	-51.712164	-155.88	128.14
5.475106	0.4	12.	-34.5	-92.184991	128.88
6.70337	0.4	12.	-73.012718	-145.77	128.88
4.696423	0.4	12.	-45.6	-98.539869	129.22
4.523431	0.4	12.	-43.32	-84.000735	129.22
4.594232	0.4	12.	-16.592569	-114.79	129.22
7.227563	0.4	12.	-7.137965	-143.16	129.22
5.547121	0.4	12.	-17.390627	-103.04	129.67
4.910914	0.4	12.	-20.47	-89.969289	129.96
4.520379	0.4	12.	-120.33	-76.794741	130.13
5.502239	0.4	12.	-142.572205	-77.28	130.13
4.617377	0.4	12.	-54.74	-56.709917	130.24
4.851653	0.4	12.	-119.35	-52.142064	131.27
5.124083	0.4	12.	-94.110702	-125.87	131.27
4.811918	0.4	12.	-83.13	-133.38	126.822313
5.53683	0.4	12.	-17.21	-154.25	129.160067
5.707433	0.4	12.	-107.28	-140.88	130.194487
4.604627	0.4	12.	-43.793352	-133.7	131.66
4.938248	0.4	12.	-33.85	-114.644162	131.89
5.912392	0.4	12.	-11.01	-125.441068	132.06
5.064386	0.4	12.	-81.998615	-120.98	132.23
5.431119	0.4	12.	-80.940843	-109.89	132.57
5.154796	0.4	12.	-60.299539	-107.61	132.8
5.762993	0.4	12.	-64.2	-96.342547	132.8
4.668603	0.4	12.	-63.635625	-83.47	132.8
6.386339	0.4	12.	-64.53	-72.38	135.26318
5.25749	0.4	12.	-88.723927	-88.37	132.8
5.604328	0.4	12.	-89.33	-99.46	132.02861
5.27479	0.4	12.	-111.19	-94.24	133.658527
5.41912	0.4	12.	-106.658934	-108.26	132.8
6.074084	0.4	12.	-131.75	-86.082483	132.8
5.404581	0.4	12.	-147.383244	-101.09	132.8
5.229677	0.4	12.	-122.61	-124.24	137.398026
5.057563	0.4	12.	-130.938895	-142.18	132.8
4.550848	0.4	12.	-46.466586	-120.	132.8
6.55368	0.4	12.	-46.660694	-71.73	132.8
5.097625	0.4	12.	-32.195802	-80.21	132.86
4.861402	0.4	12.	-24.39	-150.34	136.728441
5.951787	0.4	12.	-23.74	-125.232545	134.34
5.190121	0.4	12.	-94.008338	-136.64	135.19
4.535152	0.4	12.	-87.612476	-71.73	135.42
5.232913	0.4	12.	-137.639385	-112.5	136.72
5.129315	0.4	12.	-142.19	-125.55	136.584496
5.406693	0.4	12.	-151.66	-120.33	135.537269
5.156473	0.4	12.	-100.75	-101.41	140.827986
5.064162	0.4	12.	-97.16	-112.18	138.599677
5.864871	0.4	12.	-45.627739	-109.57	137.01
5.476526	0.4	12.	-61.92	-118.05	136.111769
4.997894	0.4	12.	-67.14	-127.51	136.320973
5.64778	0.4	12.	-61.269364	-136.96	137.01
5.362397	0.4	12.	-65.83	-155.556821	137.01
5.364542	0.4	12.	-75.3	-164.394687	137.12
5.221056	0.4	12.	-75.95	-100.11	138.010518
6.43164	0.4	12.	-76.27	-86.050083	137.35
5.533656	0.4	12.	-7.454109	-114.46	139.62
4.983806	0.4	12.	-23.08	-114.46	144.087272
4.792666	0.4	12.	-34.5	-103.04	138.701084
6.194015	0.4	12.	-40.301799	-91.63	139.79
4.711622	0.4	12.	-51.15	-98.48	137.278942
6.016842	0.4	12.	-50.82	-85.76	136.864158
5.971341	0.4	12.	-76.27	-151.197511	139.91
6.570535	0.4	12.	-88.67	-153.987545	139.91
6.96794	0.4	12.	-60.28	-170.23	143.885921
5.741889	0.4	12.	-55.39	-157.51	143.892316
4.742132	0.4	12.	-54.74	-143.49	142.392946
5.088926	0.4	12.	-120.65	-76.95	144.709245
5.041841	0.4	12.	-105.64	-76.3	142.49468
4.695225	0.4	12.	-90.462469	-125.87	141.84
6.054559	0.4	12.	-80.84	-134.68	142.238471
5.375999	0.4	12.	-46.25	-132.508337	141.84
5.843274	0.4	12.	-18.51	-100.76	143.337019
6.031375	0.4	12.	-86.155983	-45.96	142.07
6.019261	0.4	12.	-83.540541	-117.72	144.11
6.180223	0.4	12.	-70.4	-111.85	141.744408
5.985839	0.4	12.	-58.365533	-91.95	144.11
5.662248	0.4	12.	-86.72	-99.122292	144.17
4.793257	0.4	12.	-85.489285	-83.47	144.17
5.378585	0.4	12.	-133.38	-137.716786	144.63
5.745638	0.4	12.	-149.37	-144.194949	144.63
4.589535	0.4	12.	-43.534447	-146.42	144.91
4.84476	0.4	12.	-22.1	-166.852518	144.91
4.557048	0.4	12.	-22.1	-141.21	147.585013
7.077775	0.4	12.	-21.12	-128.81	150.700218
6.406803	0.4	12.	-34.83	-119.68	146.223171
4.914046	0.4	12.	-49.52	-118.917163	145.42
6.019656	0.4	12.	-66.16	-48.57	143.118175
6.391537	0.4	12.	-71.05	-59.66	148.598426
7.08398	0.4	12.	-68.77	-74.01	151.276793
4.956549	0.4	12.	-80.84	-70.480197	145.88
4.96055	0.4	12.	-90.717825	-64.88	145.88
7.595139	0.4	12.	-111.52	-51.894841	146.16
6.394296	0.4	12.	-113.15	-91.715557	146.16
5.823858	0.4	12.	-115.926552	-105.65	146.16
5.851012	0.4	12.	-104.01	-134.68	140.822044
6.059619	0.4	12.	-111.84	-158.17	141.892577
6.005487	0.4	12.	-55.06	-75.347121	146.16
6.835945	0.4	12.	-58.98	-61.62	142.310125
5.52356	1.	11.	-66.81	-112.579483	-1.42
5.112896	1.	11.	-72.03	-101.41	-4.505582
4.766483	1.	11.	-67.14	-85.498904	-0.51
4.977959	1.	11.	-106.95	-105.	-4.19786
5.196861	1.	11.	-92.928126	-109.57	1.25
4.85651	1.	11.	-43.481855	-126.53	5.17
5.433842	1.	11.	-29.61	-121.297412	6.25
6.17278	1.	11.	-53.43	-152.29	1.207767
5.10279	1.	11.	-65.18	-148.064513	6.65
4.859721	1.	11.	-63.87	-103.37	3.645587
4.939892	1.	11.	-61.92	-120.66	6.412817
4.367368	1.	11.	-69.75	-79.897987	8.58
5.278966	1.	11.	-62.24	-74.01	4.101401
4.925785	1.	11.	-89.728541	-110.22	12.79
5.145892	1.	11.	-53.43	-85.76	13.381552
5.111923	1.	11.	-35.81	-142.085504	13.08
4.980739	1.	11.	-67.759215	-115.44	13.25
4.353633	1.	11.	-105.97	-135.342784	14.78
5.562081	1.	11.	-52.13	-155.657963	18.31
5.918532	1.	11.	-65.51	-103.051575	19.39
4.834572	1.	11.	-59.461711	-120.33	19.44
4.588812	1.	11.	-102.05	-60.594122	23.48
4.353759	1.	11.	-111.84	-66.333622	23.99
5.570217	1.	11.	-59.96	-75.97	27.356983
5.068235	1.	11.	-53.96159	-85.43	24.67
4.509068	1.	11.	-50.015888	-76.3	24.73
5.8207	1.	11.	-84.436964	-105.98	25.64
4.932767	1.	11.	-36.79	-137.720886	25.92
5.797569	1.	11.	-107.6	-141.21	24.653162
5.118369	1.	11.	-118.37	-137.62	28.758531
5.974639	1.	11.	-77.91	-141.89744	28.99
5.220633	1.	11.	-50.17	-149.69	27.525912
4.4726	1.	11.	-59.96	-113.396029	30.41
5.874823	1.	11.	-105.97	-72.204859	30.41
5.223624	1.	11.	-52.420225	-158.17	35.36
4.555522	1.	11.	-42.34	-146.903846	35.76
5.402187	1.	11.	-63.094051	-152.95	35.76
6.060872	1.	11.	-99.44	-131.318845	35.76
5.108087	1.	11.	-107.28	-120.054562	35.76
4.357842	1.	11.	-99.44	-114.46	38.302337
5.941963	1.	11.	-50.49	-79.23	36.392686
4.837062	1.	11.	-59.44889	-70.1	36.73
5.219621	1.	11.	-90.63	-86.08	41.449478
5.878222	1.	11.	-69.09	-84.45	37.480901
5.088022	1.	11.	-32.22	-114.894811	36.84
4.894127	1.	11.	-81.061179	-78.58	37.41
4.481061	1.	11.	-100.815351	-59.66	37.41
4.963494	1.	11.	-129.79	-161.43	39.139023
6.213275	1.	11.	-149.05	-135.447921	40.65
4.564938	1.	11.	-154.27	-123.860419	40.7
4.544729	1.	11.	-143.17	-121.96	43.347524
4.88284	1.	11.	-131.386374	-119.68	41.27
5.640544	1.	11.	-59.96	-121.323404	41.27
5.288044	1.	11.	-76.93	-150.567417	41.27
4.729	1.	11.	-77.25	-139.57	40.038479
4.827817	1.	11.	-60.28	-105.	37.602394
5.062986	1.	11.	-109.89	-70.287988	43.55
4.352388	1.	11.	-103.36	-79.487723	43.55
4.406166	1.	11.	-73.01	-56.940348	44.4
5.219352	1.	11.	-85.563019	-63.9	44.4
6.074637	1.	11.	-91.61	-52.422493	44.4
4.432139	1.	11.	-103.0995	-141.86	44.46
5.268144	1.	11.	-119.35	-159.47	43.638337
5.339088	1.	11.	-147.74	-161.57266	44.46
5.297197	1.	11.	-148.102716	-150.01	44.46
5.255444	1.	11.	-136.64	-150.166306	44.46
4.482405	1.	11.	-128.16	-90.97	48.188111
5.033256	1.	11.	-134.36	-101.053001	44.91
4.829952	1.	11.	-136.32	-84.637645	44.97
5.275182	1.	11.	-143.82	-70.75	41.281605
4.960783	1.	11.	-62.963993	-79.23	46.22
4.902203	1.	11.	-52.78	-143.49	42.180099
4.815192	1.	11.	-44.62	-151.316901	46.22
4.394157	1.	11.	-54.08	-154.58	49.236962
5.12453	1.	11.	-95.429982	-121.96	47.13
4.850346	1.	11.	-101.956652	-112.83	47.13
4.826291	1.	11.	-71.71	-87.06	49.932325
4.891898	1.	11.	-111.19	-105.071237	48.32
4.936886	1.	11.	-100.42	-100.210135	48.32
4.39323	1.	11.	-81.17	-78.811236	48.32
4.499807	1.	11.	-56.69	-135.33	49.442071
5.801035	1.	11.	-63.22	-146.143646	48.32
4.427899	1.	11.	-64.53	-159.8	52.290386
4.519955	1.	11.	-80.543726	-95.21	48.32
4.783942	1.	11.	-99.459253	-88.37	48.32
4.848524	1.	11.	-134.03	-118.469437	51.45
5.309457	1.	11.	-146.11	-129.14	51.372882
4.680812	1.	11.	-131.68707	-163.71	51.51
4.586502	1.	11.	-83.107304	-141.21	51.51
4.72963	1.	11.	-89.98	-107.94	47.714125
5.128997	1.	11.	-67.46	-119.329829	51.51
4.484026	1.	11.	-65.706947	-131.09	51.51
5.581259	1.	11.	-57.02	-116.188141	51.51
4.823528	1.	11.	-149.05	-139.652399	51.51
5.044789	1.	11.	-121.889594	-75.32	51.56
4.679778	1.	11.	-143.5	-75.711519	55.94
4.377225	1.	11.	-107.93	-147.042782	55.94
4.660155	1.	11.	-104.01	-139.25	58.359244
5.297686	1.	11.	-98.79	-130.263314	55.94
5.581208	1.	11.	-145.13	-159.94176	55.94
5.0211	1.	11.	-137.594328	-143.49	55.94
4.344935	1.	11.	-114.438124	-164.04	55.94
4.829535	1.	11.	-71.05	-65.143731	56.45
5.374276	1.	11.	-34.83	-124.57	56.11379
4.4202	1.	11.	-131.42	-97.104867	58.04
4.54533	1.	11.	-92.26	-55.419955	58.04
5.602654	1.	11.	-89.65	-45.12907	58.04
5.005808	1.	11.	-40.7	-150.99	61.082255
4.71878	1.	11.	-100.1	-88.660933	58.9
4.635485	1.	11.	-101.73	-102.06	58.886477
5.123984	1.	11.	-112.208537	-101.09	58.95
5.361289	1.	11.	-86.06	-79.463029	58.95
4.383211	1.	11.	-135.99	-69.881587	58.95
5.190922	1.	11.	-58.33	-147.605141	58.95
4.633706	1.	11.	-51.47	-132.061622	58.95
4.676605	1.	11.	-75.3	-92.28	58.164285
4.903528	1.	11.	-96.51	-118.497536	59.01
4.603999	1.	11.	-133.38	-122.61	60.690806
5.4471	1.	11.	-149.37	-137.211828	61.85
4.93379	1.	11.	-62.57	-133.03054	61.85
5.252094	1.	11.	-58.98	-120.987204	61.85
4.90355	1.	11.	-71.449299	-122.94	61.85
5.230717	1.	11.	-23.08	-121.96	58.093662
4.667837	1.	11.	-131.252218	-170.23	63.27
5.418829	1.	11.	-17.814983	-132.07	63.27
5.107247	1.	11.	-19.17	-115.76	67.215296
4.345357	1.	11.	-156.022615	-83.15	63.16
4.347505	1.	11.	-158.51	-103.206242	63.16
4.478397	1.	11.	-50.332349	-155.88	63.22
5.18521	1.	11.	-60.28	-164.685921	63.22
5.204806	1.	11.	-69.75	-156.981538	63.22
5.844394	1.	11.	-96.83	-149.36	64.299585
5.773786	1.	11.	-102.266554	-169.58	64.01
5.73324	1.	11.	-162.480666	-118.37	64.07
5.50103	1.	11.	-143.17	-106.3	63.030652
4.446851	1.	11.	-32.87	-100.43	67.445787
4.574346	1.	11.	-78.88	-110.168593	65.04
4.716878	1.	11.	-80.19	-128.424783	65.04
5.764374	1.	11.	-125.88	-154.25	59.800965
4.471473	1.	11.	-143.17	-83.8	62.605847
4.643213	1.	11.	-151.250926	-98.15	66.06
5.66549	1.	11.	-106.95	-148.38	70.137312
4.6246	1.	11.	-96.221777	-136.31	66.17
5.250199	1.	11.	-135.720618	-148.38	66.23
5.242733	1.	11.	-137.62	-162.143742	66.23
4.694494	1.	11.	-112.5	-165.67	70.401153
5.558224	1.	11.	-120.65	-173.5	71.175745
4.748575	1.	11.	-113.48	-170.89	62.347141
4.510274	1.	11.	-12.738451	-123.59	66.23
4.755153	1.	11.	-67.46	-141.506532	66.23
4.489429	1.	11.	-93.57	-125.794133	66.69
4.659587	1.	11.	-129.296585	-132.72	66.74
4.85786	1.	11.	-144.48	-140.88	71.45753
4.846946	1.	11.	-74.97	-53.146028	66.74
4.901354	1.	11.	-93.24	-94.56	63.226415
6.111639	1.	11.	-30.681174	-137.94	67.37
4.79126	1.	11.	-89.278536	-84.78	67.48
5.176051	1.	11.	-69.42	-80.685156	67.59
4.552438	1.	11.	-87.04	-116.661862	67.82
6.429227	1.	11.	-107.911095	-123.92	67.88
4.841205	1.	11.	-106.95	-136.699248	67.88
4.696068	1.	11.	-114.89842	-156.21	67.88
5.591359	1.	11.	-37.11	-158.82	68.936355
5.25374	1.	11.	-130.12	-94.24	72.921401
5.33904	1.	11.	-141.87	-93.91	64.111036
6.142013	1.	11.	-100.392159	-110.54	68.11
4.745095	1.	11.	-152.442416	-111.2	68.11
4.66031	1.	11.	-55.558098	-112.5	68.79
4.987859	1.	11.	-43.943361	-112.83	68.79
4.82373	1.	11.	-124.504193	-142.84	68.67
4.836918	1.	11.	-119.35	-126.554949	68.67
4.410039	1.	11.	-119.346859	-117.07	68.73
5.859708	1.	11.	-127.875419	-108.91	68.79
4.448981	1.	11.	-144.860991	-120.33	69.02
4.813461	1.	11.	-77.91	-172.19	72.038117
5.772639	1.	11.	-86.39	-162.23182	69.13
4.706984	1.	11.	-86.143269	-143.49	69.13
4.880804	1.	11.	-72.68	-94.24	70.321325
4.488374	1.	11.	-48.21	-90.711374	69.19
4.878905	1.	11.	-36.551247	-74.67	69.36
4.582757	1.	11.	-114.312946	-97.5	69.41
4.432576	1.	11.	-106.766015	-91.3	69.41
4.55318	1.	11.	-135.01	-73.298995	69.41
4.675282	1.	11.	-50.49	-129.46	68.999051
5.434232	1.	11.	-58.65	-177.74	64.28395
4.400565	1.	11.	-69.75	-167.744589	69.64
4.4929	1.	11.	-96.992345	-196.65	70.04
4.352717	1.	11.	-81.5	-181.32	73.689608
5.224835	1.	11.	-94.939446	-178.06	70.04
6.556086	1.	11.	-152.292202	-74.67	70.49
4.941017	1.	11.	-46.003528	-143.49	70.49
4.506744	1.	11.	-62.045816	-151.97	70.49
4.817912	1.	11.	-55.761108	-140.88	70.49
5.620015	1.	11.	-48.21	-170.04363	70.61
5.322569	1.	11.	-55.06	-72.06	68.419302
5.596199	1.	11.	-61.603445	-126.53	72.43
5.086597	1.	11.	-133.06	-125.379607	72.54
5.68399	1.	11.	-156.88	-135.136624	72.54
5.40229	1.	11.	-74.857959	-135.33	73.
4.942132	1.	11.	-65.18	-88.04	73.341897
4.66625	1.	11.	-49.84	-158.902202	73.56
4.852579	1.	11.	-137.62	-105.65	72.410438
5.84672	1.	11.	-98.46	-161.830514	74.25
4.925922	1.	11.	-103.36	-81.52	71.946804
4.786661	1.	11.	-103.330409	-70.75	74.08
5.019467	1.	11.	-20.040135	-130.77	74.19
4.554566	1.	11.	-12.460042	-141.21	74.19
5.960152	1.	11.	-135.01	-175.336112	74.81
4.893558	1.	11.	-142.52	-167.3	76.940226
5.008006	1.	11.	-83.13	-90.32	76.896782
5.191126	1.	11.	-121.31	-87.06	76.671067
4.61891	1.	11.	-23.41	-121.63	75.791298
4.473127	1.	11.	-96.51	-149.915009	75.38
4.942478	1.	11.	-120.65	-149.978034	75.44
4.699004	1.	11.	-128.81	-163.71	72.36407
4.57672	1.	11.	-72.614739	-159.14	75.61
5.351295	1.	11.	-37.44	-95.100108	75.61
4.85687	1.	11.	-55.578692	-98.8	75.61
4.813758	1.	11.	-81.789862	-109.24	75.61
5.433584	1.	11.	-74.64	-122.61	75.812436
4.649057	1.	11.	-165.045434	-118.05	75.67
5.261067	1.	11.	-120.98	-70.277922	75.67
4.446116	1.	11.	-112.17	-45.31	79.674956
5.422628	1.	11.	-93.24	-137.634555	78.62
5.017292	1.	11.	-91.94	-96.19	77.741278
5.348691	1.	11.	-123.92	-96.19	81.544844
4.399224	1.	11.	-153.074866	-100.76	78.68
5.12884	1.	11.	-139.91	-88.516674	78.68
4.655176	1.	11.	-143.745594	-99.13	78.74
5.925175	1.	11.	-130.12	-143.251911	78.74
4.930755	1.	11.	-116.74	-181.239346	78.79
4.955574	1.	11.	-109.23	-174.17602	78.79
4.518986	1.	11.	-29.94	-130.77	79.982994
4.589307	1.	11.	-28.96	-107.61	81.280554
4.999416	1.	11.	-12.31	-128.48	81.096066
5.155175	1.	11.	-63.059546	-78.91	78.79
5.363918	1.	11.	-72.789407	-57.05	78.79
4.535841	1.	11.	-77.58	-67.82	77.687034
5.076386	1.	11.	-114.977218	-131.75	78.74
4.420564	1.	11.	-135.506918	-153.93	78.74
5.166708	1.	11.	-141.21	-136.96	83.206412
4.722041	1.	11.	-143.254501	-148.71	78.79
5.110945	1.	11.	-110.060809	-114.46	78.79
5.214692	1.	11.	-100.1	-102.72	77.574597
4.791549	1.	11.	-69.75	-168.28	80.664959
4.787439	1.	11.	-57.67	-160.082965	80.22
5.361097	1.	11.	-89.65	-204.16	78.188439
4.876594	1.	11.	-89.65	-181.709019	80.73
4.950909	1.	11.	-77.91	-204.413822	80.9
5.447252	1.	11.	-78.23	-191.11	83.923602
5.229172	1.	11.	-64.2	-178.06	84.748177
4.832777	1.	11.	-62.89	-150.218852	81.24
4.993598	1.	11.	-64.53	-64.463315	81.24
4.751832	1.	11.	-39.694435	-126.2	81.24
4.369622	1.	11.	-35.81	-150.99	80.716218
5.740419	1.	11.	-43.32	-166.050594	81.24
4.805723	1.	11.	-36.321899	-138.27	81.24
4.368197	1.	11.	-59.96	-106.63	78.409825
4.353318	1.	11.	-68.44	-114.79	77.636426
4.755747	1.	11.	-110.21	-101.646351	81.24
4.69043	1.	11.	-104.01	-91.95	80.756266
4.425706	1.	11.	-131.75	-77.6	79.642048
4.765224	1.	11.	-146.11	-76.481442	81.52
5.332602	1.	11.	-148.07	-124.31035	81.52
5.780418	1.	11.	-106.62	-149.03	85.309615
5.490618	1.	11.	-93.9	-113.81	80.981229
5.001258	1.	11.	-47.719149	-89.34	81.75
5.562563	1.	11.	-96.610885	-74.67	81.75
5.082845	1.	11.	-54.92986	-139.57	81.75
4.557345	1.	11.	-47.88	-121.63	80.796241
4.53369	1.	11.	-81.82	-152.671491	82.15
4.791164	1.	11.	-122.94	-109.233495	82.21
4.608686	1.	11.	-43.64	-104.945934	82.21
4.905083	1.	11.	-128.626215	-55.42	82.72
5.110655	1.	11.	-92.088497	-61.95	82.72
5.703476	1.	11.	-53.1	-70.469344	82.72
5.550458	1.	11.	-136.64	-118.93206	82.72
4.389275	1.	11.	-151.	-135.301277	82.72
5.459545	1.	11.	-152.31	-152.166059	82.77
5.111843	1.	11.	-165.36	-134.042237	82.77
5.839568	1.	11.	-102.205059	-122.94	83.11
5.946567	1.	11.	-49.52	-177.41	81.593087
5.241096	1.	11.	-29.28	-163.06	81.27499
6.135905	1.	11.	-60.28	-119.36409	83.11
5.744023	1.	11.	-62.175049	-131.42	83.34
4.582341	1.	11.	-74.960517	-135.66	83.34
5.89605	1.	11.	-80.52	-173.82	83.842694
4.686157	1.	11.	-96.83	-51.51	85.360688
4.532428	1.	11.	-107.93	-52.650801	84.02
5.577196	1.	11.	-143.775517	-109.89	84.02
5.657523	1.	11.	-133.38	-66.51	81.422607
4.652114	1.	11.	-9.7	-141.86	84.341986
4.644813	1.	11.	-22.1	-128.017096	84.48
5.178431	1.	11.	-48.54	-151.028953	84.48
5.149957	1.	11.	-94.87	-172.933194	84.48
4.443084	1.	11.	-132.353327	-174.8	84.99
4.75284	1.	11.	-101.73	-63.811939	84.99
4.362782	1.	11.	-106.3	-138.54933	84.99
5.535362	1.	11.	-124.9	-131.893576	84.99
4.957449	1.	11.	-92.59	-153.783858	84.99
4.773901	1.	11.	-102.71	-164.69	87.009214
4.998225	1.	11.	-119.780928	-162.41	84.99
5.682638	1.	11.	-69.42	-90.743568	84.99
4.748151	1.	11.	-86.834233	-79.23	84.99
5.455411	1.	11.	-120.33	-67.322999	88.86
4.922948	1.	11.	-151.98	-80.167097	92.84
4.634684	1.	11.	-155.541064	-98.15	93.01
5.442188	1.	11.	-161.12	-87.685505	93.23
4.880298	1.	11.	-75.97317	-63.9	93.46
4.549832	1.	11.	-64.2	-68.913023	93.75
5.34527	1.	11.	-15.58	-118.37	92.140464
4.9817	1.	11.	-13.579051	-130.44	94.14
4.344354	1.	11.	-135.160268	-89.67	94.37
5.081135	1.	11.	-128.86879	-98.48	94.37
5.168611	1.	11.	-142.84	-104.996953	94.54
4.501584	1.	11.	-151.98	-114.387785	94.6
4.543319	1.	11.	-157.86	-128.16	90.865293
4.750488	1.	11.	-165.69	-132.54185	94.88
5.605641	1.	11.	-165.04	-113.48	90.520978
4.719445	1.	11.	-129.318922	-72.71	95.17
4.93775	1.	11.	-130.445673	-61.29	95.17
4.497517	1.	11.	-100.75	-63.58	96.534842
5.245537	1.	11.	-78.88	-204.413492	91.93
4.998104	1.	11.	-78.56	-192.41	96.403522
4.579511	1.	11.	-94.87	-181.	97.252744
4.418904	1.	11.	-123.437044	-183.28	94.83
5.842026	1.	11.	-66.325487	-181.65	98.75
4.969913	1.	11.	-40.7	-160.119125	92.72
4.493656	1.	11.	-30.26	-142.71569	96.19
5.287683	1.	11.	-8.4	-140.199191	98.24
4.562794	1.	11.	-83.13	-54.569043	98.69
5.155161	1.	11.	-104.01	-53.220207	98.86
4.819296	1.	11.	-124.57	-54.030596	99.49
4.414315	1.	11.	-118.899212	-73.36	99.49
5.497672	1.	11.	-87.937877	-65.21	100.28
5.389497	1.	11.	-75.62	-174.866922	100.51
4.784418	1.	11.	-65.18	-165.070223	100.91
4.536775	1.	11.	-39.995309	-150.01	101.25
5.004584	1.	11.	-159.402071	-100.43	103.58
4.664642	1.	11.	-149.7	-93.26	101.664603
4.751367	1.	11.	-149.37	-78.436033	103.58
5.473865	1.	11.	-103.579647	-181.98	103.58
4.425986	1.	11.	-81.5	-197.96	104.553561
4.552689	1.	11.	-55.096377	-174.47	103.47
5.200905	1.	11.	-43.589374	-166.97	103.81
5.714441	1.	11.	-132.73	-70.43	110.467102
5.472932	1.	11.	-103.03	-67.696706	107.16
4.575127	1.	11.	-73.34	-64.281155	107.16
5.433182	1.	11.	-114.45	-124.045429	107.22
4.703522	1.	11.	-106.62	-131.75	111.863794
5.111264	1.	11.	-136.97	-94.56	111.664671
4.923311	1.	11.	-158.51	-114.560127	108.07
5.823131	1.	11.	-137.3	-104.67	104.041825
6.532528	1.	11.	-135.01	-136.399169	108.7
4.347849	1.	11.	-124.57	-149.148873	108.7
5.055228	1.	11.	-120.65	-139.770622	108.7
5.526773	1.	11.	-23.08	-118.37	109.19585
5.172687	1.	11.	-36.14	-137.544125	108.7
5.529895	1.	11.	-65.796268	-70.75	109.83
4.359659	1.	11.	-43.97	-158.49	111.711875
4.423649	1.	11.	-103.36	-53.409762	110.4
4.765174	1.	11.	-73.66	-182.63	112.931436
4.489987	1.	11.	-42.124787	-149.36	113.76
4.79999	1.	11.	-119.02	-97.82	114.786707
5.580332	1.	11.	-119.35	-112.068711	114.84
5.181136	1.	11.	-97.16	-181.563799	114.84
5.075116	1.	11.	-85.74	-180.775561	114.84
4.982945	1.	11.	-88.35	-201.403298	114.84
5.734167	1.	11.	-134.03	-102.766011	120.35
4.758375	1.	11.	-135.34	-135.190665	120.64
4.410049	1.	11.	-39.73	-135.776033	120.81
5.42513	1.	11.	-25.69	-125.378791	120.81
4.640489	1.	11.	-25.37	-113.48	122.116784
5.055375	1.	11.	-69.42	-64.403911	121.43
4.913941	1.	11.	-124.24	-134.549544	122.57
5.305525	1.	11.	-127.199662	-148.38	122.57
5.199969	1.	11.	-105.97	-132.15818	122.57
5.382182	1.	11.	-121.96	-123.92	123.428886
4.7047	1.	11.	-130.77	-121.31	118.913157
5.194055	1.	11.	-154.27	-100.11	112.411486
5.45952	1.	11.	-143.911966	-97.17	120.75
4.388449	1.	11.	-132.73	-91.95	121.565005
4.580523	1.	11.	-133.71	-75.075158	120.75
4.666959	1.	11.	-93.24	-75.97	120.739139
5.338148	1.	11.	-142.84	-143.659706	121.94
4.852013	1.	11.	-158.51	-109.24	119.868694
4.908895	1.	11.	-29.61	-151.64	123.67157
4.405189	1.	11.	-40.38	-155.703256	124.67
6.004453	1.	11.	-123.218428	-97.5	125.13
5.300353	1.	11.	-120.65	-111.2	130.196113
4.477838	1.	11.	-129.980264	-111.52	125.35
4.410493	1.	11.	-153.920742	-88.69	125.52
5.036335	1.	11.	-159.49	-97.17	128.556242
4.834753	1.	11.	-95.806814	-75.97	131.04
4.703461	1.	11.	-71.05	-59.99	133.630506
5.791674	1.	11.	-122.860578	-150.66	133.14
5.15408	1.	11.	-121.946424	-134.36	133.31
4.675078	1.	11.	-112.064871	-130.77	134.39
4.958074	1.	11.	-132.4	-126.53	132.012338
5.100043	1.	11.	-40.05	-158.49	133.902908
5.571638	1.	11.	-157.86	-110.22	138.297592
6.470289	1.	11.	-135.01	-101.092353	136.1
5.839799	1.	11.	-145.46106	-90.	136.1
5.132894	1.	11.	-121.63	-95.049611	136.21
6.100896	1.	11.	-134.03	-73.69	140.108988
4.593492	1.	11.	-33.85	-136.075553	136.33
4.373475	1.	11.	-126.364726	-111.52	141.39
5.289065	1.	11.	-93.924959	-74.67	143.49
4.815507	1.	11.	-123.27	-136.122778	143.6
5.828864	1.	11.	-122.29	-152.95	150.285454
4.699664	1.	11.	-135.21228	-119.35	147.01
4.335024	1.	11.	-147.74	-118.640773	147.01
4.573076	1.	11.	-34.83	-152.187992	146.62
4.489986	1.	11.	-39.73	-161.095987	146.62
4.728573	1.	11.	-121.63	-139.57	154.348588
5.4022	1.	11.	-129.79	-122.29	163.410245
4.704678	1.	11.	-156.260127	-121.31	159.98