5.626151	0.400000	12.000000	237.813382	-222.780000	0.000000	
6.064363	0.400000	12.000000	227.815615	-182.980000	-111.000000	
5.441520	0.400000	12.000000	237.570000	-195.050000	-115.859961	
6.196017	0.400000	12.000000	233.370009	-242.350000	-111.000000	
7.068757	0.400000	12.000000	212.391096	-237.130000	-111.000000	
5.791754	0.400000	12.000000	187.960000	-196.360000	-111.893385	
5.582602	0.400000	12.000000	280.640000	-224.080000	-109.476575	
4.616512	0.400000	12.000000	190.900000	-206.678439	-110.000000	
7.056295	0.400000	12.000000	207.870000	-174.180000	-115.904965	
7.156426	0.400000	12.000000	246.700000	-207.770000	-114.655521	
4.882045	0.400000	12.000000	244.441860	-218.210000	-108.000000	
6.130572	0.400000	12.000000	243.811975	-187.220000	-108.000000	
4.933018	0.400000	12.000000	263.670000	-198.640000	-109.595283	
5.208385	0.400000	12.000000	203.386851	-227.670000	-107.000000	
5.078395	0.400000	12.000000	197.413041	-184.610000	-106.000000	
6.127537	0.400000	12.000000	270.530000	-238.110000	-109.143757	
5.887664	0.400000	12.000000	282.930000	-209.080000	-111.333094	
6.663734	0.400000	12.000000	179.967322	-217.230000	-105.000000	
5.006119	0.400000	12.000000	197.438975	-238.760000	-104.000000	
4.631331	0.400000	12.000000	229.022376	-254.410000	-104.000000	
4.896520	0.400000	12.000000	238.059006	-202.880000	-102.000000	
5.534800	0.400000	12.000000	227.506614	-207.770000	-101.000000	
4.530607	0.400000	12.000000	216.350000	-229.620000	-101.983694	
4.747478	0.400000	12.000000	213.090000	-243.402067	-100.000000	
4.625784	0.400000	12.000000	235.228845	-238.760000	-100.000000	
5.413295	0.400000	12.000000	223.178183	-182.330000	-100.000000	
5.881086	0.400000	12.000000	234.960000	-178.740000	-101.436151	
4.483092	0.400000	12.000000	247.360000	-199.290000	-96.233707	
4.643531	0.400000	12.000000	282.600000	-214.387535	-99.000000	
4.949555	0.400000	12.000000	281.620000	-229.084320	-99.000000	
5.963085	0.400000	12.000000	211.866642	-175.480000	-99.000000	
4.530675	0.400000	12.000000	187.960000	-199.123592	-99.000000	
4.568002	0.400000	12.000000	235.280000	-190.480000	-97.767607	
4.701607	0.400000	12.000000	273.460000	-209.080000	-101.604439	
5.493288	0.400000	12.000000	226.575841	-231.580000	-97.000000	
4.569380	0.400000	12.000000	240.830000	-215.269582	-97.000000	
4.824579	0.400000	12.000000	249.725643	-179.070000	-97.000000	
4.541138	0.400000	12.000000	264.320000	-206.269176	-97.000000	
6.107493	0.400000	12.000000	196.780000	-208.750000	-98.848934	
4.874928	0.400000	12.000000	205.687340	-232.890000	-96.000000	
4.722866	0.400000	12.000000	186.330000	-231.245626	-96.000000	
4.753979	0.400000	12.000000	243.749306	-186.570000	-96.000000	
4.770793	0.400000	12.000000	278.424876	-201.900000	-96.000000	
6.879531	0.400000	12.000000	266.610000	-252.487754	-96.000000	
6.417197	0.400000	12.000000	247.030000	-243.501078	-96.000000	
6.080761	0.400000	12.000000	249.970000	-263.596355	-96.000000	
5.257722	0.400000	12.000000	189.600000	-189.510000	-96.629436	
5.265074	0.400000	12.000000	198.410000	-196.289202	-95.000000	
5.109585	0.400000	12.000000	202.000000	-182.922834	-95.000000	
5.093796	0.400000	12.000000	263.020000	-196.360000	-98.846235	
4.961126	0.400000	12.000000	225.528229	-173.850000	-94.000000	
5.974976	0.400000	12.000000	253.537793	-167.980000	-94.000000	
5.543923	0.400000	12.000000	270.850000	-232.230000	-96.512295	
6.676850	0.400000	12.000000	288.470000	-186.005200	-93.000000	
5.217745	0.400000	12.000000	228.430000	-249.295783	-93.000000	
4.556014	0.400000	12.000000	221.250000	-239.948663	-93.000000	
4.487165	0.400000	12.000000	195.684835	-236.800000	-92.000000	
5.047530	0.400000	12.000000	235.296457	-199.940000	-91.000000	
5.727284	0.400000	12.000000	192.530000	-180.832116	-90.000000	
5.226813	0.400000	12.000000	179.810000	-184.184270	-90.000000	
4.632457	0.400000	12.000000	286.244364	-209.400000	-89.000000	
4.984547	0.400000	12.000000	213.740000	-232.357159	-89.000000	
4.755158	0.400000	12.000000	234.630000	-241.370000	-90.418687	
4.732926	0.400000	12.000000	231.040000	-183.746866	-89.000000	
4.838181	0.400000	12.000000	205.949255	-174.830000	-88.000000	
5.466120	0.400000	12.000000	181.040494	-198.640000	-87.000000	
5.769899	0.400000	12.000000	280.276348	-221.140000	-87.000000	
5.111965	0.400000	12.000000	272.810000	-209.730000	-90.558741	
4.694348	0.400000	12.000000	193.190000	-209.462590	-86.000000	
5.717110	0.400000	12.000000	238.220000	-174.725236	-86.000000	
4.868918	0.400000	12.000000	280.640000	-200.540378	-85.000000	
5.932905	0.400000	12.000000	204.280000	-224.850864	-85.000000	
4.775789	0.400000	12.000000	184.700000	-232.598442	-85.000000	
4.619481	0.400000	12.000000	242.460000	-188.400252	-85.000000	
5.874342	0.400000	12.000000	267.260000	-245.610000	-85.126118	
6.530613	0.400000	12.000000	266.280000	-206.140000	-79.127169	
5.850016	0.400000	12.000000	182.740000	-215.541774	-84.000000	
6.538360	0.400000	12.000000	193.190000	-193.471860	-84.000000	
4.656388	0.400000	12.000000	226.124452	-227.670000	-84.000000	
4.804438	0.400000	12.000000	256.820000	-247.925862	-84.000000	
5.261229	0.400000	12.000000	246.050000	-248.110535	-83.000000	
5.779827	0.400000	12.000000	226.454329	-172.870000	-83.000000	
5.062925	0.400000	12.000000	192.860000	-220.920183	-83.000000	
4.820242	0.400000	12.000000	201.340000	-184.320085	-83.000000	
4.656579	0.400000	12.000000	233.302574	-191.140000	-82.000000	
7.129266	0.400000	12.000000	293.606481	-194.070000	-82.000000	
4.938040	0.400000	12.000000	221.326959	-242.670000	-82.000000	
4.837453	0.400000	12.000000	230.642036	-249.850000	-82.000000	
4.555816	0.400000	12.000000	197.430000	-237.130000	-80.526271	
4.545047	0.400000	12.000000	188.876186	-241.040000	-81.000000	
7.481593	0.400000	12.000000	217.749382	-257.020000	-81.000000	
5.133031	0.400000	12.000000	210.150000	-243.320000	-84.490269	
5.785632	0.400000	12.000000	234.648894	-202.550000	-80.000000	
6.620313	0.400000	12.000000	232.670000	-261.920000	-86.255616	
6.713909	0.400000	12.000000	247.680000	-269.263784	-80.000000	
4.563746	0.400000	12.000000	192.904053	-182.980000	-79.000000	
5.668558	0.400000	12.000000	182.740000	-185.590000	-77.812564	
6.917918	0.400000	12.000000	283.580000	-176.014011	-79.000000	
4.965837	0.400000	12.000000	238.220000	-244.950000	-75.964167	
5.039580	0.400000	12.000000	281.950000	-212.021709	-78.000000	
4.720602	0.400000	12.000000	234.208348	-143.520000	-78.000000	
4.572482	0.400000	12.000000	287.170000	-230.280000	-75.992466	
5.118262	0.400000	12.000000	230.159955	-238.110000	-76.000000	
4.884686	0.400000	12.000000	281.312371	-222.780000	-76.000000	
5.077201	0.400000	12.000000	183.070000	-199.940000	-74.908962	
5.136094	0.400000	12.000000	291.740000	-184.610000	-73.677967	
4.619336	0.400000	12.000000	188.810771	-209.400000	-75.000000	
4.590875	0.400000	12.000000	257.470000	-257.020000	-75.333644	
4.670254	0.400000	12.000000	240.830000	-181.665183	-75.000000	
4.921806	0.400000	12.000000	195.600759	-201.250000	-75.000000	
4.580953	0.400000	12.000000	207.540000	-231.834355	-74.000000	
5.006632	0.400000	12.000000	244.090000	-193.055161	-74.000000	
5.702036	0.400000	12.000000	180.553263	-231.260000	-74.000000	
4.996617	0.400000	12.000000	194.820000	-230.155687	-74.000000	
5.140396	0.400000	12.000000	283.580000	-200.127507	-74.000000	
6.104879	0.400000	12.000000	298.381747	-223.750000	-74.000000	
4.704737	0.400000	12.000000	264.647649	-249.850000	-73.000000	
6.481308	0.400000	12.000000	286.520000	-246.095971	-73.000000	
4.853575	0.400000	12.000000	176.573721	-215.270000	-73.000000	
4.923565	0.400000	12.000000	189.920000	-191.031153	-72.000000	
5.431949	0.400000	12.000000	233.650000	-193.957297	-71.000000	
4.647436	0.400000	12.000000	258.780000	-173.850000	-69.230704	
5.889347	0.400000	12.000000	240.180000	-257.350000	-72.823892	
6.105920	0.400000	12.000000	205.737041	-242.670000	-70.000000	
7.323330	0.400000	12.000000	226.140000	-265.337205	-69.000000	
5.929045	0.400000	12.000000	255.927062	-148.730000	-69.000000	
6.556875	0.400000	12.000000	173.917989	-187.870000	-68.000000	
4.636611	0.400000	12.000000	283.580000	-170.111881	-68.000000	
5.457224	0.400000	12.000000	190.900000	-181.680000	-67.277625	
5.112907	0.400000	12.000000	201.340000	-180.700000	-68.684224	
5.464518	0.400000	12.000000	230.390000	-141.994606	-67.000000	
4.776077	0.400000	12.000000	280.181676	-209.080000	-67.000000	
4.566100	0.400000	12.000000	288.800000	-213.640000	-71.084467	
5.156372	0.400000	12.000000	293.040000	-194.967818	-67.000000	
5.974185	0.400000	12.000000	196.450000	-210.666432	-67.000000	
4.735547	0.400000	12.000000	189.270000	-222.120000	-62.591780	
5.781563	0.400000	12.000000	297.763539	-237.130000	-66.000000	
6.486819	0.400000	12.000000	209.500000	-261.385810	-66.000000	
5.365051	0.400000	12.000000	178.500000	-222.120000	-62.618352	
4.880911	0.400000	12.000000	279.010000	-182.071149	-65.000000	
5.761459	0.400000	12.000000	266.372973	-163.090000	-65.000000	
5.448851	0.400000	12.000000	278.719662	-220.820000	-65.000000	
4.604941	0.400000	12.000000	188.905146	-198.960000	-64.000000	
4.706000	0.400000	12.000000	183.400000	-206.552528	-64.000000	
5.540669	0.400000	12.000000	253.880000	-260.632607	-64.000000	
5.701704	0.400000	12.000000	298.790226	-184.940000	-64.000000	
4.511875	0.400000	12.000000	241.160000	-181.030000	-65.737368	
6.491514	0.400000	12.000000	206.240000	-228.063067	-63.000000	
5.856053	0.400000	12.000000	231.894082	-244.300000	-63.000000	
6.582670	0.400000	12.000000	230.390000	-231.580000	-62.738406	
5.202988	0.400000	12.000000	294.020000	-216.094064	-63.000000	
4.650557	0.400000	12.000000	259.760000	-248.870000	-63.640190	
5.273533	0.400000	12.000000	283.187546	-236.800000	-62.000000	
4.612375	0.400000	12.000000	294.015488	-227.670000	-62.000000	
4.861475	0.400000	12.000000	283.799933	-190.160000	-62.000000	
4.884701	0.400000	12.000000	240.500000	-191.140000	-59.699940	
5.469598	0.400000	12.000000	195.045565	-190.160000	-60.000000	
5.023711	0.400000	12.000000	225.820000	-131.970239	-60.000000	
5.334603	0.400000	12.000000	220.920000	-143.113984	-60.000000	
5.373764	0.400000	12.000000	239.275338	-260.940000	-59.000000	
5.006726	0.400000	12.000000	209.500000	-239.876579	-59.000000	
5.031581	0.400000	12.000000	262.690000	-172.245154	-58.000000	
4.576404	0.400000	12.000000	263.338349	-145.470000	-58.000000	
5.977300	0.400000	12.000000	259.760000	-156.155724	-58.000000	
5.297938	0.400000	12.000000	282.744098	-249.200000	-58.000000	
5.063628	0.400000	12.000000	178.830000	-198.640000	-60.047392	
4.954006	0.400000	12.000000	238.576052	-146.780000	-57.000000	
5.003022	0.400000	12.000000	228.646195	-150.040000	-57.000000	
4.654447	0.400000	12.000000	286.190000	-177.096873	-57.000000	
4.640866	0.400000	12.000000	273.290828	-257.020000	-57.000000	
4.862720	0.400000	12.000000	246.380000	-166.035222	-57.000000	
4.774828	0.400000	12.000000	271.500000	-154.280000	-61.696205	
5.710317	0.400000	12.000000	198.120427	-206.470000	-56.000000	
4.736006	0.400000	12.000000	183.720000	-229.677365	-56.000000	
4.603761	0.400000	12.000000	295.487699	-204.180000	-56.000000	
5.773012	0.400000	12.000000	295.000000	-193.141734	-56.000000	
5.039185	0.400000	12.000000	192.530000	-217.230000	-52.067377	
5.534082	0.400000	12.000000	279.251320	-211.690000	-56.000000	
4.737448	0.400000	12.000000	234.300000	-135.697460	-56.000000	
5.944404	0.400000	12.000000	208.520000	-251.706406	-55.000000	
5.067659	0.400000	12.000000	298.260000	-238.870501	-55.000000	
5.737577	0.400000	12.000000	297.610000	-178.072655	-54.000000	
6.208838	0.400000	12.000000	279.010000	-227.160489	-54.000000	
4.546838	0.400000	12.000000	279.010000	-164.060000	-52.378917	
4.985158	0.400000	12.000000	252.976254	-142.210000	-54.000000	
5.103913	0.400000	12.000000	181.110000	-213.754896	-53.000000	
4.480733	0.400000	12.000000	252.001066	-256.040000	-53.000000	
5.042661	0.400000	12.000000	274.377232	-146.120000	-53.000000	
4.688042	0.400000	12.000000	196.120000	-181.350000	-52.681714	
5.057503	0.400000	12.000000	203.300000	-235.136108	-52.000000	
7.379170	0.400000	12.000000	298.590000	-221.439069	-52.000000	
5.216497	0.400000	12.000000	269.550000	-159.386708	-52.000000	
5.006708	0.400000	12.000000	200.064782	-195.050000	-52.000000	
5.816913	0.400000	12.000000	189.270000	-200.185870	-52.000000	
4.638557	0.400000	12.000000	284.927033	-238.760000	-51.000000	
4.765635	0.400000	12.000000	260.749843	-253.440000	-51.000000	
4.793066	0.400000	12.000000	259.430000	-163.740000	-46.706018	
5.807424	0.400000	12.000000	187.310000	-187.211222	-49.000000	
5.969239	0.400000	12.000000	222.560000	-139.387028	-49.000000	
4.627521	0.400000	12.000000	247.213339	-263.220000	-49.000000	
4.742572	0.400000	12.000000	233.980000	-239.886564	-49.000000	
4.751900	0.400000	12.000000	213.740000	-230.450850	-49.000000	
6.196863	0.400000	12.000000	238.870000	-197.275986	-49.000000	
5.469405	0.400000	12.000000	203.950000	-171.240000	-48.663762	
6.027361	0.400000	12.000000	234.038179	-261.590000	-48.000000	
4.733240	0.400000	12.000000	178.830000	-194.650319	-47.000000	
6.333587	0.400000	12.000000	263.198873	-149.710000	-47.000000	
4.688075	0.400000	12.000000	229.410000	-130.268319	-47.000000	
5.054385	0.400000	12.000000	278.680000	-250.170000	-42.691465	
6.031378	0.400000	12.000000	305.040027	-198.640000	-47.000000	
4.982622	0.400000	12.000000	230.200874	-148.410000	-46.000000	
4.748882	0.400000	12.000000	285.210000	-180.370000	-47.354368	
6.357954	0.400000	12.000000	288.150000	-164.054503	-46.000000	
4.959905	0.400000	12.000000	269.870000	-258.000000	-47.954159	
4.732378	0.400000	12.000000	286.840000	-229.436352	-46.000000	
4.491584	0.400000	12.000000	196.120000	-208.600060	-45.000000	
5.141330	0.400000	12.000000	187.024225	-227.020000	-45.000000	
5.479923	0.400000	12.000000	295.980000	-209.885554	-45.000000	
4.625273	0.400000	12.000000	294.350000	-188.200000	-44.141936	
5.148050	0.400000	12.000000	274.770000	-176.494979	-45.000000	
4.771666	0.400000	12.000000	281.923460	-206.790000	-45.000000	
5.428376	0.400000	12.000000	238.550000	-139.717392	-45.000000	
4.698346	0.400000	12.000000	204.498383	-255.390000	-44.000000	
4.951669	0.400000	12.000000	273.328942	-228.320000	-44.000000	
6.027354	0.400000	12.000000	303.412837	-179.070000	-43.000000	
5.227685	0.400000	12.000000	292.060000	-198.258401	-43.000000	
6.041581	0.400000	12.000000	281.879945	-219.190000	-43.000000	
6.540647	0.400000	12.000000	253.230000	-137.386173	-43.000000	
6.134836	0.400000	12.000000	183.400000	-210.406182	-42.000000	
4.644497	0.400000	12.000000	254.210000	-262.789979	-42.000000	
5.500949	0.400000	12.000000	299.240000	-219.840000	-39.186684	
4.930503	0.400000	12.000000	196.169450	-195.380000	-41.000000	
4.883681	0.400000	12.000000	251.514068	-252.780000	-41.000000	
4.865107	0.400000	12.000000	194.498068	-182.980000	-41.000000	
4.516534	0.400000	12.000000	269.306068	-246.590000	-41.000000	
5.130017	0.400000	12.000000	267.239387	-158.850000	-40.000000	
5.897396	0.400000	12.000000	285.860000	-241.945485	-40.000000	
5.272344	0.400000	12.000000	261.390000	-256.019189	-40.000000	
6.197432	0.400000	12.000000	275.418566	-166.670000	-39.000000	
5.473182	0.400000	12.000000	204.280000	-201.719233	-39.000000	
5.167158	0.400000	12.000000	218.403181	-223.750000	-39.000000	
6.174878	0.400000	12.000000	199.138313	-160.480000	-39.000000	
4.938978	0.400000	12.000000	291.740000	-178.048413	-39.000000	
5.644090	0.400000	12.000000	266.940000	-218.210000	-41.150335	
5.567934	0.400000	12.000000	244.420000	-152.000000	-43.322505	
5.100309	0.400000	12.000000	241.276312	-241.370000	-38.000000	
5.202597	0.400000	12.000000	244.420000	-259.630000	-37.551438	
5.493661	0.400000	12.000000	226.140000	-139.161017	-38.000000	
5.039227	0.400000	12.000000	232.563774	-265.180000	-37.000000	
5.354758	0.400000	12.000000	222.230000	-153.190971	-37.000000	
4.578397	0.400000	12.000000	188.290000	-190.810000	-37.796773	
4.699544	0.400000	12.000000	203.950000	-173.200000	-36.714504	
4.740572	0.400000	12.000000	260.825563	-238.760000	-36.000000	
5.006469	0.400000	12.000000	257.552534	-150.370000	-36.000000	
4.656814	0.400000	12.000000	283.900000	-229.808484	-35.000000	
4.670056	0.400000	12.000000	253.136989	-159.170000	-35.000000	
5.011074	0.400000	12.000000	232.020000	-149.390000	-30.981911	
5.132985	0.400000	12.000000	276.070000	-245.610000	-30.896120	
4.625721	0.400000	12.000000	281.097845	-176.790000	-34.000000	
6.718218	0.400000	12.000000	288.800000	-210.050000	-34.109895	
4.485523	0.400000	12.000000	299.448885	-205.810000	-34.000000	
4.751928	0.400000	12.000000	213.058305	-235.170000	-34.000000	
5.381641	0.400000	12.000000	182.051738	-227.990000	-34.000000	
6.565818	0.400000	12.000000	305.413375	-190.160000	-34.000000	
4.614912	0.400000	12.000000	247.125197	-146.120000	-34.000000	
5.456413	0.400000	12.000000	237.570000	-140.672068	-34.000000	
5.944245	0.400000	12.000000	249.310000	-217.283649	-34.000000	
4.871816	0.400000	12.000000	253.271329	-190.160000	-34.000000	
4.800473	0.400000	12.000000	231.370000	-216.580000	-34.725834	
4.645581	0.400000	12.000000	189.600000	-203.860000	-36.024462	
5.016305	0.400000	12.000000	274.110000	-223.750000	-32.823041	
5.969296	0.400000	12.000000	291.410000	-188.829823	-33.000000	
4.543153	0.400000	12.000000	283.900000	-220.820000	-31.405132	
4.529155	0.400000	12.000000	269.220000	-174.180000	-29.040230	
5.514450	0.400000	12.000000	181.303550	-216.250000	-31.000000	
4.715424	0.400000	12.000000	179.480000	-202.223361	-31.000000	
5.495940	0.400000	12.000000	218.511811	-246.910000	-31.000000	
6.307804	0.400000	12.000000	252.580000	-267.435999	-31.000000	
5.156577	0.400000	12.000000	262.040000	-224.492854	-31.000000	
5.885431	0.400000	12.000000	294.020000	-198.310000	-26.085340	
5.793646	0.400000	12.000000	300.870000	-227.629647	-30.000000	
4.518668	0.400000	12.000000	267.260000	-253.302577	-30.000000	
5.619830	0.400000	12.000000	230.390000	-249.676683	-30.000000	
5.369800	0.400000	12.000000	199.390000	-185.331371	-30.000000	
5.380255	0.400000	12.000000	196.120000	-175.810000	-24.824974	
5.052182	0.400000	12.000000	224.289398	-164.060000	-30.000000	
5.835630	0.400000	12.000000	215.380000	-168.960000	-35.834247	
5.693919	0.400000	12.000000	264.980000	-159.644678	-29.000000	
5.281235	0.400000	12.000000	298.590000	-215.270000	-28.387478	
4.703101	0.400000	12.000000	286.840000	-240.380657	-29.000000	
4.487973	0.400000	12.000000	258.120000	-253.645123	-29.000000	
5.819672	0.400000	12.000000	294.350000	-177.167818	-28.000000	
5.289459	0.400000	12.000000	206.240000	-200.600000	-28.337169	
4.714956	0.400000	12.000000	216.742250	-225.060000	-28.000000	
7.816523	0.400000	12.000000	194.490000	-217.230000	-33.754113	
4.964326	0.400000	12.000000	195.140000	-207.770000	-25.107389	
6.721266	0.400000	12.000000	246.700000	-257.020000	-24.568880	
5.110045	0.400000	12.000000	238.619249	-241.690000	-27.000000	
4.548515	0.400000	12.000000	259.430000	-215.270000	-27.436621	
4.567642	0.400000	12.000000	235.930000	-213.493504	-27.000000	
4.939134	0.400000	12.000000	196.780000	-196.594732	-27.000000	
5.754027	0.400000	12.000000	221.250000	-144.717790	-26.000000	
4.816773	0.400000	12.000000	263.488046	-238.110000	-25.000000	
4.597309	0.400000	12.000000	273.140000	-234.520000	-24.021644	
5.106890	0.400000	12.000000	248.990000	-165.700000	-28.863952	
5.498531	0.400000	12.000000	207.540000	-169.229768	-25.000000	
5.106404	0.400000	12.000000	285.540000	-230.930000	-24.076967	
4.578937	0.400000	12.000000	251.266293	-190.810000	-23.000000	
5.097906	0.400000	12.000000	224.592780	-216.580000	-23.000000	
5.212976	0.400000	12.000000	231.370000	-152.650000	-20.991109	
5.937021	0.400000	12.000000	241.810000	-156.480164	-23.000000	
4.903423	0.400000	12.000000	250.620000	-148.850935	-23.000000	
6.722791	0.400000	12.000000	281.703774	-212.660000	-22.000000	
7.092453	0.400000	12.000000	210.875153	-235.500000	-22.000000	
4.913664	0.400000	12.000000	255.840000	-180.050000	-17.292476	
5.677217	0.400000	12.000000	232.128048	-233.870000	-22.000000	
4.583371	0.400000	12.000000	277.213127	-224.730000	-22.000000	
7.110090	0.400000	12.000000	197.383729	-162.430000	-21.000000	
4.972927	0.400000	12.000000	252.580000	-235.500000	-23.128602	
5.562301	0.400000	12.000000	213.420000	-179.070000	-20.265823	
4.539041	0.400000	12.000000	241.160000	-144.453536	-20.000000	
6.595299	0.400000	12.000000	275.728063	-172.540000	-20.000000	
4.841725	0.400000	12.000000	255.510000	-225.060000	-19.179876	
5.718050	0.400000	12.000000	269.550000	-215.271343	-20.000000	
4.727675	0.400000	12.000000	265.960000	-227.682194	-20.000000	
4.729731	0.400000	12.000000	232.020000	-223.463764	-20.000000	
6.208625	0.400000	12.000000	258.450000	-246.549157	-19.000000	
7.142811	0.400000	12.000000	222.768520	-244.950000	-19.000000	
5.175186	0.400000	12.000000	216.030000	-165.643683	-19.000000	
4.633427	0.400000	12.000000	224.190000	-160.194095	-19.000000	
5.934109	0.400000	12.000000	244.465167	-219.840000	-18.000000	
6.326162	0.400000	12.000000	203.689882	-199.620000	-17.000000	
7.168722	0.400000	12.000000	271.676814	-244.950000	-17.000000	
7.258139	0.400000	12.000000	233.000000	-198.716746	-17.000000	
4.892746	0.400000	12.000000	259.760000	-217.560000	-11.142591	
4.518968	0.400000	12.000000	245.668731	-241.040000	-16.000000	
5.098708	0.400000	12.000000	235.930000	-242.670000	-15.073433	
4.718277	0.400000	12.000000	219.445120	-226.360000	-16.000000	
4.761820	0.400000	12.000000	294.350000	-184.250890	-16.000000	
5.862185	0.400000	12.000000	235.496252	-212.340000	-15.000000	
5.758860	0.400000	12.000000	249.981497	-190.480000	-12.000000	
5.340939	0.400000	12.000000	232.670000	-229.768266	-11.000000	
5.500434	0.400000	12.000000	232.218871	-151.020000	-10.000000	
6.424058	0.400000	12.000000	253.880000	-233.489059	-9.000000	
7.802182	0.400000	12.000000	243.110000	-141.256217	-8.000000	
6.785214	0.400000	12.000000	215.050000	-172.540000	-8.785213	
7.453524	0.400000	12.000000	206.560000	-197.990000	1.078853	
5.366576	0.400000	12.000000	295.330000	-186.240000	-0.246941	
6.849841	0.400000	12.000000	254.540000	-218.860000	0.707520	
5.864068	0.400000	12.000000	267.910000	-251.150000	0.737410	
6.876391	0.400000	12.000000	252.900000	-190.160000	1.168106	
4.626687	0.400000	12.000000	239.939352	-172.220000	-74.000000	
5.156406	1.000000	11.000000	215.700000	-201.570000	-113.693402	
4.719721	1.000000	11.000000	256.170000	-165.370000	-108.839671	
4.425601	1.000000	11.000000	248.990000	-158.850000	-111.783784	
4.500700	1.000000	11.000000	254.540000	-218.303563	-111.000000	
5.035991	1.000000	11.000000	229.080000	-158.755909	-109.000000	
4.701857	1.000000	11.000000	226.478841	-196.030000	-109.000000	
4.720671	1.000000	11.000000	217.440948	-191.790000	-107.000000	
4.704027	1.000000	11.000000	217.990000	-210.943089	-105.000000	
4.517622	1.000000	11.000000	262.370000	-177.978087	-104.000000	
4.842891	1.000000	11.000000	244.420000	-227.990000	-107.874118	
5.191325	1.000000	11.000000	262.690000	-226.040000	-103.511250	
4.921631	1.000000	11.000000	238.550000	-162.430000	-107.198798	
4.515015	1.000000	11.000000	207.194307	-213.970000	-103.000000	
5.510988	1.000000	11.000000	273.140000	-193.904292	-102.000000	
5.066748	1.000000	11.000000	233.980000	-224.722063	-102.000000	
5.074531	1.000000	11.000000	224.510000	-217.880000	-102.316472	
4.473164	1.000000	11.000000	257.470000	-218.210000	-98.363954	
4.355223	1.000000	11.000000	268.653159	-218.860000	-100.000000	
5.462302	1.000000	11.000000	252.204774	-208.420000	-100.000000	
4.799900	1.000000	11.000000	259.430000	-235.547323	-100.000000	
5.293608	1.000000	11.000000	255.190000	-157.609746	-100.000000	
4.901491	1.000000	11.000000	243.548563	-157.540000	-100.000000	
4.727927	1.000000	11.000000	211.764597	-200.600000	-100.000000	
4.875478	1.000000	11.000000	228.089191	-197.660000	-98.000000	
4.578690	1.000000	11.000000	234.823186	-152.970000	-98.000000	
5.173220	1.000000	11.000000	214.720000	-188.072152	-96.000000	
5.362232	1.000000	11.000000	227.780000	-165.700000	-100.841871	
5.152835	1.000000	11.000000	262.370000	-178.677532	-93.000000	
4.744281	1.000000	11.000000	242.790000	-232.172550	-93.000000	
4.436839	1.000000	11.000000	267.590000	-224.410000	-90.984231	
4.863106	1.000000	11.000000	212.110000	-219.840000	-94.607410	
4.585762	1.000000	11.000000	202.320000	-220.170000	-94.926743	
4.457325	1.000000	11.000000	268.229531	-188.200000	-92.000000	
4.799110	1.000000	11.000000	235.204762	-162.430000	-92.000000	
5.267481	1.000000	11.000000	254.210000	-191.468742	-92.000000	
4.776920	1.000000	11.000000	236.890200	-223.750000	-91.000000	
4.406188	1.000000	11.000000	228.341945	-217.880000	-91.000000	
4.571274	1.000000	11.000000	271.500000	-197.010000	-88.590611	
4.467041	1.000000	11.000000	227.450000	-209.400000	-86.878447	
4.987763	1.000000	11.000000	217.990000	-211.690000	-90.390968	
4.890918	1.000000	11.000000	254.973711	-227.340000	-90.000000	
5.021031	1.000000	11.000000	258.450000	-158.453387	-89.000000	
4.344268	1.000000	11.000000	249.310000	-156.077477	-89.000000	
4.447551	1.000000	11.000000	217.990000	-202.230000	-89.419313	
4.728293	1.000000	11.000000	259.430000	-216.250000	-87.522326	
4.757934	1.000000	11.000000	254.360039	-203.860000	-89.000000	
5.117379	1.000000	11.000000	243.110000	-207.155533	-89.000000	
4.758044	1.000000	11.000000	262.614415	-233.870000	-89.000000	
5.006132	1.000000	11.000000	225.428543	-196.680000	-87.000000	
5.183807	1.000000	11.000000	215.050000	-168.684372	-87.000000	
4.455971	1.000000	11.000000	252.250000	-183.166194	-86.000000	
4.365958	1.000000	11.000000	246.380000	-217.880000	-88.962214	
5.271287	1.000000	11.000000	208.850000	-202.694402	-86.000000	
4.911095	1.000000	11.000000	271.981658	-174.830000	-85.000000	
4.686338	1.000000	11.000000	216.350000	-191.790000	-86.667240	
4.425854	1.000000	11.000000	237.340146	-155.260000	-84.000000	
4.997709	1.000000	11.000000	262.040000	-197.330000	-86.339962	
4.636691	1.000000	11.000000	247.030000	-165.370000	-85.534124	
4.417688	1.000000	11.000000	227.837781	-159.820000	-83.000000	
5.766732	1.000000	11.000000	258.150634	-167.650000	-82.000000	
4.771804	1.000000	11.000000	249.079767	-174.180000	-82.000000	
4.519645	1.000000	11.000000	261.060000	-183.310000	-83.638366	
4.946559	1.000000	11.000000	213.090000	-218.810184	-81.000000	
4.396462	1.000000	11.000000	202.650000	-213.622328	-81.000000	
5.156470	1.000000	11.000000	269.220000	-188.200000	-80.670580	
4.640133	1.000000	11.000000	241.160000	-235.686759	-81.000000	
4.405565	1.000000	11.000000	266.280000	-217.280902	-80.000000	
5.721047	1.000000	11.000000	239.200000	-218.956755	-80.000000	
4.977620	1.000000	11.000000	225.596216	-216.900000	-80.000000	
5.173636	1.000000	11.000000	277.250950	-236.800000	-79.000000	
4.403538	1.000000	11.000000	254.760781	-189.830000	-79.000000	
4.353574	1.000000	11.000000	220.600000	-185.483753	-79.000000	
4.567037	1.000000	11.000000	210.150000	-191.272060	-79.000000	
4.361112	1.000000	11.000000	224.840000	-205.810000	-76.102416	
5.064058	1.000000	11.000000	246.380000	-148.355686	-79.000000	
4.977708	1.000000	11.000000	238.596757	-163.410000	-79.000000	
5.516181	1.000000	11.000000	267.322373	-230.930000	-78.000000	
4.691110	1.000000	11.000000	253.117655	-200.600000	-78.000000	
4.871236	1.000000	11.000000	259.674201	-157.870000	-78.000000	
4.350414	1.000000	11.000000	250.290000	-157.441444	-78.000000	
4.456271	1.000000	11.000000	244.750000	-204.840000	-73.630097	
4.561511	1.000000	11.000000	229.556311	-182.980000	-78.000000	
4.342577	1.000000	11.000000	218.310000	-176.856706	-78.000000	
4.475179	1.000000	11.000000	215.380000	-200.270000	-78.542131	
4.448491	1.000000	11.000000	221.580000	-193.898682	-76.000000	
5.661598	1.000000	11.000000	216.350000	-164.990742	-76.000000	
4.676318	1.000000	11.000000	254.030029	-180.370000	-75.000000	
4.707352	1.000000	11.000000	206.560000	-201.673528	-75.000000	
4.594078	1.000000	11.000000	268.890000	-169.636387	-74.000000	
4.711940	1.000000	11.000000	247.030000	-227.709883	-74.000000	
5.060499	1.000000	11.000000	263.300989	-195.380000	-74.000000	
4.737299	1.000000	11.000000	235.689232	-153.950000	-73.000000	
5.260431	1.000000	11.000000	263.350000	-238.430000	-70.304616	
4.791407	1.000000	11.000000	228.430000	-163.740000	-74.668415	
4.981141	1.000000	11.000000	219.462006	-249.520000	-71.000000	
4.338467	1.000000	11.000000	255.190000	-232.205570	-71.000000	
5.116042	1.000000	11.000000	255.556086	-164.390000	-71.000000	
5.065629	1.000000	11.000000	201.340000	-220.125107	-70.000000	
4.338773	1.000000	11.000000	217.990000	-223.637602	-70.000000	
4.722289	1.000000	11.000000	217.010000	-213.424125	-70.000000	
4.776514	1.000000	11.000000	243.825313	-236.470000	-70.000000	
5.165324	1.000000	11.000000	239.035196	-221.800000	-69.000000	
4.489105	1.000000	11.000000	229.645888	-215.600000	-69.000000	
5.253692	1.000000	11.000000	267.590000	-221.470000	-70.352720	
4.899898	1.000000	11.000000	261.472143	-183.310000	-69.000000	
4.504209	1.000000	11.000000	249.213133	-217.230000	-69.000000	
4.690326	1.000000	11.000000	229.080000	-172.220000	-69.863040	
4.458543	1.000000	11.000000	237.570000	-161.498790	-68.000000	
4.498591	1.000000	11.000000	246.050000	-162.430000	-70.882893	
5.040418	1.000000	11.000000	245.400000	-150.370000	-66.024892	
4.912340	1.000000	11.000000	273.790000	-241.092890	-68.000000	
4.774430	1.000000	11.000000	210.480000	-184.609348	-67.000000	
4.346469	1.000000	11.000000	223.522700	-183.310000	-67.000000	
5.159136	1.000000	11.000000	272.480000	-189.180000	-68.636829	
4.487483	1.000000	11.000000	253.968284	-189.510000	-67.000000	
5.626766	1.000000	11.000000	252.288795	-200.600000	-67.000000	
4.580330	1.000000	11.000000	216.640737	-203.200000	-66.000000	
4.524764	1.000000	11.000000	275.547305	-230.600000	-66.000000	
4.795398	1.000000	11.000000	224.484846	-196.030000	-65.000000	
4.936489	1.000000	11.000000	219.940000	-239.740000	-68.478034	
4.830463	1.000000	11.000000	212.880315	-173.520000	-65.000000	
5.107945	1.000000	11.000000	208.134526	-197.660000	-64.000000	
5.133392	1.000000	11.000000	232.020000	-179.308231	-63.000000	
5.366009	1.000000	11.000000	273.329918	-201.250000	-63.000000	
4.833704	1.000000	11.000000	245.266708	-246.590000	-63.000000	
4.690529	1.000000	11.000000	263.224744	-199.620000	-63.000000	
4.521104	1.000000	11.000000	247.314980	-226.360000	-62.000000	
4.591278	1.000000	11.000000	221.676252	-168.960000	-62.000000	
5.460351	1.000000	11.000000	276.303315	-169.610000	-61.000000	
4.572926	1.000000	11.000000	270.586671	-179.720000	-61.000000	
4.802023	1.000000	11.000000	227.450000	-161.460000	-62.878381	
5.416626	1.000000	11.000000	227.780000	-206.751012	-61.000000	
4.375028	1.000000	11.000000	268.570000	-234.054841	-61.000000	
4.803397	1.000000	11.000000	249.970000	-182.529926	-61.000000	
6.222202	1.000000	11.000000	262.370000	-214.717904	-61.000000	
4.417657	1.000000	11.000000	260.895723	-240.060000	-61.000000	
4.336212	1.000000	11.000000	233.000000	-215.817861	-60.000000	
5.551092	1.000000	11.000000	222.560000	-251.408902	-60.000000	
4.332948	1.000000	11.000000	239.520000	-204.180000	-59.268606	
4.440761	1.000000	11.000000	237.240000	-168.418401	-60.000000	
6.249704	1.000000	11.000000	204.930000	-216.900000	-56.080545	
5.258513	1.000000	11.000000	242.479639	-237.130000	-59.000000	
4.857105	1.000000	11.000000	222.880000	-219.596181	-58.000000	
5.285726	1.000000	11.000000	251.382085	-217.880000	-58.000000	
4.513395	1.000000	11.000000	275.750000	-240.830378	-57.000000	
4.758230	1.000000	11.000000	244.420000	-155.562700	-57.000000	
4.434310	1.000000	11.000000	239.520000	-218.860000	-54.602047	
4.630699	1.000000	11.000000	264.961016	-225.060000	-56.000000	
4.517460	1.000000	11.000000	222.497391	-182.980000	-56.000000	
5.365915	1.000000	11.000000	247.906746	-200.270000	-56.000000	
5.130836	1.000000	11.000000	258.120000	-192.147209	-56.000000	
4.456014	1.000000	11.000000	269.220000	-192.120000	-59.744275	
4.899918	1.000000	11.000000	260.080000	-182.660000	-53.150046	
4.507755	1.000000	11.000000	215.700000	-189.830000	-59.651984	
5.405953	1.000000	11.000000	256.490000	-230.600000	-55.306108	
4.567094	1.000000	11.000000	217.990000	-200.257598	-55.000000	
4.528401	1.000000	11.000000	234.087453	-160.150000	-55.000000	
5.549253	1.000000	11.000000	275.090000	-186.287941	-54.000000	
4.769445	1.000000	11.000000	213.420000	-179.972008	-54.000000	
4.559801	1.000000	11.000000	221.580000	-240.390000	-55.013578	
4.433903	1.000000	11.000000	209.180000	-195.050000	-54.592871	
5.164813	1.000000	11.000000	228.100000	-175.015831	-52.000000	
5.110857	1.000000	11.000000	273.460000	-199.694500	-52.000000	
5.108661	1.000000	11.000000	218.446057	-210.710000	-52.000000	
4.420627	1.000000	11.000000	236.910000	-176.460000	-48.387335	
4.762669	1.000000	11.000000	218.306574	-171.890000	-51.000000	
4.647949	1.000000	11.000000	245.070000	-244.634826	-51.000000	
4.393551	1.000000	11.000000	263.020000	-200.600000	-48.376481	
4.618102	1.000000	11.000000	227.450000	-203.422851	-50.000000	
5.958278	1.000000	11.000000	254.860000	-173.050799	-50.000000	
4.826676	1.000000	11.000000	239.850000	-185.336179	-50.000000	
4.530479	1.000000	11.000000	225.561805	-165.040000	-50.000000	
4.389071	1.000000	11.000000	209.180000	-207.181332	-50.000000	
4.579692	1.000000	11.000000	260.740000	-214.650442	-50.000000	
4.639937	1.000000	11.000000	221.900000	-156.240000	-48.702802	
4.502671	1.000000	11.000000	232.340000	-211.929918	-49.000000	
5.808840	1.000000	11.000000	222.560000	-254.347288	-49.000000	
4.598751	1.000000	11.000000	237.403135	-166.670000	-49.000000	
4.591309	1.000000	11.000000	247.692830	-235.170000	-48.000000	
4.591047	1.000000	11.000000	226.470000	-195.050000	-45.750984	
5.615901	1.000000	11.000000	256.490000	-242.670000	-46.183051	
4.779393	1.000000	11.000000	225.170000	-218.551171	-47.000000	
5.150242	1.000000	11.000000	249.970000	-218.302783	-47.000000	
4.644056	1.000000	11.000000	246.380000	-161.460000	-48.492241	
5.003193	1.000000	11.000000	234.860227	-224.410000	-46.000000	
5.337862	1.000000	11.000000	275.108783	-239.740000	-46.000000	
4.357220	1.000000	11.000000	253.766467	-209.080000	-45.000000	
4.415006	1.000000	11.000000	252.900000	-199.290000	-41.974222	
4.683030	1.000000	11.000000	255.190000	-190.806271	-45.000000	
4.797801	1.000000	11.000000	264.320000	-192.770000	-42.896811	
4.418108	1.000000	11.000000	269.907119	-184.940000	-45.000000	
4.649127	1.000000	11.000000	218.970000	-187.779148	-45.000000	
4.449931	1.000000	11.000000	265.127021	-174.180000	-45.000000	
4.414938	1.000000	11.000000	241.799135	-209.730000	-44.000000	
4.447333	1.000000	11.000000	218.697649	-201.250000	-44.000000	
4.630098	1.000000	11.000000	248.010000	-180.825022	-44.000000	
5.063408	1.000000	11.000000	259.126402	-229.620000	-44.000000	
4.953917	1.000000	11.000000	209.830000	-182.128447	-43.000000	
6.104848	1.000000	11.000000	281.112608	-190.160000	-43.000000	
4.541408	1.000000	11.000000	228.430000	-233.870000	-43.091283	
5.043846	1.000000	11.000000	220.270000	-239.080000	-40.810822	
4.909230	1.000000	11.000000	241.137553	-251.480000	-43.000000	
4.764919	1.000000	11.000000	228.430000	-168.998720	-41.000000	
5.859024	1.000000	11.000000	222.506155	-178.420000	-41.000000	
4.406298	1.000000	11.000000	274.998722	-199.940000	-41.000000	
4.496338	1.000000	11.000000	217.660000	-207.120000	-37.049521	
5.501400	1.000000	11.000000	211.380306	-214.950000	-41.000000	
4.655004	1.000000	11.000000	251.003304	-167.980000	-40.000000	
4.380570	1.000000	11.000000	260.740000	-203.805443	-40.000000	
4.566378	1.000000	11.000000	234.630000	-158.520000	-44.382336	
4.508531	1.000000	11.000000	241.018064	-174.180000	-40.000000	
5.085247	1.000000	11.000000	257.585910	-179.390000	-39.000000	
6.449666	1.000000	11.000000	234.590918	-203.860000	-38.000000	
4.558739	1.000000	11.000000	242.460000	-189.029415	-38.000000	
4.398403	1.000000	11.000000	237.240000	-166.020000	-36.419423	
4.472372	1.000000	11.000000	223.860000	-198.477199	-37.000000	
4.412254	1.000000	11.000000	248.990000	-235.500000	-38.917077	
4.675478	1.000000	11.000000	251.920000	-243.954487	-36.000000	
4.384129	1.000000	11.000000	225.820000	-211.690000	-40.295258	
4.332192	1.000000	11.000000	236.047621	-180.700000	-36.000000	
4.727344	1.000000	11.000000	241.570110	-230.930000	-36.000000	
4.505573	1.000000	11.000000	239.520000	-222.120000	-30.615033	
5.028372	1.000000	11.000000	264.320000	-195.380000	-31.652174	
5.027484	1.000000	11.000000	265.119989	-184.610000	-34.000000	
4.754425	1.000000	11.000000	214.796252	-182.000000	-34.000000	
4.412311	1.000000	11.000000	232.340000	-229.031299	-34.000000	
4.508432	1.000000	11.000000	244.090000	-155.990004	-34.000000	
4.429470	1.000000	11.000000	253.560000	-204.708534	-34.000000	
4.888936	1.000000	11.000000	222.840726	-189.180000	-33.000000	
4.529807	1.000000	11.000000	254.540000	-231.624517	-33.000000	
5.689570	1.000000	11.000000	260.410000	-170.778209	-33.000000	
4.616165	1.000000	11.000000	246.380000	-181.725215	-33.000000	
4.969197	1.000000	11.000000	275.022748	-188.530000	-32.000000	
5.329442	1.000000	11.000000	283.204495	-196.360000	-30.000000	
5.441957	1.000000	11.000000	275.090000	-204.073541	-30.000000	
4.725355	1.000000	11.000000	232.743104	-173.200000	-30.000000	
4.605946	1.000000	11.000000	228.760000	-182.290599	-30.000000	
4.472081	1.000000	11.000000	219.940000	-204.510000	-28.068013	
4.347455	1.000000	11.000000	211.428734	-208.750000	-30.000000	
4.789448	1.000000	11.000000	263.350000	-205.810000	-28.677842	
5.074385	1.000000	11.000000	242.130000	-190.821848	-27.000000	
4.978966	1.000000	11.000000	244.677952	-208.420000	-27.000000	
4.773712	1.000000	11.000000	234.300000	-163.102161	-27.000000	
4.430552	1.000000	11.000000	231.534154	-205.160000	-27.000000	
4.365938	1.000000	11.000000	254.210000	-173.200000	-23.479018	
4.346694	1.000000	11.000000	222.230000	-195.872539	-25.000000	
4.344109	1.000000	11.000000	249.743741	-245.610000	-25.000000	
5.548372	1.000000	11.000000	266.940000	-194.070000	-20.424673	
4.373611	1.000000	11.000000	263.020000	-184.459944	-23.000000	
4.641467	1.000000	11.000000	224.953189	-174.500000	-22.000000	
4.705301	1.000000	11.000000	245.339258	-181.350000	-22.000000	
4.659120	1.000000	11.000000	222.827037	-187.870000	-20.000000	
4.497124	1.000000	11.000000	210.810000	-189.816423	-20.000000	
5.294536	1.000000	11.000000	241.383609	-172.220000	-20.000000	
5.694015	1.000000	11.000000	214.720000	-214.273810	-19.000000	
5.825889	1.000000	11.000000	280.795494	-200.270000	-19.000000	
4.541987	1.000000	11.000000	224.510000	-207.450000	-19.080488	
5.176365	1.000000	11.000000	215.326358	-202.880000	-16.000000	
4.847415	1.000000	11.000000	229.410000	-170.910000	-12.966694	
4.830045	1.000000	11.000000	248.330000	-203.812741	-15.000000	
4.746634	1.000000	11.000000	221.580000	-194.934978	-13.000000	
