4.676763	0.4	12.	0.65	0.936474	0.17
6.77664	0.4	12.	-31.98	-43.08231	189.77
5.586331	0.4	12.	-53.84	-51.21	193.593669
7.987004	0.4	12.	-53.278896	-67.84	189.03
6.770344	0.4	12.	-26.76	-25.44	194.782405
5.497036	0.4	12.	-23.456377	-16.31	184.08
4.957474	0.4	12.	-31.008965	-7.18	183.
7.533575	0.4	12.	-13.71	-0.512918	181.29
6.135104	0.4	12.	-6.453801	-18.59	181.52
6.649891	0.4	12.	-17.286534	-26.09	180.27
5.995471	0.4	12.	-4.948042	-31.31	179.59
5.735622	0.4	12.	-43.454477	-58.06	179.82
5.914047	0.4	12.	-42.42	-73.71	174.772402
5.494121	0.4	12.	-27.41	-73.71	182.156763
5.531915	0.4	12.	-26.019868	-62.95	177.54
5.685837	0.4	12.	-40.46	-85.273267	176.35
6.739281	0.4	12.	-80.28	14.527236	175.95
5.516179	0.4	12.	-77.34	26.75	176.485484
5.155617	0.4	12.	-17.62	13.564913	175.15
6.762179	0.4	12.	-32.31	23.48	181.039027
4.579921	0.4	12.	-46.66	32.29	174.901136
5.586799	0.4	12.	-57.43	32.29	177.726486
4.707622	0.4	12.	-37.276891	35.55	171.63
5.221891	0.4	12.	-27.74	1.3	176.367638
4.964393	0.4	12.	-37.85	-0.611933	170.95
5.07295	0.4	12.	-8.48	-13.047777	170.66
4.520758	0.4	12.	-3.26	-2.829697	170.15
5.205599	0.4	12.	0.33	-23.81	172.857904
5.0064	0.4	12.	-0.324284	-39.14	169.64
5.599962	0.4	12.	-14.03	-44.237345	168.62
5.363719	0.4	12.	-12.855227	-30.33	168.62
5.293116	0.4	12.	0.	-10.44	164.471543
6.52127	0.4	12.	-18.518513	26.75	168.11
6.146924	0.4	12.	-9.338745	6.85	167.71
5.148198	0.4	12.	-25.648251	-75.67	166.91
5.757078	0.4	12.	-10.77	-60.379684	166.51
5.147208	0.4	12.	7.776952	-33.27	165.77
4.776246	0.4	12.	-49.082158	21.85	165.49
5.766056	0.4	12.	17.360271	-9.79	165.32
4.976542	0.4	12.	-18.27	-68.17	169.075014
4.566336	0.4	12.	-25.78	-92.816961	165.09
5.845152	0.4	12.	-18.6	-84.098896	163.9
5.571541	0.4	12.	-23.5	6.376622	163.73
5.379392	0.4	12.	-39.175423	23.48	163.05
5.502627	0.4	12.	7.831278	-2.61	162.59
4.958882	0.4	12.	-46.99	33.27	161.920371
5.108679	0.4	12.	-36.017822	35.88	160.94
6.530384	0.4	12.	-60.04	33.6	160.628471
6.098941	0.4	12.	6.976248	-45.99	159.58
5.690885	0.4	12.	-6.228314	-40.12	159.58
4.589507	0.4	12.	0.98	-21.85	158.74984
5.069273	0.4	12.	14.36	-23.792767	159.58
5.419195	0.4	12.	9.46	-13.403107	157.99
4.499679	0.4	12.	-5.87	-3.26	160.459935
7.781562	0.4	12.	-41.099208	-83.17	157.3
5.233777	0.4	12.	-28.72	-79.91	154.070476
5.208519	0.4	12.	-6.103601	-71.43	156.85
4.646512	0.4	12.	-13.71	-64.26	155.091631
5.060159	0.4	12.	3.26	-76.040884	156.34
5.927916	0.4	12.	5.55	-65.89	161.54762
4.629551	0.4	12.	-6.85	-57.73	152.689445
4.572377	0.4	12.	-26.221063	28.05	156.39
6.46176	0.4	12.	-15.333812	1.63	156.17
4.655425	0.4	12.	-1.372127	4.24	155.6
4.615878	0.4	12.	-6.53	12.386721	155.94
4.982673	0.4	12.	10.12	-36.049178	155.43
5.571206	0.4	12.	-15.01	-50.717079	155.43
5.294894	0.4	12.	-15.99	-75.836108	155.09
6.125744	0.4	12.	-6.85	-85.599379	154.97
4.668249	0.4	12.	21.915549	-10.11	154.75
5.596581	0.4	12.	-0.33	-31.64	154.561319
7.012925	0.4	12.	-11.320811	-11.74	153.89
5.300041	0.4	12.	-9.14	-25.12	159.173614
4.788686	0.4	12.	-25.45	-92.63	152.600579
4.514373	0.4	12.	7.18	0.65	149.962907
5.083364	0.4	12.	-38.83	30.294098	150.2
5.766125	0.4	12.	-48.3	38.383589	149.74
4.823306	0.4	12.	-71.222644	35.23	149.29
5.568317	0.4	12.	-62.	42.421017	148.55
4.588331	0.4	12.	-59.88198	32.29	148.83
4.535451	0.4	12.	19.314744	-21.53	148.49
5.84337	0.4	12.	1.31	-44.704786	147.98
4.849637	0.4	12.	-8.16	-38.773135	147.53
4.827332	0.4	12.	2.642636	-20.87	147.41
5.310826	0.4	12.	14.93654	-5.54	147.47
5.151492	0.4	12.	26.896231	-15.66	146.28
5.509043	0.4	12.	9.46	12.599265	146.05
4.742816	0.4	12.	-28.72	33.971968	145.93
4.88709	0.4	12.	-76.36	46.014088	145.54
6.329496	0.4	12.	-83.87	34.9	147.765317
4.497807	0.4	12.	-11.191848	-68.17	146.45
4.541402	0.4	12.	-3.59	-76.443733	144.57
7.081716	0.4	12.	8.84677	-73.06	144.17
5.005399	0.4	12.	-12.73	-80.054676	144.46
5.968828	0.4	12.	-20.56	-73.71	139.297479
5.00716	0.4	12.	-12.4	-57.348054	143.77
4.723751	0.4	12.	-0.33	-54.47	140.823271
4.598393	0.4	12.	4.998205	-34.9	143.94
4.541936	0.4	12.	-9.79	6.2	142.539915
5.528437	0.4	12.	24.8	0.	148.511191
5.784775	0.4	12.	-5.22	20.55	149.285323
4.808529	0.4	12.	-16.97	-1.092466	143.6
4.76296	0.4	12.	-5.22	-1.3	147.534838
5.226586	0.4	12.	0.65	6.372278	143.6
5.647855	0.4	12.	10.12	-26.75	137.886621
4.904687	0.4	12.	14.797134	-15.	142.69
5.205508	0.4	12.	-9.14	-23.401196	142.47
4.496485	0.4	12.	-24.47	-95.467959	141.5
5.443746	0.4	12.	-29.37	-81.590221	141.61
4.751313	0.4	12.	-20.23	43.38	141.973491
4.756553	0.4	12.	-45.329913	32.94	138.88
5.214145	0.4	12.	-50.91	43.943965	138.94
5.566858	0.4	12.	-73.623012	37.51	138.88
5.465152	0.4	12.	18.27	-40.77	137.859298
5.325311	0.4	12.	25.113295	-27.4	138.43
4.982083	0.4	12.	20.844157	5.54	138.43
4.732851	0.4	12.	-62.794258	39.47	138.03
5.351837	0.4	12.	-68.2	48.331768	138.09
5.567095	0.4	12.	-67.22	26.112039	137.8
4.888085	0.4	12.	-58.09	30.99	134.353829
4.582759	0.4	12.	5.66465	16.63	137.52
4.64531	0.4	12.	-23.598637	20.22	137.35
5.904255	0.4	12.	-8.618847	44.69	137.24
5.42397	0.4	12.	-33.909882	34.57	136.61
6.240497	0.4	12.	-4.57	-45.34	134.450873
5.105025	0.4	12.	12.4	-4.57	136.559017
6.615789	0.4	12.	33.790496	-15.33	136.33
4.735685	0.4	12.	-11.75	-63.809245	135.08
4.731143	0.4	12.	6.85	-45.180277	134.79
5.370684	0.4	12.	-1.96	-25.100147	134.17
4.569455	0.4	12.	10.44	4.712026	134.11
5.941553	0.4	12.	31.33	15.787661	133.54
4.822068	0.4	12.	-85.139181	34.9	133.6
4.594516	0.4	12.	-77.99	45.567823	133.43
4.54465	0.4	12.	-87.80375	18.27	133.03
4.727124	0.4	12.	-15.34	-5.54	130.126153
4.930453	0.4	12.	26.937399	-4.89	132.57
6.46252	0.4	12.	-15.01	-82.52	130.831129
4.783869	0.4	12.	-3.743706	-73.06	131.89
5.825148	0.4	12.	-97.9	14.35	131.435197
5.514588	0.4	12.	-105.08	5.035171	131.27
5.047959	0.4	12.	12.4	29.68	133.450545
6.29921	0.4	12.	4.976914	39.14	131.1
6.424864	0.4	12.	37.53	0.654505	130.24
4.590841	0.4	12.	-25.132687	35.23	129.22
4.804198	0.4	12.	-38.83	50.23	132.828262
7.003872	0.4	12.	-20.56	58.38	134.318319
4.498084	0.4	12.	-49.28	33.808364	127.97
5.786294	0.4	12.	-50.25	48.541252	127.91
4.730887	0.4	12.	-59.07	40.77	126.817584
4.9611	0.4	12.	-68.86	43.737616	127.29
6.892733	0.4	12.	-24.56022	-73.71	126.95
6.343214	0.4	12.	-36.55	-81.87	129.771896
4.831123	0.4	12.	-18.93	-93.61	126.825898
6.234656	0.4	12.	0.98	-60.02	126.942842
5.764297	0.4	12.	21.54	-35.55	126.835867
4.563387	0.4	12.	8.16	-29.004669	125.7
5.280943	0.4	12.	-14.093267	42.73	125.87
4.518071	0.4	12.	-39.16	35.88	127.494221
4.818312	0.4	12.	-70.620103	32.29	125.07
4.930302	0.4	12.	15.01	40.77	124.769075
5.617621	0.4	12.	6.2	7.681079	123.93
5.160106	0.4	12.	-11.817617	-57.73	123.93
4.699868	0.4	12.	40.14	-12.772292	123.08
5.777508	0.4	12.	37.695296	15.33	123.08
5.434607	0.4	12.	-78.32	38.905783	123.08
6.035984	0.4	12.	-91.37	39.840021	122.85
5.212111	0.4	12.	-59.39	29.731109	122.85
5.042672	0.4	12.	-111.05353	-11.09	122.23
5.585807	0.4	12.	-65.92	55.12	122.541248
5.096275	0.4	12.	-18.93	53.493164	121.6
4.565453	0.4	12.	-8.48	47.95	118.30889
5.665552	0.4	12.	26.11	13.026335	121.55
5.044363	0.4	12.	14.68	13.983446	121.55
4.576248	0.4	12.	18.455302	0.65	121.55
4.735275	0.4	12.	6.578717	-44.36	121.49
4.532044	0.4	12.	-5.87	-13.05	116.801309
4.533503	0.4	12.	-15.450948	-6.52	120.75
4.482501	0.4	12.	14.406748	28.7	120.75
5.057762	0.4	12.	4.24	33.06699	120.75
4.761556	0.4	12.	-31.98	56.43	122.802195
4.513488	0.4	12.	-19.25	29.03	121.349286
4.943206	0.4	12.	-26.11	22.377522	119.38
4.591427	0.4	12.	34.517529	5.87	119.38
6.167069	0.4	12.	-24.47	-84.939391	119.21
7.534108	0.4	12.	7.669294	-71.11	118.02
4.905895	0.4	12.	-5.87	-48.289852	118.13
6.730509	0.4	12.	22.52	-48.842789	117.57
5.349053	0.4	12.	30.35	-39.229466	119.84
6.477695	0.4	12.	34.419384	-28.05	119.84
4.801611	0.4	12.	-53.84	53.371999	115.58
6.307911	0.4	12.	-43.4	58.000362	115.29
4.959892	0.4	12.	-42.42	45.153841	114.89
4.558676	0.4	12.	-19.526502	44.03	115.12
4.886628	0.4	12.	-25.897998	35.55	114.61
4.613905	0.4	12.	0.65	51.128184	115.01
5.148719	0.4	12.	3.92	-17.61	119.408271
4.524458	0.4	12.	21.204857	-7.83	114.72
5.380159	0.4	12.	-117.433423	-2.28	114.72
7.698023	0.4	12.	-128.9	-30.01	119.786798
6.256893	0.4	12.	-94.63	-0.322622	114.72
4.489323	0.4	12.	-78.467107	33.6	114.44
4.685788	0.4	12.	-60.37	35.84583	114.33
4.892917	0.4	12.	-50.25	37.51	112.420553
5.196742	0.4	12.	-49.6	28.05	119.272443
4.970889	0.4	12.	6.962604	21.2	114.1
5.043782	0.4	12.	-2.28	21.53	109.773004
5.244108	0.4	12.	-1.96	-58.26595	113.81
4.711843	0.4	12.	4.89	-51.54	110.747199
5.069599	0.4	12.	-9.134585	-21.53	113.13
4.598599	0.4	12.	1.96	-25.412012	113.13
4.807797	0.4	12.	8.709943	9.46	113.13
5.65062	0.4	12.	8.48	-10.76	110.43897
5.040701	0.4	12.	-72.44	41.42	112.743277
4.503142	0.4	12.	-62.975055	46.97	112.17
4.640336	0.4	12.	-66.580339	55.45	112.17
5.020921	0.4	12.	-82.89	43.074037	112.17
5.011191	0.4	12.	10.12	42.73	113.745374
4.615939	0.4	12.	40.451624	-13.7	112.17
4.682034	0.4	12.	-108.99	-10.963653	111.88
4.669396	0.4	12.	-79.034576	0.98	111.94
6.008001	0.4	12.	-83.54	12.07	117.431106
4.972434	0.4	12.	-97.57	12.39	112.834055
5.241239	0.4	12.	-14.03	-86.460845	111.48
4.91188	0.4	12.	-39.16	-81.010409	111.48
4.61073	0.4	12.	-30.02	-93.29	112.395226
4.76131	0.4	12.	-23.17	-66.54	111.550158
5.794439	0.4	12.	-14.03	-51.122169	111.48
5.137287	0.4	12.	13.668797	-40.12	110.86
4.932051	0.4	12.	-3.616885	-33.27	111.31
4.623599	0.4	12.	12.4	-0.043049	111.2
4.732861	0.4	12.	24.89894	17.29	111.2
4.715659	0.4	12.	18.93	35.290244	111.2
4.620908	0.4	12.	-10.12	46.64	107.683066
4.714192	0.4	12.	-13.591486	36.86	111.2
4.661221	0.4	12.	-22.19	57.882851	110.86
5.723221	0.4	12.	-59.07	24.46	109.210499
4.585668	0.4	12.	-49.28	13.574153	110.86
5.256866	0.4	12.	15.01	15.98	108.143584
5.595002	0.4	12.	22.472323	3.91	110.86
5.096689	0.4	12.	22.949951	-34.9	110.52
5.11842	0.4	12.	-17.3	-60.99	105.64398
4.928796	0.4	12.	-33.29	-72.259361	110.52
4.930516	0.4	12.	10.77	28.38	107.154367
4.557308	0.4	12.	24.297028	27.4	110.
4.484037	0.4	12.	-28.06	49.107318	110.
5.282849	0.4	12.	-34.59	58.38	105.441447
5.48803	0.4	12.	-42.42	-104.415537	109.15
6.137698	0.4	12.	-41.77	-93.29	112.955914
4.596165	0.4	12.	34.26	-26.029846	108.81
5.308754	0.4	12.	37.85	4.89	107.886377
6.948286	0.4	12.	35.9	28.915171	107.9
5.42856	0.4	12.	45.282841	13.05	108.3
4.597077	0.4	12.	-29.125785	28.7	108.13
5.456687	0.4	12.	-21.54	20.87	107.238536
5.325106	0.4	12.	-102.502473	-38.81	107.9
5.165879	0.4	12.	-110.995518	-28.05	107.9
6.434737	0.4	12.	-113.24	-52.19	112.08127
5.152255	0.4	12.	-100.012941	-59.36	107.67
4.519333	0.4	12.	-117.15	-36.460955	107.67
4.498018	0.4	12.	-116.83	-16.96	104.452049
4.583196	0.4	12.	-101.81	-5.964134	107.56
5.256412	0.4	12.	-106.71	6.85	105.412046
5.096412	0.4	12.	-85.5	6.962593	107.56
5.500312	0.4	12.	-73.263409	19.24	107.56
5.090272	0.4	12.	-89.09	26.09	103.426669
4.595868	0.4	12.	36.55	-38.188233	107.22
4.638394	0.4	12.	31.	-4.24	109.060284
5.014849	0.4	12.	-128.951544	-27.07	104.43
4.675784	0.4	12.	-25.13	37.232561	104.43
7.31834	0.4	12.	5.22	53.901102	104.09
6.543906	0.4	12.	-51.015474	45.34	103.58
5.085119	0.4	12.	-61.088542	37.18	103.58
4.919544	0.4	12.	-52.441688	30.33	103.13
5.428775	0.4	12.	-80.878043	33.27	103.3
4.680798	0.4	12.	-42.67958	36.53	103.18
5.527214	0.4	12.	19.331669	-10.11	104.43
4.746115	0.4	12.	11.404025	-20.87	103.3
5.227234	0.4	12.	-1.31	-18.27	103.72357
5.202585	0.4	12.	-4.57	-47.29	104.112168
6.383938	0.4	12.	13.074074	-48.93	103.24
5.591139	0.4	12.	4.24	-69.8	103.328416
5.297193	0.4	12.	-1.96	-59.36	102.134262
4.880444	0.4	12.	5.922113	20.87	102.9
5.937885	0.4	12.	0.70193	6.85	102.9
4.825642	0.4	12.	-95.61	0.	103.532064
5.42138	0.4	12.	-111.8922	-7.5	101.65
5.799745	0.4	12.	-106.38	18.92	104.728124
4.556685	0.4	12.	-74.522433	41.42	101.53
4.563949	0.4	12.	-67.88	50.23	103.995181
4.878825	0.4	12.	-76.13818	-6.52	100.17
4.652755	0.4	12.	20.535268	35.23	100.17
4.788712	0.4	12.	-15.01	42.848445	100.17
4.704369	0.4	12.	-15.01	33.155272	100.17
5.818588	0.4	12.	-62.65	59.425703	99.32
5.147609	0.4	12.	-48.3	-87.74	99.022976
4.603751	0.4	12.	-12.4	-86.76	100.6104
4.943695	0.4	12.	-24.47	-71.11	98.215727
4.99028	0.4	12.	12.767537	-34.9	98.81
5.781431	0.4	12.	-4.300702	-34.25	98.81
4.595099	0.4	12.	15.99	-25.77	95.800148
4.528007	0.4	12.	38.015626	-19.9	98.81
5.422003	0.4	12.	25.13	-21.345802	98.81
4.74386	0.4	12.	30.35	18.59	99.288905
5.318742	0.4	12.	9.79	39.79	101.694213
4.710061	0.4	12.	-53.52	9.46	95.705118
4.955174	0.4	12.	-33.29	-95.89	97.153449
5.073782	0.4	12.	-87.910493	-6.85	98.07
6.96898	0.4	12.	-115.261741	-54.14	97.04
4.619442	0.4	12.	-103.45	-33.6	96.999916
4.781332	0.4	12.	-112.26	-28.775427	97.04
5.592549	0.4	12.	-28.06	47.433447	96.7
4.525379	0.4	12.	19.209306	-2.61	96.76
5.06478	0.4	12.	40.038196	18.92	96.76
5.34694	0.4	12.	41.130497	-32.29	96.76
5.437667	0.4	12.	-40.14	25.300335	96.3
4.825123	0.4	12.	-82.56	20.87	97.798046
4.874733	0.4	12.	-92.56056	16.31	95.34
6.791304	0.4	12.	-82.173853	7.83	95.79
5.121833	0.4	12.	-56.426575	21.2	95.79
5.289795	0.4	12.	-102.497266	-60.67	94.2
6.033641	0.4	12.	-42.415238	-103.07	94.31
6.327365	0.4	12.	-6.53	-76.98	90.068249
5.131864	0.4	12.	-107.59594	-43.05	93.8
4.929869	0.4	12.	-46.01	15.66	96.460998
4.493688	0.4	12.	-19.091589	54.47	93.63
5.162173	0.4	12.	0.	50.988261	92.89
6.795767	0.4	12.	15.01	-14.135734	92.89
4.724314	0.4	12.	3.59	-14.68	88.264162
5.292049	0.4	12.	-6.85	-19.9	87.006954
5.315766	0.4	12.	-3.26	-46.15658	91.64
4.604041	0.4	12.	7.18	-47.64955	91.87
5.374225	0.4	12.	-79.26684	30.99	91.87
5.04567	0.4	12.	3.81457	16.31	91.87
6.108636	0.4	12.	8.735816	27.72	91.87
4.690995	0.4	12.	-109.32	2.318905	91.19
4.578964	0.4	12.	-97.57	1.96	94.174776
4.64442	0.4	12.	-105.186683	11.09	90.56
4.54473	0.4	12.	-117.676537	-43.38	91.02
7.355415	0.4	12.	-123.451757	-23.81	91.02
5.676931	0.4	12.	-111.644532	-65.56	90.28
6.625642	0.4	12.	-51.23	-74.684205	90.73
5.689865	0.4	12.	-48.3	-116.12	87.223601
5.496645	0.4	12.	-77.99	-3.91	89.601376
5.810882	0.4	12.	-113.915005	-8.15	89.94
4.503614	0.4	12.	17.3	35.88	86.038626
5.568351	0.4	12.	20.23	49.612529	89.2
5.217933	0.4	12.	-16.97	43.794748	89.65
4.729409	0.4	12.	-61.364825	31.31	89.48
5.457058	0.4	12.	-60.37	41.42	91.394516
6.833992	0.4	12.	-74.859527	44.36	89.48
5.683238	0.4	12.	8.16	-37.707951	88.4
6.236245	0.4	12.	-11.100318	-90.02	88.4
4.482725	0.4	12.	-70.723649	29.36	86.7
5.977436	0.4	12.	42.853916	15.33	86.7
5.787945	0.4	12.	29.04	28.05	88.537088
5.180454	0.4	12.	25.78	15.66	89.319187
5.571626	0.4	12.	16.057222	11.42	86.7
5.252711	0.4	12.	15.01	-0.210776	86.7
4.832109	0.4	12.	2.719657	-0.65	86.7
4.775189	0.4	12.	-1.96	11.42	83.83653
5.405004	0.4	12.	-79.62	18.554291	85.62
6.221384	0.4	12.	-90.07	-0.65	85.715914
6.616213	0.4	12.	-105.08	-32.294717	85.62
4.771974	0.4	12.	-116.633076	-35.23	85.62
5.053723	0.4	12.	-102.47	-19.268092	85.62
4.789405	0.4	12.	-4.366527	-35.23	85.62
5.190647	0.4	12.	-31.65	-102.144833	85.45
5.94655	0.4	12.	-45.03	-91.	80.290591
6.079364	0.4	12.	-57.43	-90.35	84.448812
6.096479	0.4	12.	-22.84	-87.41	83.137383
5.927649	0.4	12.	-33.94	-89.04	88.130266
4.859204	0.4	12.	-85.5	-62.62	86.324397
5.110073	0.4	12.	-110.95	-54.14	84.196738
4.861646	0.4	12.	-26.695807	-35.23	84.42
5.368127	0.4	12.	-93.4807	18.27	84.42
4.660055	0.4	12.	-64.270835	48.6	84.42
4.526933	0.4	12.	-50.58	48.93	85.362754
4.81944	0.4	12.	-45.36	57.617245	83.34
5.742551	0.4	12.	-25.45	61.566057	83.57
4.750696	0.4	12.	-25.45	47.168757	82.77
5.02801	0.4	12.	7.51	38.49	86.084551
4.625001	0.4	12.	7.51	47.666805	82.43
5.211332	0.4	12.	-0.65	56.523557	82.49
5.052299	0.4	12.	15.34203	28.05	80.9
5.215707	0.4	12.	6.633699	-45.99	80.39
5.665788	0.4	12.	-99.86	8.81	81.875137
4.903479	0.4	12.	-101.49	-3.026568	80.44
4.632694	0.4	12.	-85.751976	13.05	79.65
5.656501	0.4	12.	-114.370282	-23.16	79.99
4.7496	0.4	12.	-113.949077	-44.36	79.99
4.759017	0.4	12.	-105.4	-62.412954	80.04
4.897916	0.4	12.	-102.600445	-45.34	80.04
5.221311	0.4	12.	44.05	-4.89	75.854014
5.538532	0.4	12.	43.73	-15.230085	79.48
5.11607	0.4	12.	6.53	28.7	73.757233
4.620169	0.4	12.	-60.37	26.09	81.462464
4.944534	0.4	12.	-63.720147	38.16	77.88
4.752744	0.4	12.	-38.18	-78.936635	77.88
6.358799	0.4	12.	23.5	-56.75	79.254294
4.797855	0.4	12.	9.14	-32.885441	77.32
4.531603	0.4	12.	1.63	-26.09	80.224292
4.865203	0.4	12.	11.42	-10.465742	76.07
5.368867	0.4	12.	20.553283	-3.26	75.84
5.116095	0.4	12.	9.387138	-0.65	75.72
4.545907	0.4	12.	26.057882	5.87	76.01
4.94193	0.4	12.	16.64	7.18	76.123688
5.015749	0.4	12.	1.31	7.83	74.979244
4.948992	0.4	12.	-8.623248	9.13	74.53
4.792064	0.4	12.	21.670679	18.92	74.99
5.003782	0.4	12.	32.63	20.22	78.19265
5.206345	0.4	12.	24.47	32.913307	76.52
5.263616	0.4	12.	12.73	37.890788	77.2
4.646468	0.4	12.	-6.85	29.998161	76.75
4.531154	0.4	12.	-2.61	18.814399	75.84
4.87821	0.4	12.	-45.03	11.590512	74.87
5.199535	0.4	12.	-57.43	9.46	76.503609
4.652725	0.4	12.	-79.62	-1.3	78.270366
4.670339	0.4	12.	-70.540846	26.42	73.9
5.551935	0.4	12.	-75.417107	40.12	74.25
4.904676	0.4	12.	-62.65	47.95	71.890163
5.749048	0.4	12.	-56.78	57.41	77.293771
5.112145	0.4	12.	-110.62	-33.92	72.637777
4.682997	0.4	12.	-100.84	-28.05	70.027908
4.878717	0.4	12.	-95.61	-19.498767	74.13
4.678266	0.4	12.	-102.534971	-11.09	73.45
5.146347	0.4	12.	-106.38	-20.528487	73.17
5.482179	0.4	12.	-95.123992	20.87	73.51
4.945398	0.4	12.	-80.93	30.818962	73.51
6.628107	0.4	12.	-68.2	-12.39	72.857721
4.515308	0.4	12.	-88.00077	2.94	72.65
5.122517	0.4	12.	-27.41	-38.165607	72.94
4.961452	0.4	12.	-5.87	-77.927633	72.77
4.823485	0.4	12.	-37.2	-116.894973	72.71
4.637232	0.4	12.	-50.58	-114.011497	72.71
4.607457	0.4	12.	-36.55	-106.157572	72.71
5.961979	0.4	12.	-71.020159	-104.7	72.2
5.704883	0.4	12.	-123.04481	-66.21	71.46
4.602378	0.4	12.	-103.77	-55.290526	71.46
6.007406	0.4	12.	-93.	-57.922411	71.52
5.211179	0.4	12.	-21.789399	-49.9	71.52
5.223127	0.4	12.	14.03992	52.84	70.84
5.561542	0.4	12.	2.94	49.58	68.391549
5.058366	0.4	12.	-15.8041	60.02	70.89
6.770499	0.4	12.	-25.78	66.385531	70.89
4.769176	0.4	12.	-48.62	59.341029	70.89
4.509521	0.4	12.	34.26	9.46	67.343167
4.815306	0.4	12.	41.44	15.66	73.378087
5.818624	0.4	12.	53.950732	-23.48	70.89
4.509569	0.4	12.	-66.57	17.97813	70.49
4.482161	0.4	12.	-99.895128	5.87	69.75
4.792536	0.4	12.	-106.342681	-0.98	69.93
4.964111	0.4	12.	29.04	-52.389879	69.75
6.138102	0.4	12.	-13.279569	-91.98	69.75
4.994326	0.4	12.	-27.823275	-93.94	69.81
4.48242	0.4	12.	-102.14	-47.29	65.839363
4.719786	0.4	12.	-117.48	-49.536688	69.75
5.114301	0.4	12.	-112.611623	-62.3	69.7
4.583481	0.4	12.	-104.368973	-73.71	69.7
4.516267	0.4	12.	-92.433469	-76.98	69.7
4.698968	0.4	12.	-81.91	-94.26	72.724639
5.153434	0.4	12.	-80.93	-77.20444	69.7
5.228641	0.4	12.	-50.58	-97.522632	69.02
5.074276	0.4	12.	-35.9	-87.347651	69.02
4.565084	0.4	12.	-46.99	-85.531536	69.02
4.759683	0.4	12.	3.134873	-62.95	68.96
4.895858	0.4	12.	52.060987	-6.52	68.28
5.879272	0.4	12.	-80.6	9.13	66.747083
4.985822	0.4	12.	-68.131828	8.48	68.16
5.273116	0.4	12.	-56.116855	-3.59	68.16
5.686017	0.4	12.	-94.164764	-38.81	68.16
5.029689	0.4	12.	-46.01	38.54283	67.2
4.745139	0.4	12.	-63.63	27.353963	67.48
5.583982	0.4	12.	-1.31	-2.029743	67.48
5.84704	0.4	12.	46.152258	2.61	67.48
4.512649	0.4	12.	-31.98	-61.97	64.486588
5.784236	0.4	12.	19.58	-66.905532	65.55
5.086551	0.4	12.	12.07	-75.12479	65.55
4.966027	0.4	12.	13.379017	39.47	64.81
5.370087	0.4	12.	21.227828	24.79	64.87
4.503668	0.4	12.	-18.947579	48.27	64.87
4.534433	0.4	12.	-31.	50.26505	64.87
5.068445	0.4	12.	-33.29	32.738528	64.35
5.068054	0.4	12.	8.300554	10.44	64.18
4.88933	0.4	12.	9.46	-1.63	64.664758
5.049075	0.4	12.	28.06	1.458647	64.18
5.141172	0.4	12.	33.61	28.554987	64.18
4.576467	0.4	12.	29.7	19.400419	64.18
4.784392	0.4	12.	-13.57725	25.12	64.18
4.629962	0.4	12.	-87.13	-11.42	66.822867
4.913917	0.4	12.	-92.512928	11.42	64.98
4.906768	0.4	12.	19.148047	-6.52	64.58
4.563061	0.4	12.	-72.77	-17.313223	63.05
6.969936	0.4	12.	-117.653112	-23.48	63.05
4.687428	0.4	12.	-107.69	-33.363468	63.05
5.002353	0.4	12.	-109.32	-43.05	60.037118
4.812715	0.4	12.	-105.606249	-17.29	63.05
5.177967	0.4	12.	-99.2	-9.321245	63.05
4.515355	0.4	12.	-84.52	-1.264394	63.05
4.794655	0.4	12.	-85.106807	18.59	63.05
4.510746	0.4	12.	-80.28	28.321159	63.05
4.661139	0.4	12.	-70.49	32.62	61.851248
5.610605	0.4	12.	-63.931735	42.73	62.59
6.870122	0.4	12.	-52.627825	50.88	62.48
4.996872	0.4	12.	-39.81	45.446364	62.76
4.765206	0.4	12.	-16.97	41.75	58.027927
4.791614	0.4	12.	-29.325865	-38.49	62.36
4.975054	0.4	12.	-6.53	-44.110783	62.36
4.684341	0.4	12.	2.28	-44.36	57.803435
5.125878	0.4	12.	-2.61	-84.48	63.577866
4.591437	0.4	12.	-35.776127	-106.98	62.42
5.000396	0.4	12.	-40.46	-117.857635	62.42
4.685484	0.4	12.	-67.88	-87.957999	62.42
4.770955	0.4	12.	-79.08007	-103.4	62.42
4.882156	0.4	12.	-82.23	-66.87	67.210368
4.56125	0.4	12.	-93.33	-66.87	65.723909
4.481834	0.4	12.	-29.04	7.810047	61.68
4.876551	0.4	12.	24.8	11.51462	61.74
4.527544	0.4	12.	18.27	3.514783	61.74
4.553559	0.4	12.	-5.22	17.687051	61.74
4.745473	0.4	12.	39.15406	-13.05	61.74
5.325783	0.4	12.	28.39	-12.252586	61.74
4.544916	0.4	12.	-11.75	3.76094	61.74
4.955869	0.4	12.	-24.8	22.51	62.223903
4.85745	0.4	12.	15.01	-27.72	63.839058
4.901488	0.4	12.	10.12	-36.283745	61.74
4.910074	0.4	12.	-19.457767	-6.85	61.74
4.934883	0.4	12.	-12.4	-22.077183	61.74
6.08679	0.4	12.	-29.7	-12.07	61.692879
4.954474	0.4	12.	-32.947906	-1.3	61.74
4.693289	0.4	12.	-41.096369	-67.52	61.11
4.585459	0.4	12.	-27.41	-50.56	62.322362
5.16705	0.4	12.	-55.48	-56.516198	61.11
4.653173	0.4	12.	-66.878473	-57.41	61.11
5.411807	0.4	12.	-74.582455	-70.13	61.11
5.002603	0.4	12.	-86.13164	-59.04	61.11
4.92003	0.4	12.	-99.357082	-58.71	61.11
4.844928	0.4	12.	-66.57	-99.06457	61.11
5.094594	0.4	12.	-70.16	-111.88	57.711169
5.582354	0.4	12.	-59.39	-111.22	66.248395
4.64967	0.4	12.	5.22	-15.734169	61.11
4.599841	0.4	12.	-92.35	-19.9	64.486057
4.610003	0.4	12.	-93.66	1.017718	61.11
4.749485	0.4	12.	-80.84737	-38.16	61.11
4.936691	0.4	12.	-95.377217	-30.01	61.11
5.369234	0.4	12.	-111.31282	-54.47	61.11
4.685272	0.4	12.	15.01	-16.96	63.979077
4.616371	0.4	12.	-10.12	-8.81	58.165539
5.42949	0.4	12.	42.184075	17.61	60.77
4.566707	0.4	12.	-21.762423	56.75	60.77
4.480664	0.4	12.	-59.07	19.242902	60.2
4.486537	0.4	12.	-67.55	15.98	60.608235
5.366563	0.4	12.	-72.12	-4.89	63.803383
4.758791	0.4	12.	-15.66	-84.753339	59.52
4.643193	0.4	12.	-24.948403	-96.87	59.52
4.530682	0.4	12.	32.376213	-58.71	59.52
5.274637	0.4	12.	51.282724	-24.79	59.52
5.020871	0.4	12.	-35.208159	-29.03	59.52
5.025602	0.4	12.	-79.95	-84.15	57.337241
5.615889	0.4	12.	-93.	-84.873408	59.52
5.605491	0.4	12.	-102.914378	-71.11	59.52
4.526649	0.4	12.	-99.2	-47.95	56.608826
4.681053	0.4	12.	-47.97	-105.68	60.208799
5.258232	0.4	12.	-34.26	-83.5	57.536034
5.24925	0.4	12.	3.26	-59.36	56.365733
4.909228	0.4	12.	10.12	-51.54	57.762579
4.631684	0.4	12.	33.755193	8.48	57.59
5.517824	0.4	12.	-19.25	13.802293	57.82
4.758235	0.4	12.	-1.96	8.697636	57.82
4.952127	0.4	12.	4.57	20.228901	57.87
4.821284	0.4	12.	-64.58778	25.12	55.2
5.358768	0.4	12.	42.123566	3.59	55.14
5.27165	0.4	12.	34.59	-4.24	58.540561
5.258656	0.4	12.	14.36	16.96	53.056452
4.738019	0.4	12.	-51.89	27.439948	54.69
4.677333	0.4	12.	-58.41	34.999529	54.69
5.943781	0.4	12.	-0.65	-4.89	53.114839
5.064373	0.4	12.	12.73	46.388838	54.69
5.170931	0.4	12.	19.25	33.446577	54.69
5.098954	0.4	12.	-94.528404	9.13	54.69
4.601137	0.4	12.	12.73	-76.917973	53.67
5.411967	0.4	12.	24.648849	-63.6	53.67
4.49377	0.4	12.	11.05268	-1.63	53.67
4.928574	0.4	12.	7.83	8.81	54.07477
6.451671	0.4	12.	23.17	-3.829362	53.67
5.105437	0.4	12.	24.47	19.495432	53.67
5.906924	0.4	12.	-35.45525	-40.45	53.67
4.540006	0.4	12.	-0.65	-34.25	55.865192
5.617279	0.4	12.	-34.26	-63.28	52.338426
6.189979	0.4	12.	-104.75	-43.38	46.89403
4.596966	0.4	12.	-104.75	-32.322486	52.76
5.193432	0.4	12.	-107.897897	-22.51	52.76
4.703574	0.4	12.	-86.15	-12.290429	52.64
5.289425	0.4	12.	-77.01	-18.204913	52.36
5.211527	0.4	12.	-33.94	44.45493	51.22
4.68153	0.4	12.	-5.87	23.81	51.353291
4.793756	0.4	12.	-15.328656	21.53	51.11
5.3141	0.4	12.	21.54	8.48	52.414783
5.502103	0.4	12.	24.397518	-18.27	51.11
4.562246	0.4	12.	42.42	-8.15	53.875901
5.121424	0.4	12.	-74.4	-101.469811	51.11
4.609324	0.4	12.	-68.53	-90.35	52.411379
4.565594	0.4	12.	-86.753497	-64.91	50.65
5.023556	0.4	12.	-98.749349	-62.3	50.65
5.526024	0.4	12.	-42.968553	-101.44	49.69
4.598083	0.4	12.	-13.469832	-45.99	49.18
5.897223	0.4	12.	-40.977764	-75.02	48.78
5.500278	0.4	12.	29.37	-55.45	43.100502
5.012821	0.4	12.	0.65	-43.38	47.776344
4.549253	0.4	12.	-21.86	-40.239751	51.56
6.428168	0.4	12.	-20.137226	-29.03	51.56
5.579843	0.4	12.	-27.09	-2.61	47.480573
4.583835	0.4	12.	-26.146932	7.83	51.22
4.639319	0.4	12.	-92.68	-40.558486	50.99
4.780504	0.4	12.	-89.239673	0.98	50.99
4.797771	0.4	12.	38.738871	18.59	50.6
5.458225	0.4	12.	-25.78	-97.319708	49.35
5.230608	0.4	12.	-14.36	-97.047554	49.35
5.821155	0.4	12.	-87.46	-80.56	49.332747
5.052188	0.4	12.	-100.008586	-72.74	49.35
4.595061	0.4	12.	55.976098	-25.44	48.38
4.55977	0.4	12.	-5.258798	-53.17	48.38
5.137041	0.4	12.	-31.56971	-87.74	48.38
4.622389	0.4	12.	-57.11	13.7	52.106824
5.114691	0.4	12.	-29.7	-28.05	45.127689
5.743754	0.4	12.	-29.04	-16.871574	47.58
5.644391	0.4	12.	-7.51	8.905049	47.58
6.122148	0.4	12.	28.06	13.05	43.957821
5.704333	0.4	12.	-58.09	-91.65	46.047072
4.63283	0.4	12.	-52.86	-110.57	46.699788
4.672142	0.4	12.	-68.2	-67.122512	47.58
6.087418	0.4	12.	-84.903597	-92.96	47.41
4.647274	0.4	12.	-93.581753	-50.23	47.41
5.020413	0.4	12.	-20.23	14.303906	45.88
5.997687	0.4	12.	44.71	10.76	43.287454
7.991682	0.4	12.	31.	27.422627	45.2
5.528104	0.4	12.	-91.894602	9.46	43.95
4.49493	0.4	12.	16.078169	22.51	43.95
5.372137	0.4	12.	13.05	34.62629	43.95
4.749678	0.4	12.	0.40359	35.55	43.95
4.529284	0.4	12.	-45.69	11.041336	43.95
4.836085	0.4	12.	0.	-0.98	40.88918
5.475927	0.4	12.	31.305625	-9.13	43.38
5.286415	0.4	12.	2.28	-14.058948	43.72
4.651511	0.4	12.	-37.53	-70.45	37.519363
5.36992	0.4	12.	-32.96	-36.86	35.430227
5.741307	0.4	12.	10.44	-85.583091	40.53
4.699793	0.4	12.	-70.49	-106.584509	40.53
5.668766	0.4	12.	-80.6	-101.377838	38.89
6.258126	0.4	12.	-72.12	-91.65	33.834934
5.056278	0.4	12.	-89.09	-84.086269	39.17
4.867474	0.4	12.	-95.61	-74.865597	39.23
4.645766	0.4	12.	-98.136532	-64.91	39.17
5.349498	0.4	12.	-84.19	-66.151365	39.23
4.681509	0.4	12.	-93.62894	-40.12	39.11
4.8032	0.4	12.	-79.95	-16.107096	38.54
5.321352	0.4	12.	-83.87	-4.57	41.276059
4.653908	0.4	12.	-6.2	21.85	41.112502
4.50669	0.4	12.	6.489066	5.54	38.26
4.745704	0.4	12.	13.501131	-9.13	38.15
4.916473	0.4	12.	18.6	11.10156	37.98
4.769249	0.4	12.	42.934964	-9.79	37.46
6.110481	0.4	12.	18.93	-55.974405	37.46
5.0671	0.4	12.	-3.390495	-54.8	37.01
5.014513	0.4	12.	-35.57	-92.31	36.558424
4.827171	0.4	12.	-50.926335	-107.64	36.21
5.778799	0.4	12.	-60.37	-98.658968	36.1
4.507417	0.4	12.	-83.54	-92.31	32.782437
4.634202	0.4	12.	-34.282234	-25.44	35.82
4.760704	0.4	12.	-25.843262	-15.33	35.82
4.481733	0.4	12.	-29.908021	-0.65	35.42
4.528388	0.4	12.	-16.97	-4.681818	35.02
4.772334	0.4	12.	-16.97	5.515777	35.3
5.465683	0.4	12.	-10.657146	30.01	35.3
6.831067	0.4	12.	-56.125537	16.96	35.3
4.633573	0.4	12.	-15.99	17.156407	35.3
4.58301	0.4	12.	29.04	5.415107	35.13
4.550099	0.4	12.	23.882858	31.96	35.13
6.026944	0.4	12.	-103.272081	-47.62	35.13
4.481538	0.4	12.	-24.613805	-43.05	34.17
4.716917	0.4	12.	-25.78	-29.625539	34.28
6.152024	0.4	12.	-44.133157	-54.8	34.28
7.167212	0.4	12.	-61.68	-48.6	34.112891
5.408326	0.4	12.	-85.17	-48.93	30.318608
4.983956	0.4	12.	-94.31	-55.45	36.674742
4.945884	0.4	12.	-66.9	-72.74	34.212254
4.647613	0.4	12.	-57.43	-10.44	32.79016
6.393225	0.4	12.	10.44	38.847814	31.89
5.694309	0.4	12.	19.91	20.984539	31.89
4.682145	0.4	12.	-43.73	22.51	29.44999
6.781713	0.4	12.	-92.02	5.87	25.590138
6.283498	0.4	12.	3.59	-43.71	33.051283
5.46355	0.4	12.	1.628632	-30.33	30.13
5.525902	0.4	12.	-57.76	-34.294604	29.68
5.814112	0.4	12.	-4.57	-6.52	32.848687
4.556853	0.4	12.	34.151007	-16.96	29.39
5.803179	0.4	12.	27.850694	-7.83	29.45
5.100043	0.4	12.	34.92	0.497441	28.48
6.708297	0.4	12.	30.67	-60.67	27.478885
4.833225	0.4	12.	31.218006	-45.99	28.03
5.255098	0.4	12.	19.25	-42.605066	28.25
4.587967	0.4	12.	20.88	-54.8	24.61121
4.760095	0.4	12.	-73.75	-43.181793	28.03
5.191938	0.4	12.	-80.28	-26.33406	27.63
5.081533	0.4	12.	-73.1	-8.81	25.173821
4.961528	0.4	12.	-63.456753	-64.26	27.63
4.90458	0.4	12.	-83.691414	-83.5	27.63
6.240839	0.4	12.	-87.46	-72.516145	27.63
5.021112	0.4	12.	-98.114985	-66.54	27.63
6.526676	0.4	12.	-77.787382	-109.59	27.34
4.765694	0.4	12.	-43.73	-100.366363	27.34
6.098602	0.4	12.	-47.335259	-87.74	26.66
5.400456	0.4	12.	-37.53	-72.591061	27.06
4.986406	0.4	12.	-31.596621	-82.85	27.06
6.728652	0.4	12.	-27.41	-95.685177	26.44
4.528177	0.4	12.	12.071903	-62.95	26.83
5.267362	0.4	12.	-12.497949	-44.36	26.26
5.312942	0.4	12.	-3.59	-60.277929	26.49
4.574502	0.4	12.	9.46	-0.98	29.564008
4.644097	0.4	12.	0.581012	1.3	26.49
5.177483	0.4	12.	16.32	7.5	28.600791
5.609328	0.4	12.	13.71	-12.908042	26.44
5.188533	0.4	12.	-23.921726	-19.24	25.53
5.665588	0.4	12.	-27.41	-8.274205	25.53
6.675127	0.4	12.	43.545759	-11.09	25.13
7.285525	0.4	12.	-95.61	-34.751143	25.13
6.437906	0.4	12.	-59.764759	-91.65	25.13
6.381296	0.4	12.	-90.421665	-95.57	24.62
5.184275	0.4	12.	-78.97	-98.18	23.980787
5.923608	0.4	12.	-53.19	-105.692878	24.67
6.033482	0.4	12.	-39.16	-35.282138	24.1
5.135671	0.4	12.	-8.81	-14.763641	24.1
5.881669	0.4	12.	25.13	-18.781721	24.1
4.540788	0.4	12.	-10.801371	0.	24.1
4.69756	0.4	12.	-6.85	18.801206	24.1
5.896288	0.4	12.	-12.4	29.843922	23.48
5.75973	0.4	12.	17.95	29.192765	23.93
5.247701	0.4	12.	-53.604401	13.7	23.37
4.520391	0.4	12.	-25.78	-37.84	23.946327
4.606674	0.4	12.	-29.7	-26.914984	23.19
4.903763	0.4	12.	-40.600672	-59.69	23.14
5.043118	0.4	12.	-57.336445	-51.21	22.68
4.929311	0.4	12.	-95.707225	-52.19	22.68
4.920033	0.4	12.	-84.320257	-40.45	22.46
4.576285	0.4	12.	-62.98	-74.063637	21.83
5.003653	0.4	12.	-86.48	-62.95	19.414299
4.577762	0.4	12.	-66.9	-99.81	17.108821
7.288218	0.4	12.	-65.27	-111.150358	20.47
5.108632	0.4	12.	-21.54	-67.854072	20.92
6.215309	0.4	12.	-26.43	-55.12	22.255841
5.057333	0.4	12.	2.61	-47.736838	20.24
4.770391	0.4	12.	33.5771	-34.57	20.24
4.826638	0.4	12.	13.734057	19.24	19.9
4.688155	0.4	12.	-43.246919	-20.22	19.61
4.717368	0.4	12.	-52.54	-13.7	21.373016
4.675684	0.4	12.	-51.212978	3.91	19.39
5.748698	0.4	12.	-69.387942	-27.07	19.22
5.971047	0.4	12.	-60.04	-37.501705	18.65
4.605871	0.4	12.	-48.3	-64.91	20.164387
6.140654	0.4	12.	-58.09	-58.38	12.470924
4.644948	0.4	12.	-3.26	-28.05	21.220921
5.07735	0.4	12.	6.100468	-28.05	18.25
4.760983	0.4	12.	25.591306	-27.72	18.25
5.184908	0.4	12.	28.06	-9.084748	17.51
5.991879	0.4	12.	26.76	19.462053	18.02
5.147468	0.4	12.	-71.14	-39.49267	17.96
4.515928	0.4	12.	-83.87	-90.559146	16.94
6.004262	0.4	12.	-82.763374	-78.28	16.94
6.554728	0.4	12.	-69.51	-62.327215	16.94
6.107231	0.4	12.	-71.642639	-88.39	16.94
5.612217	0.4	12.	29.956024	-44.36	16.94
4.795075	0.4	12.	6.85	-54.8	14.113903
5.911983	0.4	12.	13.737211	-64.58	16.37
5.378329	0.4	12.	22.52	-57.08	11.219699
5.07349	0.4	12.	-33.61	-92.63	15.577518
5.754781	0.4	12.	-43.08	-100.643502	16.03
5.303283	0.4	12.	-33.61	-78.61	16.280847
5.390056	0.4	12.	12.73	-4.24	14.521029
5.475949	0.4	12.	-4.89	-8.463303	15.63
4.571478	0.4	12.	-39.49	5.375035	15.18
5.990386	0.4	12.	-23.245264	-13.7	15.18
5.125188	0.4	12.	-32.970443	-19.9	15.18
4.502741	0.4	12.	1.470202	2.94	14.89
4.570294	0.4	12.	23.607562	9.46	14.72
5.194565	0.4	12.	-9.448351	-40.12	14.44
5.614216	0.4	12.	-6.85	-51.21	15.407375
4.532343	0.4	12.	-2.61	-63.224009	13.42
4.893889	0.4	12.	-27.41	-44.36	15.465154
4.834631	0.4	12.	-49.343549	-34.25	12.56
6.235071	0.4	12.	-45.03	-57.535358	12.17
5.19193	0.4	12.	-31.98	-33.35656	11.54
4.656606	0.4	12.	28.06	-17.61	12.054928
4.53931	0.4	12.	-9.79	18.706148	10.8
5.47008	0.4	12.	-12.73	1.299233	10.18
5.427837	0.4	12.	-51.680693	12.39	10.57
5.954052	0.4	12.	-24.15	-59.783343	10.57
4.661486	0.4	12.	-62.	-75.67	8.091904
5.542415	0.4	12.	-55.48	-97.53	10.626051
6.919334	0.4	12.	-14.986059	-68.82	9.89
5.768416	0.4	12.	-15.66	-49.9	5.30865
4.586444	0.4	12.	11.75	-44.62456	9.49
5.024401	0.4	12.	12.4	17.254748	9.61
5.782162	0.4	12.	-4.57	9.460504	9.61
4.782822	0.4	12.	-29.7	18.92	6.372602
4.504217	0.4	12.	-37.087936	-9.46	8.81
5.833644	0.4	12.	-52.86	-17.29	3.435883
5.09007	0.4	12.	-44.92625	-0.65	8.81
4.694599	0.4	12.	-40.14	-39.72045	8.81
6.021337	0.4	12.	-59.520658	-46.64	8.81
7.199979	0.4	12.	-38.787728	-69.15	8.81
5.768207	0.4	12.	-42.75	-82.605906	8.81
5.570532	0.4	12.	31.	-33.92	5.38141
4.612095	0.4	12.	18.27	-11.683305	8.58
4.64509	0.4	12.	18.859363	-29.36	8.13
4.715331	0.4	12.	-57.76	-30.33	6.985921
5.121984	0.4	12.	-68.53	-37.836221	7.39
5.861904	0.4	12.	-80.021299	-47.62	7.39
5.287325	0.4	12.	-6.85	-16.636434	6.82
5.056466	0.4	12.	0.98	-37.51	4.302915
5.716796	0.4	12.	1.96	-24.46	7.987654
4.861148	0.4	12.	1.759397	-11.09	6.59
4.886306	0.4	12.	27.41	-44.354089	6.59
6.880102	0.4	12.	-41.77	-96.22	1.387437
7.836178	0.4	12.	-23.942982	-88.07	3.98
4.536691	0.4	12.	4.89	-49.927981	4.55
4.486807	0.4	12.	-28.39	-14.942167	4.55
6.228993	0.4	12.	-37.85	-21.840101	4.55
5.865637	0.4	12.	-35.46196	6.52	4.6
5.147227	0.4	12.	-16.32	13.396786	4.55
4.770744	0.4	12.	-12.643859	-37.84	4.15
5.722508	0.4	12.	-5.120152	-60.99	2.62
5.195257	0.4	12.	-36.460544	-47.62	2.62
5.653166	0.4	12.	-28.06	-73.946258	2.16
5.540439	0.4	12.	-44.05	-31.947049	2.22
5.530305	0.4	12.	-51.56	-40.345623	2.22
6.842895	0.4	12.	-16.32	-8.475509	2.22
4.670316	0.4	12.	13.71	1.4241	2.22
7.568115	0.4	12.	-6.85	-46.32	-4.280507
4.778152	0.4	12.	26.43	-16.31	-3.967033
4.513505	0.4	12.	-29.04	-41.422851	0.45
4.80167	0.4	12.	-42.75	-52.51	-3.972529
5.425756	0.4	12.	-20.56	-21.53	-1.115144
5.387395	0.4	12.	-31.98	-31.658455	0.45
5.824359	0.4	12.	-59.72	-81.87	-4.512903
5.435611	0.4	12.	-59.39	-64.91	2.85263
5.768195	0.4	12.	-64.29	-55.78	-1.755919
4.73891	0.4	12.	-26.43	-63.561303	0.45
7.894479	0.4	12.	25.78	-2.556554	0.45
7.894877	0.4	12.	1.31	26.980641	5.34
6.859878	0.4	12.	-14.36	30.297231	6.99
5.370505	0.4	12.	-55.786577	-84.8	13.08
5.01361	0.4	12.	-17.95	-25.44	16.278609
5.979951	0.4	12.	-81.91	-52.844765	19.04
4.780897	0.4	12.	-63.63	1.622878	19.61
6.172909	0.4	12.	-23.254426	18.27	19.95
6.75298	0.4	12.	-46.66	28.05	14.956233
6.475335	0.4	12.	-42.1	46.166242	20.75
6.348832	0.4	12.	-0.33	46.772555	20.92
6.214145	0.4	12.	-13.05	-84.205138	22.23
5.58576	0.4	12.	3.294908	-75.67	22.23
5.363709	0.4	12.	-87.13	-5.54	24.919446
5.863025	0.4	12.	-90.07	-18.900835	24.22
6.176448	0.4	12.	-71.030387	14.68	24.45
4.827761	0.4	12.	-29.212054	39.14	24.79
4.656919	0.4	12.	2.082813	-16.31	25.53
4.96087	0.4	12.	11.229792	-34.25	25.53
5.976251	0.4	12.	-49.28	-41.75	25.558328
5.591005	0.4	12.	-50.91	-76.768131	30.24
6.294313	0.4	12.	-41.44	4.24	30.993705
4.494673	0.4	12.	5.22	22.815761	30.41
5.609907	0.4	12.	29.009045	-31.96	30.76
6.179145	0.4	12.	-31.091414	-62.62	31.1
5.413109	0.4	12.	-12.4	-68.5	29.082923
5.509749	0.4	12.	-68.2	2.922001	31.1
5.175241	0.4	12.	-24.976013	22.18	31.27
4.513691	0.4	12.	9.79	14.68	33.95128
5.356571	0.4	12.	-15.66	42.287837	31.27
5.55076	0.4	12.	-2.61	40.77	33.380699
4.646313	0.4	12.	-16.32	-82.213256	33.83
4.648582	0.4	12.	-2.824381	-71.43	33.83
5.124408	0.4	12.	13.71	-22.28424	33.83
6.472228	0.4	12.	-15.236858	-19.24	34.96
5.294726	0.4	12.	-46.34	-43.395083	37.86
5.245137	0.4	12.	-36.341014	-81.87	37.86
5.900405	0.4	12.	-21.602009	-94.59	37.86
5.23026	0.4	12.	22.19	-69.8	33.620723
5.109294	0.4	12.	41.77	-19.57	34.840316
5.022853	0.4	12.	12.304855	-35.88	37.86
6.56996	0.4	12.	-68.2	-7.83	37.322247
6.607619	0.4	12.	-93.	-21.259375	38.94
4.639203	0.4	12.	-103.45	-29.68	36.089905
5.856089	0.4	12.	33.023791	-42.4	39.45
4.771754	0.4	12.	-0.33	-88.72	35.881354
5.558762	0.4	12.	-26.76	-74.04	35.167731
4.911376	0.4	12.	-33.890807	-104.7	39.74
4.819067	0.4	12.	-48.95	-86.842879	39.91
4.573776	0.4	12.	-9.226278	-10.76	41.56
5.022489	0.4	12.	22.84	-33.627575	41.73
5.050578	0.4	12.	-24.8	-63.28	44.740603
4.715753	0.4	12.	7.951982	-64.58	43.66
4.879702	0.4	12.	36.55	0.98	46.83463
4.989169	0.4	12.	-3.698383	-62.95	44.51
4.795185	0.4	12.	-8.81	-76.224586	44.51
5.902467	0.4	12.	-22.52	-81.22	44.007953
6.237027	0.4	12.	-31.17839	-49.9	44.51
4.608286	0.4	12.	-57.567105	-66.21	44.51
5.960108	0.4	12.	-61.02	-80.227243	44.51
4.732483	0.4	12.	14.03	-22.592886	45.65
4.813128	0.4	12.	-57.76	-40.138639	46.84
4.830745	0.4	12.	30.557453	-28.7	48.04
4.907488	0.4	12.	8.16	-52.16301	48.04
4.618027	0.4	12.	9.79	-36.86	48.620136
4.882092	0.4	12.	55.651557	-35.23	47.98
5.117193	0.4	12.	34.804532	-64.58	47.92
5.178355	0.4	12.	24.8	-70.78	45.020487
4.726483	0.4	12.	42.1	-26.265436	47.92
5.527225	0.4	12.	49.385512	-1.96	47.92
4.912822	0.4	12.	-38.18	5.128968	47.92
4.578325	0.4	12.	-36.55	21.116105	47.92
4.619362	0.4	12.	-14.68	0.	46.606132
5.096154	0.4	12.	-9.105896	-22.51	47.92
5.946212	0.4	12.	-46.66	-37.4395	47.92
5.043316	0.4	12.	13.38	-10.637789	50.2
4.789743	0.4	12.	42.42	-15.66	45.776623
4.669227	0.4	12.	32.352125	-38.81	50.2
5.171737	0.4	12.	35.527904	-48.6	50.2
5.654796	0.4	12.	-36.87	-112.430289	50.2
5.294654	0.4	12.	-47.64	-114.81	54.394991
4.760291	0.4	12.	-58.520545	-102.42	50.2
5.343706	0.4	12.	-48.089777	-89.37	50.2
4.494854	0.4	12.	-81.58	-48.022596	50.94
4.650529	0.4	12.	-95.968797	-24.14	50.99
6.359907	0.4	12.	-102.242656	-12.07	51.05
5.338304	0.4	12.	0.65	-72.74	51.144641
4.958774	0.4	12.	-0.65	-83.83	50.432977
5.546276	0.4	12.	-17.3	-15.66	48.727924
5.287199	0.4	12.	-60.04	-4.24	55.34331
4.650465	0.4	12.	-47.32	48.959337	52.42
5.56504	0.4	12.	-6.85	-64.285252	54.97
4.504184	0.4	12.	-17.95	-73.39	58.75617
4.623115	0.4	12.	-30.497223	-73.39	54.97
5.834251	0.4	12.	22.19	-35.271751	54.97
4.625607	0.4	12.	-66.9	3.59	56.841956
6.136159	0.4	12.	-54.282941	-79.26	54.97
5.764826	0.4	12.	-23.5	-59.224779	55.83
5.125934	0.4	12.	-58.215652	-39.14	58.78
5.021499	0.4	12.	-13.38	-52.533641	58.78
5.505399	0.4	12.	31.702365	-26.42	58.78
4.698977	0.4	12.	32.63	-70.061346	58.84
6.95972	0.4	12.	22.668888	-80.89	58.9
5.31248	0.4	12.	-5.22	-97.148603	58.95
5.364068	0.4	12.	-24.104968	-108.62	58.95
7.417839	0.4	12.	-74.73	-125.609395	58.95
5.941858	0.4	12.	-87.471008	-110.9	58.95
5.131391	0.4	12.	-85.544296	-92.63	59.12
4.897136	0.4	12.	-64.61	-66.87	59.484321
4.752879	0.4	12.	-37.953078	-50.56	59.69
6.500617	0.4	12.	52.86	-39.533133	59.69
4.889415	0.4	12.	-35.9	13.902226	59.69
4.986445	0.4	12.	31.477066	-40.45	61.63
4.616469	0.4	12.	-76.36	-59.487892	63.05
4.558054	0.4	12.	-68.53	-40.77	66.017167
5.167972	0.4	12.	-39.16	-19.839304	63.16
4.961644	0.4	12.	-2.28	-18.59	67.505773
4.539527	0.4	12.	24.15	-24.09875	67.42
4.914911	0.4	12.	17.615119	-44.36	67.42
5.59487	0.4	12.	-21.86	-80.318882	67.65
4.531927	0.4	12.	-31.710977	-72.74	67.65
5.072686	0.4	12.	-41.069677	-38.81	68.5
4.637391	0.4	12.	-22.468061	10.76	68.5
4.628241	0.4	12.	-56.533603	-14.03	69.3
5.266684	0.4	12.	10.607555	-53.82	69.3
6.023621	0.4	12.	-9.46	-62.3	66.906387
4.777651	0.4	12.	-14.390893	-36.21	69.41
5.982397	0.4	12.	-7.83	-103.380761	69.47
4.995336	0.4	12.	-20.823778	-108.94	69.47
5.527743	0.4	12.	-27.075293	-119.05	69.47
6.653795	0.4	12.	-40.46	-128.78539	69.58
4.712471	0.4	12.	-1.734416	-93.29	69.58
5.344243	0.4	12.	15.99	-86.448752	69.58
7.262835	0.4	12.	31.98	-67.52	73.966484
5.999068	0.4	12.	41.660987	-24.79	69.58
5.207965	0.4	12.	-52.86	-35.426828	69.58
5.634542	0.4	12.	-49.783719	-46.97	69.58
4.629603	0.4	12.	-90.020863	-86.11	69.75
5.606817	0.4	12.	-114.54	-74.780935	70.04
5.204919	0.4	12.	-56.78	-84.319553	70.21
5.560247	0.4	12.	-38.184555	-53.17	71.35
5.30526	0.4	12.	-56.45	-122.291163	72.71
6.518916	0.4	12.	-68.53	-117.1	78.108792
5.134653	0.4	12.	-80.28	-114.253082	72.71
5.153938	0.4	12.	-65.27	-90.867642	72.71
6.349614	0.4	12.	33.61	-37.84	72.796762
4.6666	0.4	12.	27.242503	-13.37	72.71
4.837483	0.4	12.	8.81	-22.764303	72.71
5.798203	0.4	12.	-12.895255	-12.72	72.71
6.104822	0.4	12.	-23.17	-4.179507	72.71
4.958224	0.4	12.	-32.388727	11.68	72.71
4.734242	0.4	12.	-35.289072	-1.04	73.62
5.379127	0.4	12.	-85.18	-18.963263	74.02
4.880141	0.4	12.	-88.44	-67.9	75.039042
5.687503	0.4	12.	-81.390706	-55.83	74.13
4.89185	0.4	12.	-23.200159	-25.83	74.08
4.83125	0.4	12.	-1.97	-12.407983	75.1
5.914613	0.4	12.	-20.088743	26.69	75.1
5.926179	0.4	12.	-36.56	32.56	80.240542
5.315852	0.4	12.	-29.38	-63.01	75.170706
4.49354	0.4	12.	6.52	-72.79	73.814959
5.95858	0.4	12.	8.951623	18.53	78.62
4.602054	0.4	12.	19.781427	-41.16	78.68
4.899256	0.4	12.	17.94	-25.5	79.949492
4.563431	0.4	12.	19.427826	-15.39	78.68
5.631055	0.4	12.	31.32	-2.895338	78.68
4.565635	0.4	12.	-19.26	12.99	77.207485
4.791902	0.4	12.	-9.8	-1.298051	78.68
5.858414	0.4	12.	-51.9	38.014746	78.68
6.938938	0.4	12.	-38.19	-39.2	81.567612
5.968329	0.4	12.	-49.61	-63.01	82.94397
5.084943	0.4	12.	-25.46	-73.12	82.400524
5.813912	0.4	12.	-69.84	-58.484041	79.31
5.213315	0.4	12.	-52.55	0.27	77.778524
6.425761	0.4	12.	-64.146503	-1.36	79.42
5.823688	0.4	12.	-75.015991	10.05	79.48
6.399573	0.4	12.	7.5	-59.250591	79.87
5.60155	0.4	12.	-10.614051	-50.61	79.87
6.325459	0.4	12.	32.95	-24.52	80.345852
5.734161	0.4	12.	20.22	-72.923486	79.87
4.514011	0.4	12.	-16.98	-97.94828	79.87
5.769196	0.4	12.	-77.67	-98.89	82.169064
6.387362	0.4	12.	-79.31	-85.069201	79.87
4.685312	0.4	12.	-91.38	-94.70476	79.87
4.514569	0.4	12.	-102.8	-74.924782	79.87
5.043286	0.4	12.	-57.12	-46.05	82.361659
5.938463	0.4	12.	-53.53	-34.31	82.506727
6.159015	0.4	12.	-63.568804	-22.89	80.1
4.694093	0.4	12.	-36.56	-13.821734	81.58
5.063038	0.4	12.	-69.486361	19.19	81.64
5.193365	0.4	12.	-12.693083	37.45	81.69
4.524075	0.4	12.	1.3	31.558421	81.69
5.104618	0.4	12.	40.999659	3.53	81.69
6.929451	0.4	12.	-42.43	-51.59	86.607569
6.676397	0.4	12.	-61.03	-107.37	87.885209
7.617067	0.4	12.	-31.99	-121.052458	83.46
5.442221	0.4	12.	37.19	-44.991861	83.8
5.54587	0.4	12.	-87.14	-73.991772	86.92
5.952558	0.4	12.	-74.455001	-44.74	86.7
5.752481	0.4	12.	-92.49322	-45.72	87.26
6.388521	0.4	12.	-87.266817	-21.91	87.49
5.049862	0.4	12.	-72.13	-15.92769	87.55
5.494806	0.4	12.	-54.51	-12.724742	87.83
4.794985	0.4	12.	-22.096047	-19.63	87.55
7.094719	0.4	12.	-26.12	-2.613876	87.72
4.760778	0.4	12.	-10.45	29.749735	88.12
6.137471	0.4	12.	-64.3	7.631736	88.46
5.025596	0.4	12.	-32.176419	-61.05	88.52
6.252128	0.4	12.	8.530373	-78.34	88.57
5.557529	0.4	12.	4.56	-95.930822	88.74
5.322598	0.4	12.	21.85	-48.98	91.147461
5.441255	0.4	12.	27.4	4.51	94.226601
5.685362	0.4	12.	30.34	-7.90971	89.2
5.464212	0.4	12.	-21.55	11.072498	89.25
4.513724	0.4	12.	-45.04	41.132352	89.25
5.530356	0.4	12.	-13.06	-9.365365	89.25
5.008077	0.4	12.	-41.78	-34.31	93.318062
4.910767	0.4	12.	-32.32	15.92	88.235092
4.739051	0.4	12.	-50.92	29.3	90.295945
5.091892	0.4	12.	11.41	-65.014116	90.05
5.886307	0.4	12.	-101.17	-77.737809	90.11
4.741248	0.4	12.	-101.82	-51.27	88.561731
5.153818	0.4	12.	-19.210729	-102.15	90.11
4.710405	0.4	12.	-9.47	-103.774169	90.11
4.981028	0.4	12.	-0.34	-62.36	91.646759
5.347672	0.4	12.	-21.22	-59.42	92.902873
6.252248	0.4	12.	22.83	-66.445012	91.24
4.55582	0.4	12.	24.47	-33.677575	91.53
5.325182	0.4	12.	42.09	-6.91	88.244722
5.250927	0.4	12.	-39.932933	-1.69	92.38
5.16432	0.4	12.	-68.21	21.14	91.84066
4.503071	0.4	12.	19.9	26.04	92.820884
4.886082	0.4	12.	39.15	3.623019	92.55
4.614406	0.4	12.	-1.556249	33.54	92.55
5.191568	0.4	12.	-16.33	21.985775	92.84
5.908433	0.4	12.	-23.594196	-83.56	95.62
4.666112	0.4	12.	-35.58	-81.6	99.301435
5.120283	0.4	12.	37.84	-46.681835	95.68
5.607953	0.4	12.	-100.84	-23.54	99.664569
4.59104	0.4	12.	-84.674951	-18.98	97.78
6.225598	0.4	12.	-72.13	-17.34	99.898211
4.832138	0.4	12.	-94.97	-14.74	99.183191
4.614939	0.4	12.	16.31	15.27	96.155417
4.552914	0.4	12.	10.11	4.548836	98.07
6.110628	0.4	12.	3.58	-5.6	98.64171
4.562949	0.4	12.	-38.84	-116.17	104.212451
5.200479	0.4	12.	-32.32	-103.78	105.427521
4.797363	0.4	12.	-13.999022	-97.91	100.85
6.353137	0.4	12.	0.657014	-96.6	100.85
4.751913	0.4	12.	10.928234	-77.36	100.85
5.384984	0.4	12.	-102.48	-49.31	105.048336
8.065742	0.4	12.	-103.78	-79.479062	110.63
6.044077	0.4	12.	-114.88	-69.487058	110.63
5.530609	0.4	12.	-101.82	-26.217666	113.25
6.987086	0.4	12.	-94.445572	-14.08	113.25
4.811733	0.4	12.	-84.85	-22.113057	113.25
4.542002	0.4	12.	-73.554825	-6.91	113.25
6.485229	0.4	12.	-6.537272	-97.91	113.25
5.732177	0.4	12.	-37.21	-13.575754	93.35
4.504145	0.4	12.	-39.17	-57.14	97.736753
6.836758	0.4	12.	-58.947375	-39.85	94.88
4.898107	0.4	12.	-64.3	-26.48	99.685155
7.255366	0.4	12.	-58.75	-60.07	97.60563
6.452783	0.4	12.	-73.11	-49.64	106.983508
5.082137	0.4	12.	-32.32	-36.261443	101.14
5.309568	0.4	12.	-60.38	-10.387332	101.14
5.440667	0.4	12.	-21.87	-16.04	101.412252
7.722362	0.4	12.	-82.345062	-30.39	101.99
5.356745	0.4	12.	-47.65	-43.761582	105.06
4.837755	0.4	12.	-34.834982	-47.35	105.06
7.682277	0.4	12.	-48.0682	-17.02	105.06
5.649428	0.4	12.	-37.297037	0.92	105.06
6.411733	0.4	12.	-53.962938	-33.65	105.91
5.34225	0.4	12.	-70.17	6.47	109.119763
5.346288	0.4	12.	-46.000412	-58.12	108.92
7.304355	0.4	12.	-67.460388	-36.26	109.21
4.682047	0.4	12.	-16.98	-30.07	112.433021
4.596811	0.4	12.	-68.21	-22.417012	110.06
7.959053	0.4	12.	-59.73	-62.36	113.795088
6.938719	0.4	12.	-90.08	-45.9756	110.06
4.557291	0.4	12.	-38.84	-31.172407	113.25
7.38516	0.4	12.	-59.73	-11.8	115.057983
6.383573	0.4	12.	-33.354166	-15.71	113.25
6.170563	0.4	12.	-3.6	-2.362541	117.51
5.883376	0.4	12.	-47.	4.83	117.985446
5.155092	0.4	12.	-47.33	-11.47	118.14092
5.970812	0.4	12.	-60.119794	3.2	117.51
5.857093	0.4	12.	-54.51	-26.700704	117.57
5.916521	0.4	12.	-27.09	-40.83	114.025734
6.52006	0.4	12.	-51.24	-41.763421	118.7
5.181394	0.4	12.	-32.32	-54.594221	118.93
6.388417	0.4	12.	-72.45	19.389835	119.9
6.511106	0.4	12.	-15.35	-41.322594	120.92
5.180469	0.4	12.	-21.393121	-25.5	120.92
5.013973	0.4	12.	-75.06	-24.057344	120.92
6.310141	0.4	12.	-60.05	15.6	119.824085
4.709	0.4	12.	-40.47	-61.38	122.574844
6.120732	0.4	12.	-71.903826	-13.1	124.84
4.720153	0.4	12.	-82.57	-5.28	125.308397
5.415557	0.4	12.	-93.99	-4.340013	125.98
5.908676	0.4	12.	-46.28072	-29.74	126.04
4.518282	0.4	12.	-37.86	-16.341979	126.15
6.308451	0.4	12.	3.345707	20.49	126.78
5.982085	0.4	12.	-29.38	-41.093829	130.93
5.276022	0.4	12.	-16.98	-31.37	130.880996
5.213741	0.4	12.	-5.726163	-1.69	130.93
6.372716	0.4	12.	-37.381459	2.88	130.93
4.902787	0.4	12.	-67.450944	9.73	130.93
4.597	0.4	12.	-81.92	5.507717	130.93
5.906121	0.4	12.	-53.787413	7.12	130.93
5.131756	0.4	12.	-58.577233	-6.91	130.93
5.840133	0.4	12.	-13.06	-15.71	135.109608
6.234759	0.4	12.	-28.830442	-15.39	132.23
4.821578	0.4	12.	-24.81	0.721645	132.23
7.352616	0.4	12.	-72.13	-1.36	134.778598
5.521508	0.4	12.	-75.073282	19.19	132.23
4.781332	0.4	12.	-31.01	-30.07	133.348548
5.670515	0.4	12.	-16.98	-47.736443	132.86
6.356003	0.4	12.	-54.83	-19.579634	133.26
5.117814	0.4	12.	-42.76	-8.21	143.070704
5.811521	0.4	12.	-45.37	-19.95	145.509776
6.44114	0.4	12.	-31.01	-19.63	145.786001
4.732441	0.4	12.	-5.88	-12.372679	142.47
4.925854	0.4	12.	-22.409655	-10.82	142.47
5.201059	0.4	12.	-31.34	-5.264944	142.47
5.626876	0.4	12.	-25.79	7.12	143.11906
4.987672	0.4	12.	-44.06	7.721547	142.47
7.009623	0.4	12.	-56.46	12.753906	142.47
5.559096	0.4	12.	-72.13	14.009628	142.47
4.672316	0.4	12.	-71.15	20.16	161.548469
4.505854	0.4	12.	-61.36	19.19	167.706306
5.495047	0.4	12.	-50.26	12.34	172.671395
5.735353	0.4	12.	-39.17	16.320793	172.71
6.378636	0.4	12.	-65.6	19.785411	178.68
5.633961	0.4	12.	-49.94	21.47	183.810535
4.69896	1.	11.	-27.74	-36.53	176.124233
4.34763	1.	11.	-28.72	-49.120584	178.85
5.702908	1.	11.	-37.2	-47.95	172.75286
4.897681	1.	11.	-37.2	-36.53	178.248311
4.485372	1.	11.	-30.35	-11.42	171.672539
4.622238	1.	11.	-22.93907	-5.54	166.4
4.728592	1.	11.	-27.09	-42.08	161.044789
4.360352	1.	11.	-26.76	19.301643	162.53
5.130053	1.	11.	-31.778807	-59.36	162.53
4.609574	1.	11.	-20.56	-59.640262	161.74
5.004899	1.	11.	-30.35	-5.370615	160.2
5.147219	1.	11.	-15.971652	13.7	160.09
4.772745	1.	11.	-31.65	-35.78918	154.46
5.297485	1.	11.	-14.566249	13.05	149.69
5.515074	1.	11.	-17.69062	-28.05	149.17
4.369576	1.	11.	-28.72	-66.21	152.539354
4.496442	1.	11.	-21.54	-65.89	147.112945
5.612685	1.	11.	-37.123506	18.27	148.55
4.974345	1.	11.	-23.623905	18.92	147.75
4.79783	1.	11.	4.57	-9.026989	144.63
4.524042	1.	11.	-1.481469	35.23	142.58
5.495211	1.	11.	-12.4	33.27	144.429417
4.728965	1.	11.	-14.03	22.357646	141.9
4.683389	1.	11.	-51.56	28.38	144.71931
5.418972	1.	11.	-30.524714	-66.21	138.66
5.340667	1.	11.	-21.718111	-24.46	138.66
4.608769	1.	11.	-15.99	13.7	137.057583
4.624068	1.	11.	-39.16	23.09657	138.26
4.580135	1.	11.	-4.57	14.121156	138.26
4.747878	1.	11.	-90.72	27.07	131.66139
4.991924	1.	11.	-79.62	28.05	138.71911
5.422325	1.	11.	-31.98	13.519053	134.22
4.971497	1.	11.	2.326912	-11.09	134.22
4.363599	1.	11.	-42.572497	41.75	134.22
4.814952	1.	11.	-13.05	34.9	134.052399
4.596093	1.	11.	-12.07	21.023115	130.7
4.460751	1.	11.	-19.25	27.531704	130.7
5.275269	1.	11.	-3.951897	31.31	130.75
4.334222	1.	11.	-29.7	43.38	130.069681
5.169207	1.	11.	18.233575	-22.51	130.75
5.388338	1.	11.	18.6	-9.79	125.939986
4.331193	1.	11.	-30.714787	23.16	130.75
5.702124	1.	11.	-53.19	19.800343	130.53
5.227091	1.	11.	23.82	23.81	129.56151
4.685384	1.	11.	-3.957645	8.81	127.86
5.056189	1.	11.	-60.7	50.56	131.019864
4.515078	1.	11.	-28.200782	12.39	121.2
5.125983	1.	11.	23.915338	37.51	121.2
4.485738	1.	11.	31.	26.031236	120.12
5.97423	1.	11.	-26.43	-7.823059	120.24
4.923347	1.	11.	-10.12	32.690724	120.24
4.827599	1.	11.	-37.2	28.430436	122.06
4.372901	1.	11.	-35.405689	19.57	119.1
4.860669	1.	11.	-69.51	-42.4	119.985198
5.09614	1.	11.	16.97	-26.378587	120.35
4.952895	1.	11.	29.7	-5.22	118.623601
4.447659	1.	11.	-79.3	28.05	121.856004
5.692214	1.	11.	-2.61	11.89588	114.72
6.260761	1.	11.	-14.686723	15.98	115.97
4.39964	1.	11.	17.95	-16.96	114.027997
4.521836	1.	11.	27.09	-16.96	108.687211
4.558717	1.	11.	33.94	13.05	112.179592
6.20545	1.	11.	-54.82	66.245035	112.34
4.449658	1.	11.	-69.361275	29.03	112.22
5.094629	1.	11.	21.358823	47.29	111.65
6.339748	1.	11.	-12.4	-73.71	114.675995
4.627604	1.	11.	-39.16	24.104474	111.54
4.8186	1.	11.	-38.51	34.9	113.294533
5.817414	1.	11.	-2.212054	38.49	111.31
4.34346	1.	11.	7.83	-32.015884	109.44
4.335781	1.	11.	14.36	-25.77	111.052155
5.899985	1.	11.	-24.15	-5.22	105.042722
4.629367	1.	11.	-23.17	5.710343	109.44
4.480619	1.	11.	-9.14	-41.42	110.764747
5.337583	1.	11.	-82.56	23.81	112.116546
4.785761	1.	11.	-95.61	22.83	110.834178
5.198209	1.	11.	-35.57	44.241648	106.08
4.743864	1.	11.	-12.4	25.44	107.165442
4.944833	1.	11.	-59.72	1.63	102.174943
4.364038	1.	11.	-62.65	14.165617	106.03
4.395465	1.	11.	-41.12	15.588728	106.03
4.353767	1.	11.	-29.7	-81.87	107.974451
4.824916	1.	11.	3.92	-41.42	98.825424
6.093352	1.	11.	-11.42	0.503706	102.67
5.117804	1.	11.	-8.16	15.	98.8008
4.765844	1.	11.	4.686517	-27.07	99.43
4.755492	1.	11.	-11.349571	-72.08	99.43
4.81067	1.	11.	-43.4	-74.401231	99.43
6.025242	1.	11.	-64.94	-75.340199	99.43
4.669992	1.	11.	-5.22	39.071043	99.43
5.163692	1.	11.	-55.15	51.86	94.018663
4.580102	1.	11.	-45.69	60.153054	97.78
4.795976	1.	11.	-41.77	51.54	97.306903
5.067196	1.	11.	-67.712595	28.38	99.2
4.725681	1.	11.	-11.75	-27.72	103.174371
4.689465	1.	11.	-4.24	24.79	96.66448
4.680275	1.	11.	-100.106127	22.51	96.13
4.73374	1.	11.	-108.591597	-15.98	95.79
4.649039	1.	11.	-12.07	-43.38	98.318274
5.19884	1.	11.	-19.91	-34.57	93.199955
4.563401	1.	11.	-36.404107	36.53	90.56
4.7479	1.	11.	-23.718216	36.53	90.96
4.412127	1.	11.	-25.197027	25.44	90.39
4.517648	1.	11.	-31.	57.73	94.491393
5.17761	1.	11.	-83.574992	-36.86	90.39
5.998934	1.	11.	-73.1	-32.297047	90.39
4.412833	1.	11.	-46.99	-4.24	86.201605
4.649249	1.	11.	-62.65	-2.61	92.068401
5.028388	1.	11.	-41.999293	8.81	89.65
5.308806	1.	11.	-7.453712	0.65	88.8
4.473454	1.	11.	-9.88211	10.44	89.31
4.573888	1.	11.	-4.57	42.08	89.857407
4.347437	1.	11.	6.53	-26.923054	89.31
4.639204	1.	11.	-39.938802	-78.93	87.55
4.854335	1.	11.	-69.18	-82.116808	87.78
4.380233	1.	11.	-81.26	-13.37	90.606298
4.63212	1.	11.	-39.246397	51.21	87.55
5.248447	1.	11.	-48.62	66.205627	87.55
5.543835	1.	11.	-9.14	-62.62	85.022438
4.460369	1.	11.	-50.58	-20.87	83.30418
4.96498	1.	11.	-42.164139	-24.79	86.87
4.758852	1.	11.	-24.15	-51.21	87.321884
4.826204	1.	11.	-8.31647	49.9	85.96
4.700824	1.	11.	-50.91	25.12	81.222394
5.122389	1.	11.	-23.17	38.286034	78.68
5.363102	1.	11.	-32.63	44.955847	74.3
5.19825	1.	11.	-43.73	26.305173	74.3
5.154646	1.	11.	-33.94	22.768129	74.3
4.787282	1.	11.	-79.645968	-10.11	74.3
4.403845	1.	11.	-86.254191	-44.36	74.3
4.522333	1.	11.	-64.94	-37.51	77.692184
5.319178	1.	11.	-41.810121	-23.81	74.3
4.508136	1.	11.	-45.074939	-5.87	74.3
4.550133	1.	11.	-77.99	-25.12	78.045239
4.693387	1.	11.	-71.79	-30.864444	74.3
4.632053	1.	11.	-91.7	31.493267	74.3
5.018802	1.	11.	-2.28	41.054499	74.3
4.616843	1.	11.	-15.01	42.4	72.854415
4.371686	1.	11.	-12.07	52.19	75.313144
4.491607	1.	11.	31.930295	41.42	74.36
5.455012	1.	11.	40.159476	31.31	74.36
4.923123	1.	11.	-16.182902	-68.17	74.36
5.031065	1.	11.	0.	-52.233327	74.13
4.88842	1.	11.	-9.787672	-27.07	74.13
5.759223	1.	11.	-84.52	-34.25	79.423655
4.684375	1.	11.	-58.74	-67.84	73.313741
4.557872	1.	11.	-72.940817	-70.13	74.08
4.711599	1.	11.	-70.49	-48.847602	73.96
4.690757	1.	11.	-28.06	-14.711849	73.79
4.770764	1.	11.	-43.08	51.7914	73.68
4.709243	1.	11.	-37.2	59.04	75.686029
4.400999	1.	11.	-7.51	-41.658403	73.22
4.543707	1.	11.	-46.34	-14.35	68.595973
4.539549	1.	11.	-38.18	-98.581481	67.25
4.526709	1.	11.	-90.39	-12.842295	79.87
4.385838	1.	11.	-56.13	18.975096	76.41
4.746274	1.	11.	-67.22	-81.454619	76.41
4.577582	1.	11.	-58.67744	-27.4	67.59
4.379398	1.	11.	-50.25	-71.625538	67.14
4.509268	1.	11.	-52.86	24.46	69.556622
4.591433	1.	11.	-57.43	34.57	67.38481
4.372347	1.	11.	15.01	17.29	63.571338
4.527573	1.	11.	11.42	28.039055	64.64
5.743757	1.	11.	2.687934	37.18	64.7
5.017251	1.	11.	-21.21	33.694012	64.7
5.804161	1.	11.	-58.09	7.156995	64.24
5.101614	1.	11.	-45.03	8.48	64.003312
5.118409	1.	11.	-44.335377	-30.01	64.24
5.591571	1.	11.	-67.891561	-30.33	64.24
5.314497	1.	11.	-79.3	-29.03	66.132893
5.179649	1.	11.	-9.46	43.734131	64.24
4.664777	1.	11.	23.17	39.954098	64.24
4.476694	1.	11.	-25.78	42.121141	64.24
5.298931	1.	11.	-24.850884	-26.75	63.67
4.576437	1.	11.	-53.84	-20.55	63.118483
4.676804	1.	11.	-0.98	-52.03859	64.01
5.176579	1.	11.	0.33	-37.84	66.637667
5.054052	1.	11.	3.928136	-26.75	64.01
4.39184	1.	11.	-36.55	21.53	64.944462
4.515989	1.	11.	-42.1	-5.644814	63.62
4.340179	1.	11.	-63.31	-48.793795	63.67
5.158955	1.	11.	-47.64	-48.185802	58.61
5.100288	1.	11.	-58.243888	-91.	58.61
4.862039	1.	11.	18.6	-45.66	57.592761
4.878977	1.	11.	-51.23	-65.936414	56.85
5.002505	1.	11.	-75.374074	9.46	56.85
4.330513	1.	11.	-84.910562	11.09	56.57
4.730449	1.	11.	-74.077815	22.18	56.57
4.367185	1.	11.	-78.97	-6.2	52.956402
4.36289	1.	11.	-39.555737	26.42	57.76
5.296281	1.	11.	-48.3	37.18	53.150783
4.609936	1.	11.	-85.82	-72.08	57.83704
5.383353	1.	11.	-8.48	33.27	60.389165
4.503243	1.	11.	2.480801	45.66	58.84
4.379836	1.	11.	-9.46	-33.669935	58.5
4.357372	1.	11.	-50.104914	16.31	58.5
4.501261	1.	11.	-65.27	-24.14	56.584165
4.551221	1.	11.	-61.35	-16.31	59.901781
4.333699	1.	11.	-89.74	-50.354461	58.04
4.75792	1.	11.	-70.81	-79.894425	57.02
4.899196	1.	11.	-25.13	38.16	53.762197
4.545318	1.	11.	-0.416828	30.99	54.86
4.776779	1.	11.	11.75	27.07	52.460477
4.346844	1.	11.	9.14	37.233129	54.01
5.007096	1.	11.	-47.64	-10.755791	54.29
5.613126	1.	11.	-51.914112	3.26	53.44
5.354201	1.	11.	-69.18	-36.318101	53.5
4.59682	1.	11.	-76.068985	-28.38	52.93
4.759277	1.	11.	-87.13	-31.449362	53.1
4.615658	1.	11.	-41.44	-21.351998	52.98
4.841206	1.	11.	7.18	-28.707573	52.93
4.478851	1.	11.	0.858331	-20.55	52.93
4.97962	1.	11.	-65.92	-46.60317	52.87
4.349937	1.	11.	-20.069646	29.68	52.59
4.988188	1.	11.	-20.56	49.9	50.893042
4.919981	1.	11.	-6.2	47.366751	52.59
4.413396	1.	11.	-42.75	15.30924	52.3
5.386919	1.	11.	-27.74	18.675672	52.3
4.504402	1.	11.	-40.440528	-3.59	51.68
4.682171	1.	11.	-58.41	-50.23	47.576907
4.51477	1.	11.	-79.011661	-70.45	50.08
4.423011	1.	11.	-54.82	-20.684521	53.15
5.377133	1.	11.	-69.675407	-5.54	49.12
5.009148	1.	11.	-73.42	-53.325446	49.12
4.583794	1.	11.	-64.383609	-57.73	49.12
4.629775	1.	11.	-11.213877	30.99	48.04
4.414362	1.	11.	-45.69	-51.099165	48.04
4.824548	1.	11.	-9.14	-36.873353	47.81
4.614836	1.	11.	-38.761588	-12.72	47.19
4.44139	1.	11.	-63.295597	-17.29	47.24
4.569339	1.	11.	-49.826046	20.22	46.33
4.491181	1.	11.	-70.49	15.98	48.179007
4.640254	1.	11.	-79.3	16.63	44.886022
5.175868	1.	11.	-76.143457	5.54	45.93
5.239139	1.	11.	17.329864	-46.64	45.82
5.160917	1.	11.	-20.049064	-53.82	45.82
4.416742	1.	11.	-31.933795	28.7	45.03
5.690622	1.	11.	-39.16	35.88	40.477942
4.61469	1.	11.	-41.604754	-28.38	45.37
6.73034	1.	11.	-66.57	31.275293	44.91
5.514695	1.	11.	-25.45	37.18	43.290646
4.958553	1.	11.	1.63	45.34	42.456253
4.930996	1.	11.	-44.38	-65.379193	44.51
4.565819	1.	11.	-51.56	-59.04	45.689423
4.763108	1.	11.	-55.48	-12.39	48.457085
5.839541	1.	11.	4.848203	24.46	43.6
4.798498	1.	11.	-15.66	41.643713	43.21
5.283163	1.	11.	-68.2	-40.211911	43.26
4.84477	1.	11.	-64.29	6.2	40.345336
4.484471	1.	11.	-55.221035	6.85	43.26
5.16983	1.	11.	-57.76	-26.755118	43.09
5.021294	1.	11.	-80.93	-37.084351	42.92
5.458646	1.	11.	-72.12	-24.187625	42.92
4.372261	1.	11.	-83.87	-27.022439	42.92
5.263015	1.	11.	-47.64	-7.18	41.548894
5.930765	1.	11.	1.982313	-26.09	42.75
4.672608	1.	11.	-51.23	-76.366965	42.75
5.032812	1.	11.	-50.445779	-18.59	42.58
4.651319	1.	11.	-18.6	26.770782	42.3
4.367702	1.	11.	-30.35	9.045237	42.3
4.696162	1.	11.	-43.73	20.22	39.309858
6.485043	1.	11.	-52.727108	30.33	42.3
4.755711	1.	11.	-76.36	-77.63	37.220013
4.503342	1.	11.	-75.06	-33.27	35.476073
4.783975	1.	11.	-53.19	0.98	35.410315
4.677706	1.	11.	-66.9	-60.5593	38.43
4.566101	1.	11.	-9.827707	-38.81	37.46
5.299502	1.	11.	-37.85	-8.556017	36.95
4.402521	1.	11.	-60.37	-21.53	34.086126
4.44056	1.	11.	17.795061	0.98	36.55
4.554354	1.	11.	-69.18	13.37	36.131264
4.65621	1.	11.	-25.78	52.19	34.239799
5.973695	1.	11.	-68.2	24.520703	33.48
4.387042	1.	11.	-80.28	5.22	30.971269
4.526432	1.	11.	-44.075837	-27.72	33.83
4.455924	1.	11.	-52.86	-60.67	36.678409
4.691305	1.	11.	-15.66	-54.925855	33.37
5.070061	1.	11.	-23.908434	34.25	31.67
4.409702	1.	11.	-34.862094	24.46	31.67
4.574407	1.	11.	-29.37	12.29135	30.98
4.777198	1.	11.	-46.518297	-12.72	31.38
5.003786	1.	11.	-74.91598	-74.04	25.58
5.218267	1.	11.	-64.584309	-18.59	25.36
4.38437	1.	11.	16.32	-1.63	23.697672
4.63964	1.	11.	-12.919163	-33.92	26.32
4.387666	1.	11.	-41.77	-47.62	19.275558
4.584323	1.	11.	-19.196291	1.63	20.01
4.63057	1.	11.	-23.648047	32.29	20.41
4.374729	1.	11.	-16.64	41.1	17.554984
4.915121	1.	11.	-5.87	9.13	23.34628
4.712442	1.	11.	7.18	12.07	21.98569
5.392734	1.	11.	1.63	24.79	20.303688
4.331088	1.	11.	-19.91	-37.18	17.283876
4.568987	1.	11.	-32.96	-66.54	20.289342
5.286873	1.	11.	-45.36	-75.294101	19.44
4.389565	1.	11.	-39.36791	-11.74	19.73
5.077561	1.	11.	-44.351892	-3.59	19.1
4.529413	1.	11.	-38.18	13.727957	19.56
5.432923	1.	11.	-33.94	30.883283	19.33
4.375735	1.	11.	-29.37	4.57	21.261604
5.326184	1.	11.	-29.37	52.053956	18.25
4.562431	1.	11.	-10.12	-29.68	11.838107
4.508893	1.	11.	14.68	7.625917	14.44
5.158116	1.	11.	-57.43	-19.443484	14.21
4.347856	1.	11.	-28.06	-3.496734	11.65
5.889203	1.	11.	-28.39	33.6	6.548943
4.390586	1.	11.	-45.03	-47.29	7.253394
4.640167	1.	11.	-21.86	-37.51	6.677152
4.344254	1.	11.	5.55	9.46	6.626838
4.621094	1.	11.	-42.032405	16.31	8.13
5.255545	1.	11.	-12.73	43.121451	7.5
4.379405	1.	11.	-21.54	5.796932	7.11
4.526946	1.	11.	-53.781132	-6.52	4.72
5.079125	1.	11.	-8.16	-29.153987	0.51
6.083949	1.	11.	-1.487994	-34.9	128.14
4.614328	1.	11.	-17.044403	5.54	128.71
4.575161	1.	11.	6.943936	-18.92	129.28