8.136121	0.4	12.	-91.37	35.904603	-6.
6.802779	0.4	12.	-174.91	99.673491	-172.
5.745097	0.4	12.	-155.33	93.389069	-172.
5.109749	0.4	12.	-133.47	93.346645	-171.
5.964236	0.4	12.	-188.847841	81.22	-171.
5.607062	0.4	12.	-193.51	41.42	-167.725759
6.949268	0.4	12.	-74.657936	144.17	-164.
6.921792	0.4	12.	-90.07	142.21	-170.89264
5.175522	0.4	12.	-123.35	110.412974	-166.
7.435104	0.4	12.	-125.58411	123.29	-166.
5.334379	0.4	12.	-101.16	110.25	-170.299198
4.482092	0.4	12.	-91.37	125.899945	-166.
6.243361	0.4	12.	-79.826442	111.22	-166.
5.610715	0.4	12.	-75.06	122.253308	-166.
6.44061	0.4	12.	-61.02	123.95	-169.63248
5.282973	0.4	12.	-82.23	133.204725	-166.
4.50982	0.4	12.	-115.19	40.12	-167.859206
6.706873	0.4	12.	-71.47	75.359446	-163.
5.364475	0.4	12.	-155.98	27.4	-162.743477
4.877936	0.4	12.	-170.974318	28.7	-163.
4.872237	0.4	12.	-149.44722	36.21	-163.
6.531503	0.4	12.	-160.060557	47.62	-163.
5.455799	0.4	12.	-144.24	45.01	-165.40278
6.274182	0.4	12.	-138.899106	105.03	-163.
4.929207	0.4	12.	-150.11	110.25	-166.942551
5.651776	0.4	12.	-159.25	122.64	-166.969446
5.119081	0.4	12.	-180.424946	111.22	-163.
7.141175	0.4	12.	-208.52	86.76	-168.868156
4.940112	0.4	12.	-210.48	74.267479	-163.
4.533653	0.4	12.	-209.065065	38.81	-159.
5.240688	0.4	12.	-127.92	17.381169	-159.
5.905511	0.4	12.	-121.72	29.36	-156.913999
6.094651	0.4	12.	-88.029918	37.51	-159.
5.732161	0.4	12.	-95.29	49.913283	-159.
7.681715	0.4	12.	-64.61	36.21	-164.519035
4.718524	0.4	12.	-41.095617	88.07	-158.
4.770244	0.4	12.	-42.562381	78.61	-158.
4.946233	0.4	12.	-58.41	76.32	-156.430401
7.513613	0.4	12.	-60.7	90.971193	-158.
5.402225	0.4	12.	-46.01	96.87	-160.576069
5.231993	0.4	12.	-149.78	99.882841	-158.
5.071806	0.4	12.	-183.07	96.55	-161.037265
5.147961	0.4	12.	-171.65	97.85	-160.403468
4.913651	0.4	12.	-128.25	130.636575	-156.
6.929499	0.4	12.	-139.99	133.176897	-155.
6.696587	0.4	12.	-155.01	-4.454092	-155.
4.916137	0.4	12.	-144.24	1.671325	-155.
5.211734	0.4	12.	-156.31	9.239512	-155.
4.53581	0.4	12.	-199.06	39.520983	-155.
4.644117	0.4	12.	-206.89	65.848098	-155.
5.536785	0.4	12.	-175.457734	77.96	-167.
4.960245	0.4	12.	-102.47	24.114171	-165.
5.013035	0.4	12.	-102.930298	41.75	-165.
5.674368	0.4	12.	-164.8	126.55	-157.815197
4.620327	0.4	12.	-183.923033	31.64	-161.
5.05994	0.4	12.	-183.07	42.213698	-161.
5.143264	0.4	12.	-194.16	74.04	-163.912025
5.261808	0.4	12.	-195.14	89.7	-158.246271
4.914844	0.4	12.	-147.83	78.28	-155.710213
5.283219	0.4	12.	-155.98	73.555324	-160.
7.182101	0.4	12.	-157.94	86.816333	-160.
4.709889	0.4	12.	-145.476015	87.41	-159.
4.68884	0.4	12.	-85.444163	145.8	-159.
6.455613	0.4	12.	-58.74	131.77	-155.037368
5.542442	0.4	12.	-129.559976	112.53	-155.
5.071454	0.4	12.	-121.39	119.991729	-154.
6.162947	0.4	12.	-97.57	138.319829	-153.
6.508661	0.4	12.	-66.9	115.388175	-154.
4.995572	0.4	12.	-81.824973	137.32	-154.
6.401764	0.4	12.	-134.348219	69.47	-155.
4.55976	0.4	12.	-103.12	47.62	-152.385414
6.038256	0.4	12.	-96.92	19.702071	-154.
5.640725	0.4	12.	-87.13	27.136286	-153.
5.661551	0.4	12.	-207.87	46.64	-148.603489
4.802088	0.4	12.	-166.326172	104.37	-152.
4.8771	0.4	12.	-178.5	104.05	-154.528434
5.735994	0.4	12.	-173.93	115.202353	-152.
5.69403	0.4	12.	-153.898317	114.81	-152.
5.265876	0.4	12.	-139.02	106.33	-151.413517
4.912612	0.4	12.	-149.46	35.55	-152.933205
4.647781	0.4	12.	-167.73	25.12	-150.114455
4.645637	0.4	12.	-168.06	34.57	-148.207103
5.251291	0.4	12.	-186.99	91.485496	-151.
5.115036	0.4	12.	-72.072889	152.97	-151.
6.238337	0.4	12.	-208.06424	86.76	-150.
5.73444	0.4	12.	-66.24	15.66	-154.852007
4.879069	0.4	12.	-52.54	39.79	-150.400345
5.803978	0.4	12.	-153.37	133.08	-153.74517
6.106818	0.4	12.	-111.342934	149.39	-149.
5.357741	0.4	12.	-189.404908	31.96	-149.
5.295017	0.4	12.	-157.788679	76.32	-149.
7.033721	0.4	12.	-119.11	8.255528	-149.
4.840245	0.4	12.	-149.13	15.98	-150.547719
5.12496	0.4	12.	-214.72	76.	-148.616079
6.227315	0.4	12.	-191.55	6.874812	-148.
5.87622	0.4	12.	-182.514986	22.51	-148.
7.219049	0.4	12.	-223.293909	65.23	-148.
7.394933	0.4	12.	-68.53	57.851952	-147.
6.701767	0.4	12.	-45.03	55.12	-148.751473
5.793373	0.4	12.	-43.73	67.52	-151.725206
6.686754	0.4	12.	-37.838078	78.28	-147.
5.562324	0.4	12.	-42.1	89.7	-143.865338
5.35667	0.4	12.	-48.3	103.786423	-147.
4.835382	0.4	12.	-84.85	153.059986	-146.
5.957151	0.4	12.	-177.52	133.772539	-144.
5.002796	0.4	12.	-143.58	143.52	-146.946289
5.386199	0.4	12.	-133.426998	142.54	-144.
5.583244	0.4	12.	-149.46	-3.105658	-144.
4.481912	0.4	12.	-141.63	5.87	-141.2175
4.607924	0.4	12.	-208.492805	34.25	-144.
4.57783	0.4	12.	-197.43	42.73	-143.111732
7.54842	0.4	12.	-203.63	21.53	-150.517557
5.5767	0.4	12.	-183.72	115.559029	-144.
4.729936	0.4	12.	-212.420031	59.36	-144.
4.716257	0.4	12.	-218.67024	88.39	-144.
4.563868	0.4	12.	-115.943878	139.28	-144.
4.815397	0.4	12.	-88.11	51.145246	-144.
5.896147	0.4	12.	-68.85	76.98	-149.804163
5.011	0.4	12.	-63.634538	101.77	-144.
4.486816	0.4	12.	-156.31	93.29	-148.106046
5.892524	0.4	12.	-177.85	86.18561	-144.
4.597737	0.4	12.	-152.72	83.435611	-144.
5.01041	0.4	12.	-169.235685	70.78	-144.
4.745331	0.4	12.	-178.83	73.71	-142.446829
4.552399	0.4	12.	-188.29	72.985717	-144.
6.061579	0.4	12.	-116.230348	22.83	-144.
6.756723	0.4	12.	-62.98	37.482906	-144.
6.455202	0.4	12.	-68.2	22.83	-144.424291
6.059886	0.4	12.	-59.929278	152.	-144.
4.747074	0.4	12.	-84.52	163.740198	-144.
5.614169	0.4	12.	-98.88	157.54	-148.160926
6.391566	0.4	12.	-64.94	121.01	-137.730606
6.027748	0.4	12.	-63.995602	135.36	-143.
4.808933	0.4	12.	-131.51	130.625274	-143.
5.141254	0.4	12.	-122.899539	150.69	-143.
5.696976	0.4	12.	-218.599754	45.01	-143.
5.277496	0.4	12.	-168.38	126.55	-146.780071
5.165784	0.4	12.	-199.39	52.51	-144.134686
5.532471	0.4	12.	-201.02	65.551868	-142.
5.95115	0.4	12.	-65.27	89.7	-137.320244
6.634298	0.4	12.	-78.792334	94.59	-141.
4.591407	0.4	12.	-148.81	112.809556	-141.
4.790857	0.4	12.	-154.35	104.133859	-141.
5.197748	0.4	12.	-160.113469	115.14	-141.
5.220143	0.4	12.	-141.171531	103.4	-141.
5.79116	0.4	12.	-135.1	113.512743	-141.
4.705119	0.4	12.	-173.628896	109.92	-140.
6.036894	0.4	12.	-165.77	137.359209	-140.
4.83548	0.4	12.	-168.71	23.873492	-140.
5.055832	0.4	12.	-157.020955	9.79	-140.
4.885447	0.4	12.	-210.474629	94.92	-140.
4.738418	0.4	12.	-192.159584	106.98	-139.
5.221026	0.4	12.	-84.52	2.28	-143.476058
6.14403	0.4	12.	-108.67	54.14	-144.840395
6.579438	0.4	12.	-109.97	1.418488	-138.
6.832267	0.4	12.	-119.76	-7.5	-144.281068
5.10034	0.4	12.	-127.27	5.488918	-138.
4.954176	0.4	12.	-136.73	15.009106	-138.
5.875892	0.4	12.	-118.498263	13.05	-137.
5.813827	0.4	12.	-154.03	60.326463	-137.
4.622106	0.4	12.	-95.29	41.927761	-137.
5.860285	0.4	12.	-102.146117	146.12	-137.
5.604399	0.4	12.	-215.7	66.227865	-137.
5.121711	0.4	12.	-216.35	79.575209	-137.
5.707136	0.4	12.	-114.21	153.362127	-136.
4.609675	0.4	12.	-40.720631	69.8	-136.
4.834666	0.4	12.	-43.73	44.667943	-136.
6.660471	0.4	12.	-147.83	18.101456	-136.
5.643308	0.4	12.	-32.360286	79.59	-136.
4.557625	0.4	12.	-36.05378	110.25	-136.
4.784255	0.4	12.	-157.866508	146.45	-136.
4.910595	0.4	12.	-159.20003	0.33	-136.
6.394257	0.4	12.	-74.925349	13.37	-136.
5.084494	0.4	12.	-121.72	22.51	-128.915154
4.874247	0.4	12.	-81.26	-2.61	-123.109626
5.999015	0.4	12.	-205.91	46.32	-135.768082
4.843336	0.4	12.	-201.824806	30.99	-138.
4.938257	0.4	12.	-53.52	14.68	-138.614684
5.112534	0.4	12.	-203.3	102.87582	-138.
5.352518	0.4	12.	-205.737587	77.3	-138.
4.776671	0.4	12.	-220.503415	56.43	-138.
4.557742	0.4	12.	-166.75	6.2	-139.74403
5.740658	0.4	12.	-196.831338	10.44	-137.
5.256634	0.4	12.	-47.32	86.11	-134.190708
5.065607	0.4	12.	-45.69	98.925344	-136.
5.92847	0.4	12.	-74.04857	-3.26	-136.
5.888928	0.4	12.	-226.14	71.524589	-136.
4.841341	0.4	12.	-94.96	-1.12012	-135.
5.586473	0.4	12.	-139.67	-6.52	-137.073634
4.482758	0.4	12.	-185.35	108.769405	-133.
6.00231	0.4	12.	-180.87172	128.84	-133.
6.273161	0.4	12.	-209.945849	22.18	-133.
6.639189	0.4	12.	-60.66304	27.07	-133.
5.137605	0.4	12.	-144.56	143.84	-133.247171
5.199298	0.4	12.	-132.82	146.112108	-133.
6.177756	0.4	12.	-98.22	163.741673	-133.
4.499374	0.4	12.	-93.	150.782322	-133.
4.690225	0.4	12.	-56.104833	152.	-133.
4.619139	0.4	12.	-204.983136	62.62	-133.
4.552412	0.4	12.	-169.69	68.892006	-133.
5.498351	0.4	12.	-153.523768	81.87	-133.
4.999316	0.4	12.	-150.188266	-6.2	-133.
4.500074	0.4	12.	-70.49	153.983811	-133.
6.090624	0.4	12.	-83.87	165.115964	-133.
5.211819	0.4	12.	-48.743527	64.58	-133.
5.653307	0.4	12.	-120.41	140.58	-133.412436
4.84753	0.4	12.	-53.52	104.497807	-133.
4.79599	0.4	12.	-82.49052	151.02	-133.
5.334817	0.4	12.	-193.920057	38.16	-133.
4.985329	0.4	12.	-181.44	64.745643	-133.
4.848606	0.4	12.	-214.72	35.23	-132.471155
4.986427	0.4	12.	-78.64	140.91	-131.689299
5.630773	0.4	12.	-215.05	91.712108	-131.
5.29348	0.4	12.	-149.818765	120.03	-130.
5.003738	0.4	12.	-220.689455	43.71	-130.
4.942305	0.4	12.	-170.34	130.467805	-130.
5.141248	0.4	12.	-174.637408	140.25	-129.
5.459168	0.4	12.	-158.92	19.991282	-129.
4.729368	0.4	12.	-155.98	110.57	-131.243903
5.573268	0.4	12.	-161.910131	119.71	-129.
5.512492	0.4	12.	-81.290132	124.92	-129.
4.822482	0.4	12.	-78.83291	110.57	-129.
5.966616	0.4	12.	-76.69	90.626938	-129.
5.231529	0.4	12.	-72.44	71.433331	-129.
5.496557	0.4	12.	-209.83	46.97	-123.391705
5.588785	0.4	12.	-204.28	100.576104	-127.
4.902484	0.4	12.	-58.038447	15.66	-127.
4.606678	0.4	12.	-103.77	-1.984524	-127.
5.115621	0.4	12.	-127.27	-0.98	-125.024507
5.263742	0.4	12.	-118.46	-7.83	-127.786717
4.513862	0.4	12.	-202.98	28.422687	-127.
4.508603	0.4	12.	-203.95	37.84	-129.15444
5.121608	0.4	12.	-126.29	81.154322	-127.
5.635676	0.4	12.	-106.622398	51.54	-127.
5.455139	0.4	12.	-201.34	82.689989	-127.
4.868657	0.4	12.	-224.596745	58.06	-127.
4.519453	0.4	12.	-212.44	57.73	-129.999915
5.27272	0.4	12.	-136.483	51.86	-127.
4.735958	0.4	12.	-147.17	53.145205	-127.
5.813699	0.4	12.	-62.98	141.23	-129.033882
5.17978	0.4	12.	-159.57	137.824038	-126.
5.889583	0.4	12.	-28.72	97.2	-128.529714
5.251411	0.4	12.	-16.32	94.270828	-126.
6.560827	0.4	12.	-27.09	114.983658	-126.
4.991555	0.4	12.	-51.549253	35.55	-126.
4.742648	0.4	12.	-49.19535	23.81	-126.
5.528321	0.4	12.	-190.9	13.071499	-126.
5.207769	0.4	12.	-201.02	17.259651	-126.
4.901631	0.4	12.	-157.906208	60.02	-126.
4.833659	0.4	12.	-162.51	84.215904	-126.
4.960625	0.4	12.	-98.900657	142.21	-126.
5.163283	0.4	12.	-102.14	153.262512	-126.
4.999086	0.4	12.	-95.29	42.73	-122.947582
4.498431	0.4	12.	-70.16	21.2	-128.64127
4.486707	0.4	12.	-108.99	7.5	-127.006852
5.821032	0.4	12.	-92.68	17.61	-127.072553
4.919222	0.4	12.	-55.8	57.505666	-126.
5.060389	0.4	12.	-215.7	67.207555	-126.
4.510442	0.4	12.	-88.76	146.082291	-126.
4.705587	0.4	12.	-193.19	107.527214	-126.
4.480097	0.4	12.	-143.585236	133.4	-126.
4.575673	0.4	12.	-131.373009	133.08	-126.
4.860372	0.4	12.	-137.321765	22.83	-126.
4.510427	0.4	12.	-39.662981	66.54	-125.
5.392057	0.4	12.	-38.075659	55.78	-125.
4.512682	0.4	12.	-47.64	47.29	-124.088924
5.115854	0.4	12.	-27.895268	78.28	-125.
4.510897	0.4	12.	-115.19	153.178121	-125.
4.850423	0.4	12.	-225.680288	73.71	-125.
6.019728	0.4	12.	-162.18	-7.895234	-125.
4.971891	0.4	12.	-168.06	4.89	-127.632723
5.090105	0.4	12.	-82.446034	7.83	-125.
4.95701	0.4	12.	-72.12	9.115685	-125.
4.61583	0.4	12.	-163.33457	147.1	-125.
4.766446	0.4	12.	-153.05	147.1	-126.594468
4.941987	0.4	12.	-132.82	-11.74	-128.303432
4.5507	0.4	12.	-140.872907	-8.15	-124.
6.38176	0.4	12.	-182.42	2.61	-128.349359
5.22455	0.4	12.	-108.01	-11.768225	-124.
4.527663	0.4	12.	-97.25	-8.228033	-124.
6.065044	0.4	12.	-93.33	5.54	-126.477394
5.549911	0.4	12.	-41.12	117.244865	-124.
4.726192	0.4	12.	-45.69	93.919561	-124.
6.138625	0.4	12.	-39.81	83.545017	-124.
6.692166	0.4	12.	-48.752587	73.06	-124.
4.751096	0.4	12.	-117.8	9.051796	-123.
5.21262	0.4	12.	-179.123008	116.12	-122.
5.674399	0.4	12.	-135.1	149.566842	-122.
5.520745	0.4	12.	-123.35	147.958483	-121.
4.572842	0.4	12.	-185.963814	123.29	-121.
5.778556	0.4	12.	-150.76	-12.634362	-121.
5.375749	0.4	12.	-215.554916	25.12	-120.
4.532726	0.4	12.	-213.634056	91.98	-120.
4.541713	0.4	12.	-217.01	80.163233	-120.
4.527249	0.4	12.	-73.1	147.1	-121.185263
5.69722	0.4	12.	-109.228006	140.91	-120.
4.863683	0.4	12.	-144.24	142.21	-121.134755
5.064989	0.4	12.	-152.39	131.263347	-120.
4.598702	0.4	12.	-188.62	112.86	-115.638187
4.733946	0.4	12.	-197.43	38.387296	-120.
4.988049	0.4	12.	-23.892325	86.11	-120.
5.899225	0.4	12.	-94.357965	161.78	-120.
4.655685	0.4	12.	-67.22	154.61	-122.115588
4.735789	0.4	12.	-209.759555	73.71	-120.
4.885997	0.4	12.	-37.53	102.74	-119.713435
5.849264	0.4	12.	-16.798385	109.92	-120.
4.966261	0.4	12.	-124.839634	17.61	-120.
4.610848	0.4	12.	-132.49	10.11	-121.192305
4.940595	0.4	12.	-139.34	1.347783	-120.
5.541679	0.4	12.	-198.22991	71.43	-120.
4.776273	0.4	12.	-196.541677	28.05	-120.
5.442188	0.4	12.	-126.94	136.67	-117.691383
4.544495	0.4	12.	-127.92	28.099829	-120.
4.561238	0.4	12.	-135.75	62.279077	-120.
5.092109	0.4	12.	-145.124008	78.28	-120.
5.937937	0.4	12.	-150.76	89.294946	-120.
6.208117	0.4	12.	-223.183589	48.93	-119.
5.269983	0.4	12.	-164.811524	131.12	-119.
5.194638	0.4	12.	-82.23	160.092034	-119.
4.833139	0.4	12.	-183.07	23.48	-120.315236
5.014435	0.4	12.	-62.575495	11.09	-119.
4.757402	0.4	12.	-152.72	112.205294	-118.
5.64184	0.4	12.	-149.46	30.635342	-118.
4.878099	0.4	12.	-157.62	22.51	-115.570363
5.723432	0.4	12.	-157.94	10.44	-122.450127
4.499142	0.4	12.	-154.68	4.57	-114.597553
4.536601	0.4	12.	-88.11	51.54	-116.758158
4.639535	0.4	12.	-88.11	61.131795	-118.
5.432048	0.4	12.	-84.19	108.62	-117.856523
4.526874	0.4	12.	-66.24	65.857501	-118.
5.723525	0.4	12.	-165.143066	119.71	-118.
6.764083	0.4	12.	-133.47	36.606203	-175.
5.041801	0.4	12.	-143.58	27.576364	-175.
6.029116	0.4	12.	-149.78	56.75	-178.972786
5.056086	0.4	12.	-138.04	82.52	-169.236045
5.291163	0.4	12.	-77.99	91.33	-172.667784
5.347939	0.4	12.	-87.13	100.46	-170.329608
5.132774	0.4	12.	-114.120372	110.57	-172.
6.777234	0.4	12.	-196.45	92.96	-173.985276
6.087712	0.4	12.	-168.06	41.1	-175.09054
5.665777	0.4	12.	-125.96	23.607207	-170.
5.506703	0.4	12.	-147.5	-2.047028	-168.
7.887344	0.4	12.	-141.63	8.15	-175.456129
5.615328	0.4	12.	-156.96	4.364151	-168.
5.110252	0.4	12.	-157.94	18.27	-169.475475
4.888734	0.4	12.	-178.17	51.770439	-166.
5.648207	0.4	12.	-192.21	53.809751	-166.
6.687623	0.4	12.	-205.864981	59.04	-166.
6.669014	0.4	12.	-219.855546	67.19	-166.
5.019309	0.4	12.	-213.522124	48.6	-166.
5.382486	0.4	12.	-196.329041	61.97	-158.
6.786368	0.4	12.	-103.45	132.75	-163.450111
6.252792	0.4	12.	-83.54	158.736545	-158.
5.590325	0.4	12.	-172.3	72.247965	-155.
4.882511	0.4	12.	-160.88	66.21	-151.28074
5.450073	0.4	12.	-198.73	50.88	-156.273967
4.641813	0.4	12.	-103.77	57.08	-156.496361
6.041517	0.4	12.	-88.159503	117.42	-155.
4.645476	0.4	12.	-99.86	125.412282	-155.
5.339781	0.4	12.	-211.46	55.45	-155.287988
5.262359	0.4	12.	-173.61	133.07117	-155.
5.649256	0.4	12.	-119.76	53.17	-155.877933
4.910049	0.4	12.	-152.351005	48.93	-152.
4.766037	0.4	12.	-139.34	13.235985	-149.
4.568115	0.4	12.	-51.56	118.07	-152.331219
5.028137	0.4	12.	-78.32	144.54096	-147.
4.639837	0.4	12.	-158.113142	124.92	-147.
5.490611	0.4	12.	-126.887881	17.94	-147.
5.9506	0.4	12.	-79.95	127.53	-148.804308
5.956322	0.4	12.	-58.74	62.62	-137.588902
5.74197	0.4	12.	-184.05	35.211051	-138.
4.936324	0.4	12.	-147.83	39.79	-139.528669
4.831926	0.4	12.	-164.47	107.963721	-135.
5.267904	0.4	12.	-82.89	59.69	-133.15496
4.482756	0.4	12.	-93.760188	49.9	-130.
4.931932	0.4	12.	-93.98	60.884399	-130.
5.825413	0.4	12.	-142.223261	104.7	-130.
5.847519	0.4	12.	-133.861884	120.36	-130.
4.795211	0.4	12.	-177.336622	29.68	-126.
5.52322	0.4	12.	-164.8	110.090441	-124.
5.973838	0.4	12.	-62.98	124.92	-120.564743
4.945662	0.4	12.	-56.041867	134.06	-124.
5.485118	0.4	12.	-55.8	95.056362	-122.
4.499495	0.4	12.	-49.401941	102.74	-122.
4.593587	0.4	12.	-173.826921	-2.94	-121.
5.036794	0.4	12.	-185.03	100.596989	-121.
4.560533	0.4	12.	-60.37	25.741899	-121.
5.685131	0.4	12.	-145.87	39.14	-124.942655
4.480203	0.4	12.	-175.24	125.58	-122.120408
4.586442	0.4	12.	-175.874242	137.64	-118.
5.950457	0.4	12.	-163.82	56.43	-116.176901
4.534843	0.4	12.	-170.34	36.21	-117.015397
5.098428	0.4	12.	-159.767186	34.25	-117.
5.192565	0.4	12.	-214.783342	58.38	-116.
4.630392	0.4	12.	-202.32	80.585226	-116.
6.209852	0.4	12.	-198.911252	93.94	-116.
4.684753	0.4	12.	-202.98	41.42	-112.983506
5.66505	0.4	12.	-206.24	31.539536	-116.
4.708271	0.4	12.	-119.76	-6.85	-114.048211
6.301423	0.4	12.	-46.065342	14.68	-116.
4.817589	0.4	12.	-140.65	51.86	-116.236653
5.470066	0.4	12.	-125.31	83.83	-115.731406
7.087575	0.4	12.	-62.	141.612239	-116.
5.216518	0.4	12.	-225.765177	59.69	-116.
5.48536	0.4	12.	-189.697295	13.05	-115.
4.604498	0.4	12.	-200.36	19.587697	-115.
4.516931	0.4	12.	-100.18	138.760184	-115.
4.496511	0.4	12.	-99.86	151.282551	-115.
6.850099	0.4	12.	-87.78	134.33456	-115.
5.523382	0.4	12.	-86.48	147.76	-113.575719
5.108269	0.4	12.	-165.128205	87.74	-115.
5.984001	0.4	12.	-158.92	77.455515	-115.
5.070035	0.4	12.	-143.91	128.053404	-115.
5.055477	0.4	12.	-159.9	140.656674	-115.
4.583118	0.4	12.	-138.056783	136.99	-115.
4.527083	0.4	12.	-82.89	10.953056	-114.
5.507318	0.4	12.	-72.44	2.021173	-114.
5.989306	0.4	12.	-195.904118	123.95	-114.
4.760839	0.4	12.	-218.033789	67.84	-114.
4.637513	0.4	12.	-225.78498	75.35	-114.
6.205445	0.4	12.	-163.961978	-0.98	-114.
4.593327	0.4	12.	-170.34	11.29804	-114.
7.082081	0.4	12.	-199.304619	107.96	-114.
4.717346	0.4	12.	-110.042583	151.02	-114.
4.609153	0.4	12.	-91.05	16.63	-113.489577
4.5009	0.4	12.	-184.390956	31.31	-114.
4.536518	0.4	12.	-5.28932	95.57	-114.
7.813081	0.4	12.	-23.5	122.232403	-114.
5.959602	0.4	12.	-42.42	59.056496	-114.
5.297656	0.4	12.	-153.05	150.904841	-114.
5.40154	0.4	12.	-99.2	-12.762064	-113.
5.082932	0.4	12.	-95.94	-2.37864	-113.
5.689092	0.4	12.	-110.62	-13.385328	-113.
6.459222	0.4	12.	-128.768739	-13.7	-113.
4.679319	0.4	12.	-161.53	106.022801	-113.
4.745424	0.4	12.	-172.801241	112.53	-113.
4.891882	0.4	12.	-34.26	80.442488	-112.
4.909894	0.4	12.	-110.3	1.3	-114.034172
6.056838	0.4	12.	-119.607766	8.48	-112.
5.739938	0.4	12.	-99.332279	9.46	-112.
6.273384	0.4	12.	-99.86	47.62	-111.678273
6.147388	0.4	12.	-102.47	62.3	-117.438296
4.507202	0.4	12.	-207.22	53.421609	-112.
4.508713	0.4	12.	-154.35	95.494421	-112.
6.240555	0.4	12.	-47.97	46.64	-108.82496
6.578738	0.4	12.	-30.532685	62.95	-112.
5.159518	0.4	12.	-43.08	75.566308	-112.
6.13765	0.4	12.	-128.57	-0.244895	-112.
5.099717	0.4	12.	-178.574547	3.91	-112.
4.859498	0.4	12.	-175.89	69.161362	-112.
4.609389	0.4	12.	-133.14	147.692604	-111.
6.372452	0.4	12.	-173.28	23.126429	-111.
5.835026	0.4	12.	-56.13	98.359074	-111.
4.759554	0.4	12.	-59.07	130.14	-109.489678
7.90368	0.4	12.	-200.36	4.703962	-111.
4.685167	0.4	12.	-82.522727	-4.89	-111.
5.277067	0.4	12.	-138.053212	20.55	-111.
4.591637	0.4	12.	-186.66	97.2	-111.273476
5.247681	0.4	12.	-89.979478	40.77	-111.
5.252386	0.4	12.	-122.05	93.134826	-111.
5.593172	0.4	12.	-178.83	42.887555	-111.
4.835678	0.4	12.	-159.9	47.236455	-111.
4.643654	0.4	12.	-151.09	47.62	-115.503788
5.067177	0.4	12.	-190.52595	40.12	-111.
4.704775	0.4	12.	-206.79835	65.56	-111.
4.619102	0.4	12.	-116.17	145.8	-107.488341
5.178962	0.4	12.	-58.41	16.5633	-110.
6.108471	0.4	12.	-49.93	4.092787	-110.
5.740991	0.4	12.	-152.167985	-6.2	-110.
5.642531	0.4	12.	-30.35	110.24538	-110.
5.671722	0.4	12.	-182.74	133.829567	-110.
5.145554	0.4	12.	-178.83	59.446692	-110.
4.675148	0.4	12.	-127.27	140.25	-107.694377
4.574134	0.4	12.	-70.81	147.76	-108.50024
4.491648	0.4	12.	-211.991096	88.72	-109.
5.346962	0.4	12.	-211.79	75.35	-108.807002
5.773733	0.4	12.	-194.82	30.352386	-109.
4.841176	0.4	12.	-144.068041	37.84	-109.
4.661665	0.4	12.	-148.15	76.305889	-109.
4.509599	0.4	12.	-142.28	98.786029	-109.
4.82205	0.4	12.	-181.328397	108.94	-109.
5.123541	0.4	12.	-93.66308	160.48	-109.
5.019884	0.4	12.	-87.13	168.820416	-109.
4.486758	0.4	12.	-164.47	135.338391	-108.
5.945698	0.4	12.	-114.54	-24.64434	-108.
5.137508	0.4	12.	-222.535278	52.19	-108.
5.455745	0.4	12.	-225.386794	84.8	-108.
5.334624	0.4	12.	-69.60392	13.7	-108.
5.947921	0.4	12.	-46.526262	32.62	-108.
5.047135	0.4	12.	-25.339095	78.28	-108.
7.153667	0.4	12.	-20.747498	91.98	-108.
5.735725	0.4	12.	-34.59	98.154035	-108.
4.850806	0.4	12.	-43.73	103.07	-110.358208
4.612257	0.4	12.	-86.995551	-13.37	-108.
5.338902	0.4	12.	-105.73	159.82	-109.412706
5.548281	0.4	12.	-152.07	131.285795	-108.
5.200298	0.4	12.	-138.04	-1.3	-104.497814
4.621658	0.4	12.	-145.250463	142.21	-108.
5.17807	0.4	12.	-124.	153.935499	-108.
4.746888	0.4	12.	-161.21	7.83	-106.503072
4.746764	0.4	12.	-89.74	51.295526	-107.
5.577397	0.4	12.	-161.53	119.254012	-107.
4.494862	0.4	12.	-127.136973	129.49	-107.
4.619567	0.4	12.	-171.557685	128.19	-107.
4.65671	0.4	12.	-148.006394	28.38	-107.
5.505825	0.4	12.	-161.21	37.789512	-106.
5.189521	0.4	12.	-159.25	27.07	-106.700948
6.204925	0.4	12.	-214.192121	43.38	-106.
6.995764	0.4	12.	-18.27	110.416118	-106.
5.000067	0.4	12.	-164.47	54.14	-105.089365
6.195031	0.4	12.	-201.347394	81.22	-105.
4.556021	0.4	12.	-204.61	93.61	-101.542763
4.824716	0.4	12.	-209.53425	26.09	-105.
6.169654	0.4	12.	-51.998973	142.54	-105.
5.198208	0.4	12.	-67.55	139.017449	-105.
4.918165	0.4	12.	-76.69	155.26	-109.66894
5.178744	0.4	12.	2.682464	89.37	-105.
4.505242	0.4	12.	-204.61	35.49171	-105.
4.502074	0.4	12.	-213.74	60.361354	-105.
6.591344	0.4	12.	-134.77	85.819377	-105.
5.303955	0.4	12.	-147.83	86.76	-109.258388
5.250653	0.4	12.	-172.830592	97.85	-105.
4.881143	0.4	12.	-184.05	118.678864	-105.
4.962838	0.4	12.	-107.36	138.62	-108.571515
4.77303	0.4	12.	-149.13	3.26	-105.547494
4.656913	0.4	12.	-156.346116	16.31	-105.
4.828774	0.4	12.	-197.58725	70.13	-105.
4.917193	0.4	12.	-49.28	19.1804	-105.
5.148511	0.4	12.	-138.04	122.515887	-105.
4.642027	0.4	12.	-185.829781	8.15	-105.
4.675832	0.4	12.	-122.7	-11.74	-103.214136
4.722636	0.4	12.	-115.016389	-4.89	-105.
5.790974	0.4	12.	-158.27	81.54	-99.880728
5.543282	0.4	12.	-165.67773	72.74	-104.
4.702981	0.4	12.	-192.988471	17.94	-104.
4.698559	0.4	12.	-101.81	145.47	-104.373104
5.376729	0.4	12.	-94.96	137.32	-104.390423
4.681308	0.4	12.	-83.776725	138.3	-104.
5.39913	0.4	12.	-141.409908	133.4	-103.
5.294008	0.4	12.	-193.154883	124.6	-103.
4.758015	0.4	12.	-76.69	1.722298	-103.
4.592011	0.4	12.	-83.088809	8.81	-103.
5.354859	0.4	12.	-59.05459	8.48	-103.
4.698433	0.4	12.	-166.43	-3.26	-100.743752
4.541753	0.4	12.	-157.668253	-0.65	-103.
5.275775	0.4	12.	-183.4	31.64	-102.068703
4.508768	0.4	12.	-205.26	17.715005	-103.
4.620494	0.4	12.	-219.62	67.84	-101.423248
4.763099	0.4	12.	-226.001603	75.02	-103.
4.561053	0.4	12.	-193.19	102.314668	-103.
4.925676	0.4	12.	-192.21	112.652561	-103.
5.957685	0.4	12.	-156.96	144.484272	-103.
4.603438	0.4	12.	-107.903819	152.32	-102.
6.106904	0.4	12.	-115.52	160.003011	-102.
5.328964	0.4	12.	-134.77	-16.359953	-102.
5.003201	0.4	12.	-37.85	58.06	-103.046623
4.630236	0.4	12.	-165.802076	107.64	-101.
4.76964	0.4	12.	-156.086083	105.35	-101.
4.677209	0.4	12.	-151.590045	92.31	-101.
5.833906	0.4	12.	-205.963156	51.54	-101.
4.95107	0.4	12.	-171.32	6.930923	-101.
5.032696	0.4	12.	-128.25	-3.383549	-101.
4.813488	0.4	12.	-117.628861	4.24	-101.
4.812483	0.4	12.	-92.35	-9.293501	-101.
5.009295	0.4	12.	-25.840521	61.65	-101.
6.043505	0.4	12.	-13.38	64.58	-102.037059
4.703018	0.4	12.	-175.89	-3.334586	-101.
5.271672	0.4	12.	-193.51	92.609498	-101.
6.659438	0.4	12.	-36.87	86.821536	-101.
5.438409	0.4	12.	-23.661749	126.23	-101.
6.21315	0.4	12.	-8.81	98.502312	-101.
4.663668	0.4	12.	-83.54	149.06	-101.822918
4.663461	0.4	12.	-43.4	51.86	-97.447156
6.002209	0.4	12.	-77.748877	108.62	-101.
5.310237	0.4	12.	-124.	78.28	-104.371086
5.362982	0.4	12.	-126.842406	96.55	-101.
4.609289	0.4	12.	-172.95	64.91	-102.266752
4.564409	0.4	12.	-108.711237	89.37	-101.
4.681328	0.4	12.	-99.53	-15.886301	-101.
6.025737	0.4	12.	-38.655487	70.78	-101.
4.677146	0.4	12.	-161.53	93.587048	-101.
5.943136	0.4	12.	-171.99378	37.51	-100.
4.572562	0.4	12.	-148.15	49.9	-101.02948
4.614502	0.4	12.	-60.7	132.1	-100.422133
5.278871	0.4	12.	-57.634623	99.48	-100.
4.549103	0.4	12.	-78.97	163.47896	-100.
4.497558	0.4	12.	-98.88	153.3	-98.082717
4.674219	0.4	12.	-95.29	44.69	-99.541764
5.157028	0.4	12.	-96.92	28.05	-95.060756
4.982419	0.4	12.	-141.63	21.53	-100.302602
4.882312	0.4	12.	-105.603338	65.23	-100.
5.271493	0.4	12.	-206.89	66.187385	-100.
4.959776	0.4	12.	-216.35	31.764616	-100.
4.939902	0.4	12.	-80.93	-14.117818	-100.
4.74484	0.4	12.	-72.44	-6.626252	-100.
4.640122	0.4	12.	-134.735406	146.45	-100.
5.22577	0.4	12.	-166.82557	16.63	-100.
4.995948	0.4	12.	-105.4	-1.27219	-100.
4.649438	0.4	12.	-138.69	59.36	-97.017982
4.775718	0.4	12.	-59.322655	22.18	-99.
6.9598	0.4	12.	-27.41	34.25	-105.793276
5.388202	0.4	12.	-27.09	49.9	-103.084458
4.676671	0.4	12.	-146.19	-9.13	-101.438802
4.834375	0.4	12.	-172.63	114.81	-103.423506
4.759062	0.4	12.	-177.098303	122.97	-99.
5.135022	0.4	12.	-184.516921	131.12	-99.
4.713221	0.4	12.	-117.8	136.176407	-99.
5.779737	0.4	12.	-213.74	87.021129	-98.
5.087413	0.4	12.	-194.8641	28.05	-98.
4.763413	0.4	12.	-93.402771	162.43	-98.
6.01247	0.4	12.	-62.74631	151.34	-98.
4.597634	0.4	12.	-141.472324	38.49	-98.
6.205527	0.4	12.	-141.63	95.794039	-98.
4.484961	0.4	12.	-112.58	-25.000603	-97.
5.295588	0.4	12.	-89.09	-20.402839	-97.
5.397735	0.4	12.	-44.38	37.932337	-97.
4.81484	0.4	12.	-123.53584	149.71	-97.
5.262773	0.4	12.	-128.25	136.99	-96.810336
5.529992	0.4	12.	-153.37	135.111076	-97.
5.234405	0.4	12.	-165.45	133.968247	-97.
4.837163	0.4	12.	-147.2953	126.55	-97.
5.234998	0.4	12.	-104.1	162.129614	-97.
4.550937	0.4	12.	-179.48	104.05	-99.147098
5.208972	0.4	12.	-213.09	75.897994	-97.
4.480694	0.4	12.	-215.89098	54.47	-97.
4.552804	0.4	12.	-22.84	71.97926	-97.
5.833376	0.4	12.	-20.23	85.064908	-97.
5.051315	0.4	12.	-45.36	97.978553	-97.
5.19353	0.4	12.	-164.730982	122.31	-96.
4.890613	0.4	12.	-158.27	113.83	-96.023795
5.242557	0.4	12.	-144.940358	143.52	-96.
5.57154	0.4	12.	-122.7	-22.83	-99.068544
5.622618	0.4	12.	-44.71	25.385902	-96.
6.126659	0.4	12.	-5.22	77.96	-101.292786
4.899786	0.4	12.	-190.517699	37.84	-96.
4.637599	0.4	12.	-162.071322	3.59	-96.
5.110974	0.4	12.	-155.01	-5.87	-93.50396
4.737588	0.4	12.	-68.236142	8.15	-96.
5.220124	0.4	12.	-220.803546	42.4	-95.
6.777799	0.4	12.	-195.14	4.218705	-95.
4.785371	0.4	12.	-137.06	-5.375391	-95.
6.196075	0.4	12.	-50.426166	158.52	-95.
4.480708	0.4	12.	-132.82	127.237899	-95.
4.921213	0.4	12.	-119.221972	41.1	-95.
5.063792	0.4	12.	-165.45	61.32	-97.08238
6.772315	0.4	12.	-154.68	39.770606	-95.
4.747809	0.4	12.	-147.5	78.037116	-95.
4.898008	0.4	12.	-163.447333	51.21	-95.
5.260482	0.4	12.	-129.302153	-12.07	-94.
5.454661	0.4	12.	-115.52	-7.83	-92.069891
5.397402	0.4	12.	-182.09	3.957955	-94.
4.753045	0.4	12.	-202.	35.55	-93.375971
4.577687	0.4	12.	-200.564801	74.69	-94.
5.043455	0.4	12.	-56.78	138.726973	-94.
6.15094	0.4	12.	-47.64	1.22965	-93.
4.664672	0.4	12.	-205.022463	83.83	-93.
5.100905	0.4	12.	-189.27	55.912872	-93.
4.665392	0.4	12.	-190.740946	67.84	-93.
4.8263	0.4	12.	-140.146731	117.42	-93.
4.982241	0.4	12.	-103.833156	143.19	-93.
5.122742	0.4	12.	-93.66	136.659027	-93.
4.772289	0.4	12.	-180.13	112.774827	-93.
4.787961	0.4	12.	-146.85	5.22	-92.135405
4.506036	0.4	12.	-133.14	3.483091	-93.
4.971872	0.4	12.	-156.124131	16.31	-93.
4.848863	0.4	12.	-195.8	16.656579	-93.
5.698173	0.4	12.	-63.992996	-2.61	-93.
4.797735	0.4	12.	-39.81	13.37	-97.294173
4.522356	0.4	12.	-70.49	139.93	-94.603191
5.388501	0.4	12.	-125.872585	86.11	-93.
5.223401	0.4	12.	-196.094542	47.62	-93.
4.790785	0.4	12.	-187.96	122.909568	-92.
5.650241	0.4	12.	-206.683106	23.81	-92.
4.822062	0.4	12.	-164.8	-8.621534	-92.
4.940203	0.4	12.	-84.19	14.116658	-92.
4.766303	0.4	12.	-56.78	7.281141	-92.
4.686189	0.4	12.	-55.8	16.841408	-92.
4.561657	0.4	12.	-111.93	152.97	-91.301559
5.094706	0.4	12.	-116.17	162.137746	-91.
5.413534	0.4	12.	-184.7	95.57	-91.326984
4.64182	0.4	12.	-182.487204	34.25	-91.
5.249175	0.4	12.	-135.43	-20.455437	-91.
6.118342	0.4	12.	-78.97	4.1341	-91.
5.513238	0.4	12.	-194.16	107.64	-93.279298
4.725488	0.4	12.	-220.92	67.511565	-91.
5.416933	0.4	12.	-36.55	59.36	-92.476184
4.68904	0.4	12.	-172.849762	5.87	-90.
5.334756	0.4	12.	-10.77	59.104357	-90.
4.647629	0.4	12.	-28.627801	79.26	-90.
4.774341	0.4	12.	-38.18	75.746792	-90.
5.351887	0.4	12.	-74.77512	108.29	-90.
4.862859	0.4	12.	-17.95	95.89	-94.486389
5.04458	0.4	12.	-14.36	101.44	-86.188338
6.547512	0.4	12.	-19.58	130.255287	-90.
6.908208	0.4	12.	-27.09	117.719522	-90.
5.239818	0.4	12.	-154.68	95.878638	-90.
5.050882	0.4	12.	-162.84	104.579011	-90.
5.473897	0.4	12.	-113.89	91.	-91.11113
5.107618	0.4	12.	-119.76	103.693509	-90.
5.247511	0.4	12.	-130.749804	96.22	-90.
4.72623	0.4	12.	-205.91	92.766103	-90.
5.047063	0.4	12.	-208.52	58.143863	-89.
4.975385	0.4	12.	-207.87	69.620032	-89.
5.723754	0.4	12.	-76.03	156.128082	-89.
6.295903	0.4	12.	-91.939799	148.73	-89.
5.843409	0.4	12.	-78.32	-7.906665	-89.
5.612803	0.4	12.	-103.211682	-7.18	-89.
6.014594	0.4	12.	-123.03	1.63	-87.017511
4.504162	0.4	12.	-112.58	143.666605	-88.
5.612338	0.4	12.	-22.157319	33.92	-88.
7.323143	0.4	12.	-25.45	51.384586	-88.
6.213762	0.4	12.	-24.47	68.17	-84.888334
5.286083	0.4	12.	-57.928264	27.07	-88.
4.732759	0.4	12.	-141.95	129.128396	-87.
4.890042	0.4	12.	-64.94	152.578917	-87.
4.851752	0.4	12.	-164.14	10.11	-86.942293
4.782994	0.4	12.	-185.03	24.79	-85.906125
5.448842	0.4	12.	-208.2	46.32	-90.044941
4.882879	0.4	12.	-102.79	-17.94	-88.490033
5.19894	0.4	12.	-83.21	-28.427953	-87.
6.775876	0.4	12.	-64.94	-25.61372	-87.
4.551814	0.4	12.	-88.384352	-3.26	-86.
4.77007	0.4	12.	-88.76	-12.72	-83.909523
4.712278	0.4	12.	-81.26	-18.395554	-86.
4.756911	0.4	12.	-68.53	-12.750463	-86.
4.947025	0.4	12.	-131.84	135.693558	-86.
4.938544	0.4	12.	-122.226681	139.6	-86.
4.634123	0.4	12.	-130.953595	146.45	-86.
4.679125	0.4	12.	-122.37	153.742198	-86.
4.923318	0.4	12.	-154.747869	131.45	-86.
4.832825	0.4	12.	-165.77	130.14	-84.809294
5.095837	0.4	12.	-172.63	99.81	-84.581752
4.83386	0.4	12.	-183.07	104.05	-84.471656
4.786663	0.4	12.	-75.06	60.99	-88.246926
5.301876	0.4	12.	-48.04463	66.87	-86.
4.782772	0.4	12.	-40.079484	84.48	-86.
5.233728	0.4	12.	-44.635858	47.62	-86.
5.289365	0.4	12.	-39.81	28.7	-85.634898
5.089367	0.4	12.	-31.	38.49	-81.313309
5.03577	0.4	12.	-41.12	95.57	-86.498843
7.690187	0.4	12.	-50.138913	106.33	-86.
5.282157	0.4	12.	-179.81	-5.52957	-86.
4.87025	0.4	12.	-109.65	-25.585783	-86.
4.797772	0.4	12.	-211.13	34.555093	-86.
4.76364	0.4	12.	-144.56	37.640703	-86.
4.652116	0.4	12.	-151.42	46.011121	-86.
4.484464	0.4	12.	-160.929317	49.58	-86.
5.549117	0.4	12.	-195.8	91.65	-88.184369
4.599096	0.4	12.	-150.2064	121.99	-86.
4.507535	0.4	12.	-198.73	26.268554	-86.
5.322387	0.4	12.	-92.68	-22.51	-86.043988
5.049783	0.4	12.	-215.38	76.830335	-85.
5.739989	0.4	12.	-147.546806	140.25	-85.
4.779195	0.4	12.	-171.507559	122.31	-85.
4.954248	0.4	12.	-155.742336	-0.33	-85.
5.247665	0.4	12.	-121.72	-24.358445	-85.
5.008601	0.4	12.	-0.249602	80.56	-85.
5.594285	0.4	12.	-10.358835	74.69	-85.
5.439496	0.4	12.	-48.95	35.88	-86.680953
5.640257	0.4	12.	-64.94	16.341916	-85.
4.730587	0.4	12.	-76.36	69.47	-81.501097
4.686238	0.4	12.	-191.88	32.44327	-85.
4.856759	0.4	12.	-164.8	20.34485	-84.
6.094709	0.4	12.	-102.900561	135.04	-84.
5.099515	0.4	12.	-57.235684	160.8	-84.
5.349345	0.4	12.	-10.44	117.75	-78.905542
4.701941	0.4	12.	-132.717672	126.23	-84.
5.096642	0.4	12.	-159.9	119.05	-84.106851
4.571662	0.4	12.	-154.03	12.714297	-84.
5.081338	0.4	12.	-118.538768	38.16	-84.
5.854527	0.4	12.	-125.033613	76.32	-84.
4.612184	0.4	12.	-143.754079	-7.18	-84.
4.733574	0.4	12.	-178.678356	50.88	-84.
4.516634	0.4	12.	-177.2	61.264318	-84.
5.044228	0.4	12.	-186.99	42.73	-87.942114
5.183706	0.4	12.	-202.772914	77.96	-83.
5.130521	0.4	12.	-183.4	14.03	-86.665032
6.138461	0.4	12.	-192.53	7.18	-81.374238
5.274448	0.4	12.	-123.167125	-11.74	-83.
5.718633	0.4	12.	-132.878641	-5.87	-83.
5.49963	0.4	12.	-59.088167	142.21	-83.
5.412879	0.4	12.	-35.24	10.11	-84.619039
4.541278	0.4	12.	-64.29	-1.96	-78.67439
4.730147	0.4	12.	-69.847068	4.89	-82.
5.349896	0.4	12.	-147.17	5.086576	-82.
4.888217	0.4	12.	-197.900656	46.32	-82.
4.933039	0.4	12.	-188.94	58.278796	-82.
4.719969	0.4	12.	-201.184232	67.84	-82.
4.779399	0.4	12.	-192.21	19.706632	-82.
6.647662	0.4	12.	-221.2872	59.04	-82.
4.745657	0.4	12.	-142.478768	118.4	-82.
5.82027	0.4	12.	-102.14	147.76	-80.281542
5.007138	0.4	12.	-90.39	139.93	-80.903524
4.903699	0.4	12.	-151.42	70.78	-86.435053
5.2648	0.4	12.	-101.81	68.668532	-82.
4.862825	0.4	12.	-114.21	-0.736395	-81.
5.840551	0.4	12.	-57.364113	6.52	-81.
5.86563	0.4	12.	-46.66	17.94	-86.782185
4.70654	0.4	12.	-133.47	113.511494	-81.
5.782457	0.4	12.	-166.580115	-5.54	-80.
4.792738	0.4	12.	-133.576575	-16.31	-80.
5.269176	0.4	12.	-40.477943	61.32	-80.
5.282078	0.4	12.	-57.43	76.310791	-80.
6.299313	0.4	12.	-73.75	141.943351	-80.
5.646	0.4	12.	-113.24	154.379123	-80.
4.595756	0.4	12.	-183.811307	33.92	-80.
4.480714	0.4	12.	-102.236808	88.39	-79.
4.703089	0.4	12.	-72.44	105.126089	-79.
5.634224	0.4	12.	-125.64	92.96	-73.83281
4.88801	0.4	12.	-132.8619	85.46	-79.
4.650015	0.4	12.	-161.069424	109.92	-79.
5.592533	0.4	12.	-212.087277	85.13	-79.
5.737713	0.4	12.	-203.63	96.240743	-79.
4.88347	0.4	12.	-187.96	94.59	-81.360205
6.079142	0.4	12.	-176.22	6.175022	-79.
4.834485	0.4	12.	-83.038366	7.18	-79.
7.57965	0.4	12.	5.149244	68.82	-79.
4.563245	0.4	12.	-13.38	61.633896	-79.
4.608958	0.4	12.	-24.15	91.33	-83.400915
4.694497	0.4	12.	-95.33005	49.58	-79.
4.543766	0.4	12.	-96.92	38.863315	-79.
6.212736	0.4	12.	-62.	33.27	-76.724841
4.885488	0.4	12.	-175.56	40.45	-79.328424
4.943204	0.4	12.	-171.722166	27.72	-79.
5.540857	0.4	12.	-156.96	96.007658	-79.
5.286298	0.4	12.	-97.57	-9.79	-79.183711
5.226936	0.4	12.	-78.64	-2.468191	-78.
5.922529	0.4	12.	-109.115686	97.53	-78.
5.312378	0.4	12.	-155.98	26.75	-81.231482
5.60286	0.4	12.	-159.178902	37.51	-78.
4.865084	0.4	12.	-168.593475	49.58	-78.
4.756016	0.4	12.	-157.235731	59.36	-78.
4.753176	0.4	12.	-78.64	121.34	-74.284446
5.363174	0.4	12.	-80.2651	151.67	-78.
4.948723	0.4	12.	-90.07	155.961324	-78.
4.941875	0.4	12.	-40.46	72.41	-81.013515
4.601216	0.4	12.	-22.19	43.05	-75.279349
4.575244	0.4	12.	-56.45	17.151637	-78.
4.915231	0.4	12.	-47.97	-4.94198	-78.
5.266202	0.4	12.	-28.896571	21.2	-78.
6.682758	0.4	12.	-154.68	-15.33	-81.299781
5.34037	0.4	12.	-189.27	81.22	-80.44279
5.537106	0.4	12.	-34.241643	49.9	-77.
5.033938	0.4	12.	-23.17	58.81158	-77.
4.726644	0.4	12.	-107.36	-6.886322	-77.
5.820084	0.4	12.	-115.804805	139.28	-77.
5.044171	0.4	12.	-44.38	8.48	-77.162254
5.93231	0.4	12.	-73.75	16.954392	-77.
5.26718	0.4	12.	-212.44	45.66	-75.854293
5.708306	0.4	12.	-161.86	6.758388	-76.
6.311335	0.4	12.	-59.39	-15.661108	-76.
4.761699	0.4	12.	-114.54	88.20798	-76.
4.997769	0.4	12.	-64.635139	148.41	-76.
4.947266	0.4	12.	-63.63	158.866239	-76.
4.649075	0.4	12.	-145.87	127.86	-77.515101
4.717731	0.4	12.	-46.99	54.526481	-76.
5.886532	0.4	12.	-19.91	69.8	-73.107858
5.685902	0.4	12.	-205.26	55.12	-72.958167
5.096801	0.4	12.	-90.567964	-22.51	-75.
5.426939	0.4	12.	-105.980297	-22.18	-75.
4.637763	0.4	12.	-182.09	-2.034364	-75.
5.110044	0.4	12.	-178.678215	98.18	-75.
5.572056	0.4	12.	-179.48	108.96067	-75.
5.872793	0.4	12.	-156.31	129.188489	-75.
5.105598	0.4	12.	-130.2	140.872615	-75.
4.558919	0.4	12.	-127.92	130.643806	-75.
4.680211	0.4	12.	-122.37	146.45	-72.882802
5.115358	0.4	12.	-195.671632	89.37	-75.
5.307153	0.4	12.	-199.71	26.282299	-75.
4.55432	0.4	12.	-69.83	-10.44	-76.32272
4.5469	0.4	12.	-90.07	-6.2	-73.888242
5.516164	0.4	12.	-122.7	-21.85	-72.314412
6.66421	0.4	12.	-148.48	137.64	-68.888999
4.986784	0.4	12.	-137.38	133.667611	-74.
4.573034	0.4	12.	-4.24	88.789434	-74.
7.459757	0.4	12.	-222.120248	77.96	-74.
4.537702	0.4	12.	-198.73	36.267491	-74.
4.862534	0.4	12.	-188.669647	27.72	-74.
4.857367	0.4	12.	-144.56	32.730488	-74.
4.881305	0.4	12.	-156.64	47.842183	-74.
4.901099	0.4	12.	-70.049617	69.15	-74.
5.5	0.4	12.	-111.93	126.88	-77.381778
4.602602	0.4	12.	-50.25	27.050273	-74.
5.420726	0.4	12.	-47.222233	39.14	-74.
4.761197	0.4	12.	-121.39	70.180996	-73.
4.495	0.4	12.	-122.37	80.89	-72.052258
5.486583	0.4	12.	-75.38	60.67	-68.785074
5.314806	0.4	12.	-158.295786	17.29	-73.
4.863443	0.4	12.	-169.04	17.94	-75.070337
5.376158	0.4	12.	-152.39	-2.61	-73.886967
5.762573	0.4	12.	-162.84	118.4	-70.119292
5.052664	0.4	12.	-130.2	55.78	-67.880222
4.533911	0.4	12.	-121.72	56.1	-75.975875
4.826248	0.4	12.	-184.353223	50.88	-72.
4.648789	0.4	12.	-185.408464	39.79	-72.
4.500026	0.4	12.	-89.41	3.91	-70.516836
5.078543	0.4	12.	-77.67	-16.63	-76.65628
6.067788	0.4	12.	-77.67	-27.544324	-72.
4.544896	0.4	12.	-144.89	-9.438499	-72.
4.782113	0.4	12.	-127.59	-9.46	-72.165413
7.655528	0.4	12.	-61.35	133.935212	-72.
6.824164	0.4	12.	-58.09	48.736022	-72.
5.700948	0.4	12.	-81.555618	72.74	-72.
4.897894	0.4	12.	-202.498548	77.63	-72.
5.656042	0.4	12.	-187.293916	15.33	-72.
5.032685	0.4	12.	-190.25	2.94	-70.427003
4.699924	0.4	12.	-153.7	73.242457	-71.
4.984829	0.4	12.	-146.19	115.79	-72.731901
5.014402	0.4	12.	-105.4	133.961781	-71.
4.908843	0.4	12.	-86.442213	135.36	-71.
5.103336	0.4	12.	-99.2	145.47	-69.806968
4.557892	0.4	12.	-152.07	8.81	-70.886043
5.035693	0.4	12.	-63.63	-6.52	-70.04791
4.947943	0.4	12.	-69.51	2.28	-69.598136
4.620694	0.4	12.	-117.48	-11.705788	-71.
5.528049	0.4	12.	-128.570086	116.44	-70.
6.561761	0.4	12.	-138.36	121.99	-63.54607
5.47906	0.4	12.	-168.011454	78.61	-70.
5.192648	0.4	12.	-57.76	3.834115	-70.
4.587677	0.4	12.	-95.29	10.11	-67.252221
5.063869	0.4	12.	-146.52	83.5	-65.112707
4.717642	0.4	12.	-143.312847	70.45	-70.
5.235465	0.4	12.	-113.864896	-0.65	-70.
4.788255	0.4	12.	-55.15	77.82822	-69.
4.664714	0.4	12.	-55.48	65.638098	-69.
5.995964	0.4	12.	-113.685727	150.37	-68.
4.796432	0.4	12.	-159.9	107.96	-65.96325
4.77312	0.4	12.	-189.92	96.011773	-68.
4.483259	0.4	12.	-185.35	87.74	-64.357955
5.084135	0.4	12.	-178.5806	24.14	-68.
4.491314	0.4	12.	-177.52	33.6	-71.945771
5.031381	0.4	12.	-179.321252	4.57	-68.
5.507183	0.4	12.	-134.12	-19.323498	-68.
5.649078	0.4	12.	-15.66	55.187487	-68.
7.080889	0.4	12.	-4.24	69.8	-65.64109
5.874761	0.4	12.	-168.06	49.497578	-67.
4.657263	0.4	12.	-158.80737	58.71	-67.
5.107398	0.4	12.	-81.26	-7.929045	-67.
5.045719	0.4	12.	-81.58	2.94	-62.730195
5.011585	0.4	12.	-62.65	14.738337	-67.
5.186031	0.4	12.	-79.802916	145.8	-67.
5.923192	0.4	12.	-90.07	152.322374	-67.
4.552886	0.4	12.	-117.15	96.415385	-67.
4.821843	0.4	12.	-109.32	104.05	-67.658448
7.137216	0.4	12.	-206.061388	89.7	-67.
4.630805	0.4	12.	-191.88	42.08	-63.325859
5.027029	0.4	12.	-157.62	-17.259317	-67.
5.428475	0.4	12.	-164.8	-6.2	-68.249167
5.925521	0.4	12.	-36.82835	8.81	-66.
6.194922	0.4	12.	-207.22	44.022962	-65.
5.370273	0.4	12.	-171.65	82.2	-59.84812
4.907844	0.4	12.	-131.84	69.8	-65.066877
5.007502	0.4	12.	-79.3	10.44	-69.453105
6.308346	0.4	12.	-49.100899	-5.54	-65.
5.207954	0.4	12.	-169.12113	4.89	-65.
5.375	0.4	12.	-170.34	29.921647	-65.
4.646064	0.4	12.	-119.184999	140.91	-65.
5.0912	0.4	12.	-179.582957	42.08	-64.
4.960467	0.4	12.	-46.01	50.88	-64.761244
6.699463	0.4	12.	-41.44	66.00402	-64.
4.994535	0.4	12.	-198.755011	71.76	-64.
4.488372	0.4	12.	-132.49	107.64	-61.791697
5.204819	0.4	12.	-143.669827	110.25	-63.
5.089252	0.4	12.	-117.48	125.800968	-63.
4.622356	0.4	12.	-124.	135.04	-58.617983
5.430225	0.4	12.	-195.896519	31.96	-63.
4.70986	0.4	12.	-183.4	31.96	-62.289257
5.063268	0.4	12.	-212.129983	65.89	-63.
5.335365	0.4	12.	-196.78	55.216609	-63.
5.394732	0.4	12.	-139.606733	34.25	-63.
4.983515	0.4	12.	-157.29	50.049961	-63.
4.577673	0.4	12.	-127.27	48.6	-59.944444
5.689873	0.4	12.	-110.95	-16.492168	-63.
5.043034	0.4	12.	-120.74	-27.231201	-63.
6.488167	0.4	12.	-148.81	-26.174759	-63.
5.790465	0.4	12.	-69.18	-14.68	-64.416866
4.970344	0.4	12.	-85.5	-18.677754	-63.
5.1895	0.4	12.	-95.284916	-10.76	-63.
4.866873	0.4	12.	-41.77	21.85	-66.073969
5.244192	0.4	12.	-3.59	87.095204	-63.
5.237569	0.4	12.	-11.42	114.206252	-63.
5.590254	0.4	12.	-75.599299	121.01	-63.
6.448036	0.4	12.	-72.44	137.538093	-63.
5.398324	0.4	12.	-163.49	98.309206	-63.
5.335467	0.4	12.	-169.782005	18.59	-62.
4.869818	0.4	12.	-159.9	22.733632	-62.
5.262524	0.4	12.	-151.74	-3.484423	-62.
5.45385	0.4	12.	-92.02	123.62	-61.763064
4.730274	0.4	12.	-179.968551	15.	-62.
4.806794	0.4	12.	-117.8	87.09	-65.503453
5.277716	0.4	12.	-133.14	81.87	-66.648537
4.924143	0.4	12.	-134.77	60.99	-58.08323
5.251181	0.4	12.	-121.07	60.34	-63.283585
4.879982	0.4	12.	-57.76	47.62	-59.707676
4.861846	0.4	12.	-62.	141.56	-57.162649
4.713003	0.4	12.	-195.14	87.651765	-61.
4.51365	0.4	12.	-144.330045	-10.44	-61.
4.663754	0.4	12.	-77.99	-25.53261	-61.
5.463337	0.4	12.	-64.763022	66.21	-61.
4.607554	0.4	12.	-184.7	48.6	-58.905459
4.766731	0.4	12.	-79.62	68.97329	-61.
4.724843	0.4	12.	-94.31	135.04	-61.972061
4.728354	0.4	12.	-103.77	137.582117	-60.
4.588272	0.4	12.	-113.294818	135.04	-60.
5.148814	0.4	12.	-177.2	94.033037	-60.
4.917788	0.4	12.	-206.625271	57.08	-60.
5.018733	0.4	12.	-139.99	-1.63	-64.503412
4.741849	0.4	12.	-72.12	-1.466857	-60.
5.285856	0.4	12.	-60.979763	-6.52	-60.
4.545862	0.4	12.	-152.415482	6.2	-60.
4.597744	0.4	12.	-160.88	12.39	-61.304836
4.517415	0.4	12.	-143.91	66.972736	-59.
4.971041	0.4	12.	-143.26	83.17	-55.288636
5.077333	0.4	12.	-181.44	77.90236	-59.
4.48635	0.4	12.	-190.9	79.91	-57.576264
4.782311	0.4	12.	-125.31	-14.68	-58.235384
4.757957	0.4	12.	-65.464358	7.5	-59.
4.49875	0.4	12.	-55.899043	5.22	-59.
4.756379	0.4	12.	-153.7	69.15	-62.420547
4.912176	0.4	12.	-92.611675	112.53	-59.
6.100339	0.4	12.	-151.42	101.852731	-57.
4.723422	0.4	12.	-144.763707	93.29	-57.
4.905797	0.4	12.	-134.77	-5.87	-56.318334
5.04998	0.4	12.	-134.896423	-16.96	-57.
6.380805	0.4	12.	-187.31	90.35	-51.077238
4.572695	0.4	12.	-58.09	15.98	-55.416044
4.493589	0.4	12.	-81.26	-3.59	-53.046669
4.526724	0.4	12.	-78.97	-13.474512	-56.
4.515807	0.4	12.	-127.92	29.755649	-56.
4.886415	0.4	12.	-176.87	8.092622	-56.
4.81179	0.4	12.	-162.627352	0.	-56.
5.602403	0.4	12.	-185.68	39.14	-54.384662
6.061422	0.4	12.	-86.48	140.91	-50.277656
5.649499	0.4	12.	-17.62	65.56	-56.07306
4.550849	0.4	12.	-46.524655	3.91	-55.
4.496853	0.4	12.	-49.93	13.7	-58.666444
5.966335	0.4	12.	-95.562154	-2.28	-55.
4.493972	0.4	12.	-120.853823	111.88	-55.
6.883911	0.4	12.	-51.047346	125.9	-55.
4.764426	0.4	12.	-164.289041	86.44	-54.
4.641299	0.4	12.	-174.26	35.73544	-54.
4.743657	0.4	12.	-69.51	15.33	-53.776206
5.196369	0.4	12.	-56.45	27.535112	-54.
5.783776	0.4	12.	-79.543793	20.87	-54.
5.028222	0.4	12.	-80.93	9.577708	-54.
5.862639	0.4	12.	-119.44	22.83	-59.262789
4.706356	0.4	12.	-148.81	15.	-50.243762
5.040627	0.4	12.	-161.21	67.19	-50.723748
4.886075	0.4	12.	-135.66969	70.78	-54.
4.892386	0.4	12.	-151.087734	76.	-54.
5.816044	0.4	12.	-127.27	119.05	-58.839103
5.237193	0.4	12.	-54.17	67.707855	-54.
7.120463	0.4	12.	-61.35	78.500779	-54.
5.162313	0.4	12.	-38.141796	57.41	-54.
4.572291	0.4	12.	-195.8	72.769282	-53.
7.043167	0.4	12.	-207.571129	74.37	-53.
6.292853	0.4	12.	-45.36	79.331896	-53.
8.194493	0.4	12.	-104.880422	97.85	-53.
4.72637	0.4	12.	-105.670472	125.25	-53.
4.741497	0.4	12.	-200.36	63.93	-54.87148
5.404638	0.4	12.	-167.73	8.48	-50.636378
6.882123	0.4	12.	-40.46	19.9	-54.460164
4.490818	0.4	12.	-70.49	-17.478602	-52.
4.633576	0.4	12.	-109.65	-16.650693	-52.
5.754941	0.4	12.	-185.03	24.81177	-52.
4.506959	0.4	12.	-137.185063	33.27	-52.
4.712461	0.4	12.	-127.92	40.380502	-52.
4.74778	0.4	12.	-140.32	112.24869	-52.
4.703372	0.4	12.	-162.51	99.032001	-52.
5.775752	0.4	12.	-119.11	125.933708	-52.
4.948289	0.4	12.	-78.32	128.19	-50.628112
5.662812	0.4	12.	-195.8	53.49	-51.341869
4.488958	0.4	12.	-68.2	121.34	-56.042333
4.672001	0.4	12.	-73.75	141.103115	-52.
4.490404	0.4	12.	-47.104805	53.17	-52.
4.57924	0.4	12.	-118.956102	-22.83	-52.
5.516886	0.4	12.	-117.15	-9.102711	-52.
4.517074	0.4	12.	-88.11	-13.05	-54.669714
4.622671	0.4	12.	-175.56	84.15	-49.83219
4.896996	0.4	12.	-146.85	57.7651	-52.
5.061768	0.4	12.	-57.76	57.702408	-52.
5.718038	0.4	12.	-86.48	86.44	-47.852832
6.905797	0.4	12.	-171.32	24.01019	-51.
6.801413	0.4	12.	-154.35	-2.61	-45.819657
4.632343	0.4	12.	-126.76171	9.13	-51.
4.756457	0.4	12.	-118.712111	15.98	-51.
5.546375	0.4	12.	-88.76	72.97534	-51.
4.645491	0.4	12.	-56.78	48.93	-47.665409
5.013219	0.4	12.	-65.59	56.1	-45.829822
4.805705	0.4	12.	-65.011694	65.23	-50.
4.963129	0.4	12.	-74.4	63.28	-51.999219
5.153354	0.4	12.	-130.2	108.013549	-50.
6.435534	0.4	12.	-74.415799	112.53	-50.
5.542948	0.4	12.	-126.096361	65.23	-50.
6.508938	0.4	12.	-148.15	-13.806341	-50.
5.42759	0.4	12.	-143.58	0.	-53.629059
6.146381	0.4	12.	-60.04	-1.759187	-49.
4.935351	0.4	12.	-71.14	-0.306157	-49.
6.265489	0.4	12.	-95.61	128.84	-47.653194
6.789499	0.4	12.	-103.77	141.854442	-49.
7.65101	0.4	12.	-114.21	134.06	-42.299789
6.072616	0.4	12.	-117.498912	86.11	-49.
5.560109	0.4	12.	-128.9	86.44	-53.432639
5.474605	0.4	12.	-40.952762	32.29	-49.
5.302364	0.4	12.	-138.69	24.125166	-48.
4.762328	0.4	12.	-124.782662	49.9	-48.
5.283991	0.4	12.	-146.255491	69.15	-48.
5.275419	0.4	12.	-97.908451	114.81	-48.
4.565357	0.4	12.	-126.29	-11.260904	-48.
4.830873	0.4	12.	-64.495216	8.81	-48.
4.762137	0.4	12.	-157.89465	11.09	-48.
4.716718	0.4	12.	-31.33	41.8418	-48.
4.545451	0.4	12.	-162.32709	79.59	-48.
4.731748	0.4	12.	-144.709809	101.44	-46.
5.443103	0.4	12.	-136.4	-6.78566	-46.
4.72053	0.4	12.	-137.38	-17.94	-46.214244
4.893288	0.4	12.	-117.8	107.183224	-46.
4.77591	0.4	12.	-186.66	50.88	-46.694752
5.697894	0.4	12.	-79.95	-16.459993	-45.
5.51353	0.4	12.	-41.12	43.662126	-45.
4.486831	0.4	12.	-30.02	53.49	-46.295196
5.225804	0.4	12.	-136.685753	91.33	-45.
4.765216	0.4	12.	-189.6	61.293305	-45.
6.166091	0.4	12.	-92.35	10.44	-44.964669
5.333329	0.4	12.	-92.35	-1.093519	-44.
5.118618	0.4	12.	-56.13	14.511348	-44.
4.704679	0.4	12.	-70.731816	16.96	-43.
5.456015	0.4	12.	-58.09	27.793736	-43.
5.362755	0.4	12.	-81.539585	22.83	-43.
4.567416	0.4	12.	-81.26	3.635986	-43.
4.574474	0.4	12.	-136.4	72.246429	-43.
5.691638	0.4	12.	-149.13	79.048001	-43.
5.539111	0.4	12.	-166.43	89.147426	-43.
5.476352	0.4	12.	-112.797878	24.46	-43.
4.596261	0.4	12.	-148.48	15.33	-40.748231
4.502344	0.4	12.	-142.301705	7.5	-43.
5.301657	0.4	12.	-178.569033	34.57	-43.
4.852758	0.4	12.	-155.01	34.722683	-43.
6.814763	0.4	12.	-191.31869	36.21	-43.
4.811327	0.4	12.	-127.099164	114.81	-43.
5.646534	0.4	12.	-199.06	64.26	-37.137316
5.478758	0.4	12.	-46.34	69.972211	-42.
4.748095	0.4	12.	-183.72	69.481234	-42.
4.949546	0.4	12.	-106.144284	122.97	-42.
4.612124	0.4	12.	-154.68	69.553997	-42.
5.310644	0.4	12.	-110.881865	-14.03	-41.
4.541181	0.4	12.	-122.37	-18.92	-42.519204
4.808321	0.4	12.	-72.118397	-8.15	-41.
5.212794	0.4	12.	-45.03	24.245783	-41.
6.920514	0.4	12.	-117.15	119.38	-37.989453
4.761457	0.4	12.	-65.27	44.69	-40.841985
5.277901	0.4	12.	-50.60598	37.18	-41.
4.681896	0.4	12.	-147.5	58.795973	-41.
4.62241	0.4	12.	-123.68	5.368603	-40.
4.919052	0.4	12.	-121.729913	15.98	-40.
4.731892	0.4	12.	-131.51	25.351371	-40.
4.594582	0.4	12.	-127.92	36.347972	-40.
5.407817	0.4	12.	-170.02	13.37	-37.968761
4.664825	0.4	12.	-162.84	101.235683	-40.
4.609808	0.4	12.	-78.729227	126.55	-40.
4.864018	0.4	12.	-137.900976	103.07	-39.
4.694498	0.4	12.	-113.24	99.421329	-39.
4.781727	0.4	12.	-103.751043	100.79	-39.
4.753527	0.4	12.	-62.	70.123526	-39.
5.196099	0.4	12.	-23.17	62.95	-43.338593
6.232215	0.4	12.	-67.22	118.134528	-39.
5.187271	0.4	12.	-57.76	111.55	-40.349187
5.241916	0.4	12.	-123.35	61.532275	-39.
5.176458	0.4	12.	-116.5	72.763705	-39.
4.592624	0.4	12.	-72.12	53.065347	-39.
4.585094	0.4	12.	-69.83	64.426346	-39.
4.641993	0.4	12.	-53.795438	52.51	-39.
4.60098	0.4	12.	-78.181964	11.42	-39.
5.575068	0.4	12.	-53.597148	3.26	-39.
4.939793	0.4	12.	-38.971607	34.25	-38.
4.944753	0.4	12.	-139.572902	17.94	-37.
5.782673	0.4	12.	-124.66	-10.76	-33.080129
5.313324	0.4	12.	-65.27	5.54	-37.482491
5.13914	0.4	12.	-99.99745	112.86	-37.
5.000599	0.4	12.	-123.35	82.2	-34.323863
5.880253	0.4	12.	-134.580797	82.2	-37.
5.694731	0.4	12.	-160.621116	79.59	-37.
4.972227	0.4	12.	-133.47	4.24	-40.705155
4.634872	0.4	12.	-132.16	12.07	-34.228264
4.610058	0.4	12.	-112.26	82.522048	-37.
4.825645	0.4	12.	-117.8	90.454568	-37.
6.223012	0.4	12.	-170.34	72.190679	-36.
4.586607	0.4	12.	-80.28	32.62	-38.311926
4.915125	0.4	12.	-135.1	-14.064151	-35.
5.761018	0.4	12.	-144.183264	-2.61	-35.
4.958686	0.4	12.	-147.246442	87.74	-34.
5.359532	0.4	12.	-134.45	93.210632	-34.
4.762939	0.4	12.	-44.38	45.66	-33.214689
5.469592	0.4	12.	-39.49	55.134406	-34.
4.510792	0.4	12.	-80.213449	-13.37	-34.
5.334886	0.4	12.	-62.	-9.205695	-34.
4.711664	0.4	12.	-78.64	8.15	-29.38718
5.297819	0.4	12.	-144.89	68.17	-37.049882
5.307226	0.4	12.	-190.879175	53.17	-34.
4.576137	0.4	12.	-87.46	1.951655	-33.
5.958939	0.4	12.	-88.76	12.623018	-33.
5.138842	0.4	12.	-62.33	25.80552	-33.
5.086747	0.4	12.	-60.322749	15.33	-33.
4.697703	0.4	12.	-24.984439	68.17	-33.
5.199528	0.4	12.	-29.232406	58.71	-33.
5.313952	0.4	12.	-36.55	69.15	-29.265636
5.491718	0.4	12.	-79.95	59.36	-34.993742
4.672943	0.4	12.	-84.329612	68.82	-33.
5.397315	0.4	12.	-154.243865	7.83	-32.
4.498116	0.4	12.	-108.396231	16.31	-32.
5.262273	0.4	12.	-112.791267	25.12	-32.
5.052259	0.4	12.	-101.621851	1.3	-32.
4.816511	0.4	12.	-119.722069	0.	-32.
4.694193	0.4	12.	-129.88	-0.98	-33.182677
4.916878	0.4	12.	-92.02	51.272935	-32.
6.513864	0.4	12.	-155.98	27.495588	-32.
5.539128	0.4	12.	-152.42784	73.71	-31.
4.717463	0.4	12.	-118.345353	56.43	-31.
5.804259	0.4	12.	-135.43	69.876516	-31.
4.80065	0.4	12.	-52.86	75.837578	-31.
4.904172	0.4	12.	-52.86	62.3	-28.602055
5.635989	0.4	12.	-144.529101	32.62	-30.
4.764428	0.4	12.	-152.39	40.774409	-30.
5.122711	0.4	12.	-148.015974	16.31	-30.
4.876605	0.4	12.	-80.28	22.18	-25.485532
5.40476	0.4	12.	-72.77	21.53	-33.436951
5.241647	0.4	12.	-70.240052	40.77	-30.
4.746498	0.4	12.	-61.68	35.276248	-30.
4.926416	0.4	12.	-52.917899	41.42	-30.
5.295523	0.4	12.	-63.63	50.556155	-30.
5.796574	0.4	12.	-79.62	99.792475	-30.
5.860281	0.4	12.	-152.07	61.65	-28.924801
5.063007	0.4	12.	-182.09	63.825715	-30.
5.251579	0.4	12.	-118.78	15.66	-29.148293
4.663179	0.4	12.	-128.14061	19.57	-29.
5.398543	0.4	12.	-131.459237	32.29	-29.
4.541841	0.4	12.	-67.55	67.070879	-28.
5.860513	0.4	12.	-120.173832	99.48	-28.
5.826767	0.4	12.	-111.962602	108.29	-28.
4.770709	0.4	12.	-110.796085	119.38	-28.
5.42418	0.4	12.	-67.22	110.9	-27.01252
7.950152	0.4	12.	-53.19	92.31	-21.828336
4.749223	0.4	12.	-119.76	68.679736	-28.
4.648924	0.4	12.	-129.23	41.98473	-27.
5.907138	0.4	12.	-68.53	4.22761	-26.
7.482913	0.4	12.	-124.98	-7.18	-19.286987
4.749605	0.4	12.	-137.06	8.921429	-26.
4.937849	0.4	12.	-138.69	21.414498	-26.
4.561953	0.4	12.	-109.563639	75.35	-26.
7.038601	0.4	12.	-118.78	80.24	-20.630346
4.680726	0.4	12.	-100.84	45.7985	-26.
4.648838	0.4	12.	-102.776345	58.06	-26.
5.580689	0.4	12.	-98.796639	106.01	-26.
4.49943	0.4	12.	-100.18	119.023801	-26.
7.748132	0.4	12.	-43.4	105.313299	-26.
4.74621	0.4	12.	-161.181226	70.45	-26.
4.963648	0.4	12.	-111.6	92.63	-27.75071
4.564755	0.4	12.	-86.853288	31.64	-24.
6.272631	0.4	12.	-102.268668	87.41	-24.
4.680833	0.4	12.	-98.88	75.544973	-24.
4.707236	0.4	12.	-111.93	54.39062	-24.
4.786427	0.4	12.	-132.16	49.9	-19.762787
5.515898	0.4	12.	-92.993289	22.83	-24.
5.702722	0.4	12.	-77.99	7.18	-17.482369
4.575484	0.4	12.	-73.42	15.265606	-23.
4.785762	0.4	12.	-139.99	41.043816	-23.
4.904895	0.4	12.	-121.773055	28.05	-23.
4.602058	0.4	12.	-80.93	39.47	-27.531206
5.217294	0.4	12.	-95.724203	37.51	-23.
7.316059	0.4	12.	-141.022933	84.15	-23.
4.542139	0.4	12.	-171.32	72.710404	-23.
6.040475	0.4	12.	-143.58	65.89	-21.619608
4.522934	0.4	12.	-86.8	12.777375	-22.
4.507585	0.4	12.	-63.34179	13.7	-22.
5.704767	0.4	12.	-53.59551	22.51	-22.
4.53939	0.4	12.	-62.98	26.853029	-22.
5.996013	0.4	12.	-80.93	57.86692	-22.
5.359971	0.4	12.	-91.852746	61.97	-22.
6.027534	0.4	12.	-87.119994	75.35	-22.
6.79188	0.4	12.	-162.218563	58.71	-21.
6.041948	0.4	12.	-104.42	10.199453	-21.
6.24177	0.4	12.	-54.462611	69.8	-19.
4.741075	0.4	12.	-154.35	72.295698	-19.
6.484482	0.4	12.	-77.34	21.2	-13.89301
5.367475	0.4	12.	-73.1	39.79	-15.303872
4.782759	0.4	12.	-72.44	29.03	-22.587215
4.855529	0.4	12.	-144.89	26.192008	-19.
5.559012	0.4	12.	-146.52	37.51	-14.735327
4.545966	0.4	12.	-103.12	65.59247	-19.
5.653195	0.4	12.	-73.42	70.618784	-19.
6.448728	0.4	12.	-75.032506	102.74	-19.
6.089343	0.4	12.	-117.8	61.32	-16.171762
5.859617	0.4	12.	-119.11	45.99	-21.391924
5.730552	0.4	12.	-103.12	36.53	-13.991303
5.036834	0.4	12.	-120.41	13.439713	-18.
5.711431	0.4	12.	-111.023595	18.92	-16.
5.050999	0.4	12.	-129.23	17.29	-12.295404
4.634107	0.4	12.	-134.451734	28.38	-16.
6.577902	0.4	12.	-125.96	37.18	-11.972917
5.297179	0.4	12.	-142.93	16.31	-10.337921
5.050428	0.4	12.	-105.4	77.07536	-15.
4.697439	0.4	12.	-142.528113	51.86	-13.
4.877091	0.4	12.	-61.644875	81.22	-13.
7.720074	0.4	12.	-127.92	53.17	-7.163083
5.781371	0.4	12.	-139.99	60.99	-8.314859
4.814464	0.4	12.	-83.21	46.535971	-11.
5.370274	0.4	12.	-88.43	53.82	-5.962189
4.767733	0.4	12.	-78.787802	56.75	-11.
4.79251	0.4	12.	-96.59	50.36263	-11.
4.518683	0.4	12.	-90.72	68.17	-13.261405
6.029795	0.4	12.	-84.52	70.78	-4.975437
4.710131	0.4	12.	-96.27	74.04	-6.754445
6.586936	0.4	12.	-95.29	89.37773	-11.
5.284124	0.4	12.	-143.26	71.719646	-8.
7.320256	0.4	12.	-113.89	57.08	-1.082794
5.575164	0.4	12.	-96.59	62.3	-6.085754
5.131656	1.	11.	-103.596723	81.22	-179.
5.122409	1.	11.	-110.62	91.98	-177.64293
5.9058	1.	11.	-123.68	77.596358	-170.
4.347504	1.	11.	-129.23	56.017804	-170.
6.334401	1.	11.	-108.34	69.15	-173.156703
5.001341	1.	11.	-91.7	77.63	-168.062195
4.541393	1.	11.	-158.077939	102.74	-164.
5.405229	1.	11.	-110.62	95.24	-163.013573
4.337152	1.	11.	-101.16	79.456181	-164.
6.437301	1.	11.	-97.9	63.64166	-164.
4.661627	1.	11.	-92.246519	90.68	-164.
5.516628	1.	11.	-76.738962	46.32	-160.
4.807321	1.	11.	-117.8	67.344641	-160.
5.17891	1.	11.	-116.17	84.8	-164.853444
4.769053	1.	11.	-126.634293	96.22	-160.
5.143072	1.	11.	-82.23	83.218052	-157.
4.701945	1.	11.	-94.287315	79.91	-157.
4.549866	1.	11.	-94.63	109.146193	-157.
5.324432	1.	11.	-108.34	119.5173	-157.
4.504451	1.	11.	-74.73	106.458419	-157.
4.403327	1.	11.	-132.49	58.06	-160.236767
4.859708	1.	11.	-131.206548	38.49	-157.
5.262982	1.	11.	-110.62	30.99	-156.36731
5.19382	1.	11.	-172.63	15.078628	-157.
5.511177	1.	11.	-182.02515	9.79	-157.
4.800099	1.	11.	-171.32	57.41	-157.521398
5.01899	1.	11.	-136.73	48.27	-156.011681
4.499136	1.	11.	-119.726024	90.02	-157.
4.722991	1.	11.	-126.158338	77.63	-154.
4.774682	1.	11.	-109.183299	71.11	-154.
5.444006	1.	11.	-75.71	28.822294	-154.
4.457926	1.	11.	-107.69	97.58641	-153.
4.41972	1.	11.	-98.605554	70.45	-153.
5.80965	1.	11.	-105.4	87.09	-151.854061
5.574364	1.	11.	-93.66	91.98	-151.238303
5.053748	1.	11.	-178.048281	40.12	-152.
5.288557	1.	11.	-183.488998	54.14	-152.
4.350009	1.	11.	-176.87	60.02	-147.789862
5.153055	1.	11.	-115.52	43.603058	-152.
4.724157	1.	11.	-80.28	61.819127	-152.
4.695271	1.	11.	-73.42	97.589538	-152.
4.876318	1.	11.	-135.43	82.599581	-151.
5.860317	1.	11.	-120.09	105.68	-149.433228
4.47704	1.	11.	-126.141834	61.65	-150.
5.112914	1.	11.	-153.05	59.154456	-149.
4.715081	1.	11.	-166.43	54.707735	-149.
4.847029	1.	11.	-154.979783	28.05	-149.
5.66188	1.	11.	-135.858973	29.68	-149.
4.333055	1.	11.	-117.747853	66.21	-148.
5.077087	1.	11.	-118.78	81.734262	-148.
5.160017	1.	11.	-122.37	93.379013	-147.
4.441592	1.	11.	-129.23	100.13	-147.407751
5.371026	1.	11.	-113.24	127.53	-149.844547
4.633919	1.	11.	-145.54	128.51	-143.26241
5.593644	1.	11.	-169.04	92.63	-151.169474
4.368783	1.	11.	-163.16	99.16	-144.338373
4.752283	1.	11.	-178.943763	96.55	-147.
5.088039	1.	11.	-190.04383	82.85	-146.
4.397072	1.	11.	-188.29	62.3	-149.91794
5.591903	1.	11.	-90.72	71.848327	-146.
4.529954	1.	11.	-90.013337	83.5	-146.
4.766471	1.	11.	-131.856829	43.71	-146.
4.993663	1.	11.	-106.06	30.66	-142.785744
4.557706	1.	11.	-113.89	39.47	-143.018861
4.903676	1.	11.	-124.33	35.264498	-146.
5.362352	1.	11.	-174.91	4.545261	-146.
5.103113	1.	11.	-173.28	16.31	-146.438466
4.929377	1.	11.	-75.06	46.779783	-146.
4.540886	1.	11.	-62.33	47.29	-150.338721
5.186875	1.	11.	-75.38	105.866603	-146.
5.617979	1.	11.	-98.55	106.01	-145.521394
4.567874	1.	11.	-108.01	118.435028	-145.
4.884969	1.	11.	-139.735057	49.25	-145.
4.911831	1.	11.	-139.02	59.36	-143.896819
4.670696	1.	11.	-79.95	84.15	-147.14186
4.396958	1.	11.	-140.32	71.396736	-144.
4.693944	1.	11.	-132.49	77.3	-143.258524
5.751853	1.	11.	-93.66	24.46	-143.38512
4.444561	1.	11.	-79.3	34.96935	-143.
5.507221	1.	11.	-125.96	121.01	-138.950619
5.134372	1.	11.	-84.151742	111.88	-143.
4.42847	1.	11.	-119.76	72.99161	-142.
4.908362	1.	11.	-101.49	71.11	-141.116416
5.627201	1.	11.	-106.251778	81.22	-142.
4.645941	1.	11.	-102.47	91.33	-140.806545
5.521235	1.	11.	-109.32	103.874954	-142.
5.195253	1.	11.	-92.02	95.24	-138.771052
5.16764	1.	11.	-163.49	41.1	-139.293062
4.825339	1.	11.	-174.158491	32.94	-141.
4.886395	1.	11.	-173.86172	42.73	-141.
5.52597	1.	11.	-184.37	50.576773	-141.
4.430836	1.	11.	-162.51	67.19	-138.263151
4.660823	1.	11.	-148.48	69.8	-139.963728
4.596178	1.	11.	-144.10516	80.89	-141.
4.966537	1.	11.	-144.89	92.666353	-141.
5.977991	1.	11.	-125.31	50.242933	-140.
4.955525	1.	11.	-189.27	94.59	-138.809381
4.557825	1.	11.	-117.035066	112.2	-139.
4.335166	1.	11.	-86.307878	141.23	-139.
4.585563	1.	11.	-136.73	84.15	-135.939311
4.545425	1.	11.	-134.77	93.61	-139.555601
4.669206	1.	11.	-132.16	25.542174	-138.
4.937965	1.	11.	-161.21	51.21	-133.219109
4.751638	1.	11.	-167.676391	57.08	-138.
5.136665	1.	11.	-128.9	63.6	-138.900821
4.44725	1.	11.	-110.3	71.601403	-138.
4.741925	1.	11.	-94.31	121.402253	-138.
4.494551	1.	11.	-85.5	26.547976	-137.
4.904022	1.	11.	-124.	30.33	-136.397989
4.682989	1.	11.	-119.171165	61.65	-137.
4.436201	1.	11.	-109.0961	126.88	-136.
4.756901	1.	11.	-119.11	126.88	-132.182341
5.454684	1.	11.	-127.729344	103.4	-136.
4.995887	1.	11.	-169.36	96.87	-137.648903
4.8612	1.	11.	-117.650729	96.55	-136.
4.453272	1.	11.	-93.33	84.619271	-135.
5.348152	1.	11.	-113.817349	30.01	-135.
4.750542	1.	11.	-120.74	39.536923	-135.
5.092357	1.	11.	-150.955868	30.01	-135.
4.700303	1.	11.	-177.825437	13.05	-135.
4.609976	1.	11.	-191.049857	23.48	-135.
4.61524	1.	11.	-118.46	83.83	-136.588625
4.479993	1.	11.	-170.02	81.54	-138.033661
4.501338	1.	11.	-191.042376	82.2	-135.
5.070624	1.	11.	-88.76	68.82	-134.355972
6.153582	1.	11.	-79.997391	79.59	-134.
4.390872	1.	11.	-93.871066	104.37	-134.
4.65091	1.	11.	-111.6	118.149836	-134.
4.514733	1.	11.	-71.47	104.7	-135.371183
4.848391	1.	11.	-61.666133	46.64	-134.
4.595065	1.	11.	-74.08	52.84	-132.956974
4.916411	1.	11.	-132.82	40.826484	-133.
5.036083	1.	11.	-157.29	95.100307	-133.
4.392738	1.	11.	-141.95	70.13	-131.316437
5.072455	1.	11.	-141.95	60.02	-133.561821
4.460766	1.	11.	-179.116638	80.89	-133.
5.18152	1.	11.	-179.315158	91.65	-132.
4.74332	1.	11.	-108.67	18.92	-135.907939
4.430832	1.	11.	-82.23	39.79	-130.750895
4.378038	1.	11.	-77.624085	29.03	-132.
5.818658	1.	11.	-145.87	4.57	-130.239591
5.088209	1.	11.	-62.248136	110.57	-131.
5.509564	1.	11.	-101.770649	115.14	-131.
5.191951	1.	11.	-112.91	106.042018	-131.
4.463004	1.	11.	-109.32	96.059484	-131.
5.548048	1.	11.	-108.285844	79.59	-131.
5.049495	1.	11.	-108.01	62.657252	-131.
4.455529	1.	11.	-130.57617	69.8	-131.
5.18123	1.	11.	-120.09	71.859857	-131.
5.152456	1.	11.	-98.55	27.924661	-131.
4.910206	1.	11.	-62.98	80.99068	-131.
4.796714	1.	11.	-59.07	71.358969	-130.
5.244698	1.	11.	-72.12	118.73	-126.067747
4.563689	1.	11.	-92.35	130.79	-127.863428
4.83117	1.	11.	-165.45	35.762594	-130.
4.53385	1.	11.	-194.16	61.850054	-130.
5.168065	1.	11.	-189.786631	73.39	-130.
5.869837	1.	11.	-192.86	94.92	-126.901104
4.388843	1.	11.	-178.53331	47.62	-129.
4.356603	1.	11.	-187.64	51.050292	-129.
5.392821	1.	11.	-90.07	96.22	-126.484316
4.387785	1.	11.	-140.345037	90.02	-128.
5.168178	1.	11.	-119.481737	54.14	-127.
4.430204	1.	11.	-95.94	69.8	-127.703176
4.34584	1.	11.	-184.7	35.23	-124.271815
4.921938	1.	11.	-114.190897	42.73	-127.
4.508488	1.	11.	-67.88	98.941572	-126.
5.108954	1.	11.	-173.28	104.37	-127.59392
4.437684	1.	11.	-123.296923	121.99	-125.
4.798354	1.	11.	-110.150049	126.88	-125.
4.756117	1.	11.	-118.258782	134.38	-125.
4.852943	1.	11.	-131.84	102.09	-120.788008
4.575315	1.	11.	-117.115484	91.65	-125.
5.325779	1.	11.	-99.2	90.322575	-125.
4.334561	1.	11.	-152.07	67.52	-122.682503
5.222621	1.	11.	-165.201445	67.19	-124.
4.830051	1.	11.	-172.3	75.18562	-124.
4.758998	1.	11.	-172.95	87.389925	-124.
4.586682	1.	11.	-165.12	94.966508	-124.
4.669609	1.	11.	-87.78	26.42	-123.009081
4.872909	1.	11.	-114.919536	29.36	-124.
5.105027	1.	11.	-123.03	37.073321	-124.
4.417074	1.	11.	-125.64	46.64	-123.778423
4.870304	1.	11.	-61.033145	40.45	-124.
4.77299	1.	11.	-92.576424	82.52	-124.
6.498491	1.	11.	-90.171052	117.1	-124.
4.760104	1.	11.	-100.064139	125.58	-124.
5.162037	1.	11.	-128.25	92.706332	-123.
5.426428	1.	11.	-124.	110.102976	-123.
4.446638	1.	11.	-83.21	70.78	-126.498271
4.481811	1.	11.	-82.905692	81.54	-123.
4.43319	1.	11.	-78.343922	47.62	-123.
4.863681	1.	11.	-120.74	64.087454	-123.
4.731466	1.	11.	-161.957922	46.64	-123.
5.162358	1.	11.	-171.310796	49.9	-123.
4.872092	1.	11.	-179.944271	14.68	-123.
5.026887	1.	11.	-164.033342	27.07	-123.
4.788309	1.	11.	-145.87	17.789058	-123.
6.212331	1.	11.	-98.22	103.590444	-122.
4.64052	1.	11.	-107.921739	116.77	-122.
5.054987	1.	11.	-188.684352	81.87	-122.
4.825419	1.	11.	-54.17	81.87	-117.610532
4.672086	1.	11.	-73.1	108.00104	-121.
5.291375	1.	11.	-77.99	30.084669	-121.
4.428229	1.	11.	-83.864357	40.12	-121.
5.022912	1.	11.	-134.555046	41.42	-121.
4.637799	1.	11.	-109.203215	91.65	-120.
4.369648	1.	11.	-112.91	82.781583	-120.
4.854452	1.	11.	-128.94669	71.76	-120.
6.02994	1.	11.	-65.583428	76.98	-120.
4.99069	1.	11.	-99.2	30.33	-119.519734
4.655792	1.	11.	-112.26	17.61	-118.503674
4.408276	1.	11.	-104.1	40.561063	-120.
4.518588	1.	11.	-139.02	31.96	-120.052818
4.342009	1.	11.	-174.056717	97.85	-119.
4.417758	1.	11.	-147.5	119.729882	-119.
4.642455	1.	11.	-133.732676	120.68	-119.
5.29082	1.	11.	-185.35	72.408692	-119.
5.310619	1.	11.	-197.832527	59.69	-119.
4.854051	1.	11.	-104.75	74.04	-119.877247
5.288536	1.	11.	-79.774605	121.66	-118.
4.476918	1.	11.	-63.748109	112.53	-118.
4.394541	1.	11.	-75.06	134.38	-114.792402
5.102173	1.	11.	-110.3	107.31	-120.362402
5.757999	1.	11.	-80.28	93.807564	-117.
4.352378	1.	11.	-112.650696	46.64	-116.
4.488351	1.	11.	-132.82	55.78	-112.706209
4.43041	1.	11.	-88.11	84.891175	-115.
4.953372	1.	11.	-56.45	56.196833	-114.
4.695261	1.	11.	-55.15	67.240266	-114.
4.522987	1.	11.	-69.18	99.147535	-114.
4.972906	1.	11.	-116.343228	129.16	-114.
6.031819	1.	11.	-119.76	33.608135	-113.
4.409154	1.	11.	-104.842559	23.16	-113.
4.876551	1.	11.	-125.58455	45.01	-113.
4.978871	1.	11.	-170.246414	78.61	-113.
5.479094	1.	11.	-178.83	89.37	-115.398328
4.787325	1.	11.	-140.707139	66.21	-112.
5.5763	1.	11.	-153.7	64.91	-109.565506
5.800023	1.	11.	-86.8	71.76	-114.210314
4.85622	1.	11.	-102.067502	93.61	-112.
5.174265	1.	11.	-61.02	43.066321	-112.
4.905918	1.	11.	-70.399937	48.6	-112.
4.418364	1.	11.	-73.612041	63.6	-112.
5.716655	1.	11.	-76.825197	77.63	-112.
4.372028	1.	11.	-67.55	90.361308	-112.
4.367812	1.	11.	-118.78	114.319344	-111.
4.37091	1.	11.	-110.3	117.42	-110.480728
4.669768	1.	11.	-99.53	117.1	-109.025299
5.216402	1.	11.	-94.63	106.54031	-111.
5.234896	1.	11.	-68.2	119.71	-111.567164
4.38218	1.	11.	-142.123566	7.83	-110.
4.3868	1.	11.	-150.11	15.33	-111.658468
4.861321	1.	11.	-81.539725	19.9	-110.
4.70919	1.	11.	-77.896456	38.16	-110.
6.016803	1.	11.	-70.636923	29.68	-110.
4.588913	1.	11.	-113.007369	58.38	-110.
4.422623	1.	11.	-111.28	18.27	-108.11555
4.686899	1.	11.	-134.77	32.178278	-109.
4.574846	1.	11.	-130.53	10.76	-112.033942
4.577056	1.	11.	-187.374127	80.24	-109.
4.503072	1.	11.	-121.39	103.07	-107.46639
4.394872	1.	11.	-112.26	97.07972	-109.
4.897326	1.	11.	-119.73895	66.21	-109.
4.937824	1.	11.	-60.7	82.039295	-108.
5.771281	1.	11.	-191.755813	59.36	-108.
4.790356	1.	11.	-184.7	70.04831	-108.
4.4223	1.	11.	-109.32	76.	-111.661322
4.725063	1.	11.	-101.152551	83.17	-108.
5.612794	1.	11.	-147.83	113.83	-104.864909
4.881997	1.	11.	-92.02	125.455583	-107.
4.983007	1.	11.	-87.78	113.793533	-107.
4.808575	1.	11.	-97.9	101.44	-102.594364
4.848445	1.	11.	-131.51	70.13	-105.636011
4.714682	1.	11.	-133.14	109.019644	-105.
4.752107	1.	11.	-123.03	19.518051	-105.
5.201969	1.	11.	-107.864713	42.4	-105.
4.498255	1.	11.	-136.4	46.166605	-105.
5.074784	1.	11.	-126.29	59.04	-102.248634
5.447764	1.	11.	-91.281017	91.65	-104.
5.200146	1.	11.	-80.28	94.799998	-104.
4.444126	1.	11.	-60.04	63.101039	-103.
4.775133	1.	11.	-67.88	72.561174	-103.
5.078319	1.	11.	-116.17	126.88	-103.60848
5.197322	1.	11.	-96.27	69.8	-101.364945
4.917549	1.	11.	-89.09	60.333096	-103.
4.546165	1.	11.	-123.35	28.7	-102.667678
5.420535	1.	11.	-174.544376	80.89	-102.
5.442908	1.	11.	-182.999301	89.37	-102.
4.823617	1.	11.	-86.080837	82.2	-102.
4.539825	1.	11.	-70.861288	99.81	-102.
4.778723	1.	11.	-87.736564	103.72	-102.
5.523526	1.	11.	-77.99	124.6	-100.920922
4.616398	1.	11.	-60.921366	49.58	-101.
4.514332	1.	11.	-69.51	58.366964	-101.
4.489488	1.	11.	-86.48	69.330244	-101.
4.464479	1.	11.	-150.76	63.28	-97.957984
4.438425	1.	11.	-91.37	13.791228	-101.
4.645181	1.	11.	-131.51	24.743574	-101.
4.667111	1.	11.	-102.226282	113.51	-100.
5.235977	1.	11.	-124.737586	117.42	-100.
5.403611	1.	11.	-67.157291	122.97	-100.
5.747093	1.	11.	-62.65	111.487778	-100.
4.72561	1.	11.	-100.84	55.866149	-100.
4.372409	1.	11.	-114.21	51.86	-100.356609
5.056413	1.	11.	-109.32	23.81	-100.667793
6.032839	1.	11.	-108.99	12.061814	-100.
5.77296	1.	11.	-80.28	54.504705	-100.
4.782085	1.	11.	-76.36	77.273248	-100.
5.643487	1.	11.	-68.53	42.634014	-100.
5.195341	1.	11.	-51.89	61.97	-97.720455
5.179281	1.	11.	-85.17	23.16	-100.053026
5.295592	1.	11.	-72.44	31.64	-98.065762
5.159025	1.	11.	-85.5	36.607163	-99.
4.498721	1.	11.	-77.99	41.42	-95.149148
4.400131	1.	11.	-143.91	12.72	-102.650166
4.864291	1.	11.	-170.02	26.841463	-99.
4.339088	1.	11.	-112.26	114.16	-101.651446
4.989494	1.	11.	-185.35	74.69	-97.548482
4.88984	1.	11.	-181.864963	62.95	-97.
5.140578	1.	11.	-198.73	60.339471	-97.
4.459344	1.	11.	-108.180604	120.68	-97.
4.896286	1.	11.	-104.75	129.16	-100.767329
6.021241	1.	11.	-108.99	103.633816	-97.
4.664623	1.	11.	-106.38	78.28	-101.242594
5.704627	1.	11.	-112.26	72.08	-95.082634
5.04743	1.	11.	-117.21181	61.97	-97.
4.675886	1.	11.	-61.132072	90.02	-97.
5.324661	1.	11.	-73.721611	88.72	-97.
4.489974	1.	11.	-175.24	44.69	-91.610107
4.740508	1.	11.	-89.41	52.19	-93.184729
4.505989	1.	11.	-125.77352	67.84	-95.
6.240823	1.	11.	-94.31	4.57	-95.292727
4.427962	1.	11.	-76.69	21.2	-95.49385
4.420814	1.	11.	-85.764192	121.34	-95.
4.451366	1.	11.	-94.883117	121.99	-95.
4.504748	1.	11.	-94.31	109.27	-94.504829
4.397581	1.	11.	-110.95	18.59	-91.675073
4.359164	1.	11.	-122.7	9.981273	-94.
4.740301	1.	11.	-128.57	18.27	-94.836093
5.293837	1.	11.	-132.16	61.65	-89.587851
4.441709	1.	11.	-127.59	46.64	-98.272536
5.060972	1.	11.	-139.67	46.97	-93.112391
4.413771	1.	11.	-132.82	111.05201	-93.
4.946282	1.	11.	-167.73	88.39	-95.581975
4.878014	1.	11.	-54.851421	46.97	-92.
4.627194	1.	11.	-97.57	90.02	-93.730479
4.74394	1.	11.	-108.34	43.38	-94.723695
5.36735	1.	11.	-121.07	26.09	-91.709929
4.568145	1.	11.	-130.53	33.61993	-91.
4.925803	1.	11.	-87.78	102.812645	-91.
4.364653	1.	11.	-113.89	124.27	-86.764709
5.634178	1.	11.	-80.378701	132.75	-91.
4.421492	1.	11.	-173.61	79.59	-89.626587
4.865871	1.	11.	-161.86	68.82	-86.858524
4.596773	1.	11.	-182.42	84.082037	-91.
4.493391	1.	11.	-138.04	71.43	-93.088238
4.829059	1.	11.	-138.36	79.59	-88.150818
5.300066	1.	11.	-155.98	59.68189	-90.
4.555226	1.	11.	-95.61	62.3	-86.676358
4.820727	1.	11.	-90.224613	70.45	-90.
5.960421	1.	11.	-100.84	76.	-90.496635
4.633374	1.	11.	-74.08	50.170548	-89.
4.773533	1.	11.	-111.131908	6.85	-89.
4.343486	1.	11.	-147.17	21.2	-89.207535
4.629263	1.	11.	-123.95407	118.07	-89.
4.924209	1.	11.	-149.409544	112.53	-89.
4.521766	1.	11.	-107.932877	54.47	-89.
4.476717	1.	11.	-119.44	55.320851	-89.
5.162208	1.	11.	-158.92	78.61	-88.738394
4.765947	1.	11.	-147.930309	88.39	-89.
4.909711	1.	11.	-172.045538	67.52	-89.
5.292956	1.	11.	-66.9	117.1	-85.481511
4.34013	1.	11.	-86.678077	22.51	-88.
5.348407	1.	11.	-80.28	32.108282	-88.
4.66406	1.	11.	-68.370777	30.33	-88.
4.537978	1.	11.	-93.66	15.98	-91.382049
4.82575	1.	11.	-132.954779	12.07	-88.
5.221621	1.	11.	-142.856692	63.6	-88.
4.478185	1.	11.	-83.54	81.54	-89.022826
5.01686	1.	11.	-112.26	114.16	-89.111589
4.945788	1.	11.	-174.58	19.57	-84.244342
5.056704	1.	11.	-58.41	58.71	-87.70084
6.018172	1.	11.	-66.9	70.804127	-87.
4.395829	1.	11.	-67.22	83.533524	-87.
4.367919	1.	11.	-74.73	79.26	-89.761997
4.686496	1.	11.	-135.43	104.323826	-86.
4.423734	1.	11.	-125.31	109.59	-83.206697
4.787027	1.	11.	-103.12	123.29	-88.31727
4.836768	1.	11.	-103.45	24.46	-82.953713
5.49471	1.	11.	-110.62	31.393685	-86.
4.679041	1.	11.	-186.33	70.45	-83.539608
4.737526	1.	11.	-70.16	93.29	-83.5919
4.96238	1.	11.	-113.571759	76.	-85.
4.679504	1.	11.	-144.56	99.21352	-85.
5.748707	1.	11.	-53.84	90.703474	-85.
4.462146	1.	11.	-82.56	92.96	-86.937546
4.567092	1.	11.	-82.634989	45.66	-84.
4.55678	1.	11.	-87.234456	54.14	-84.
4.36428	1.	11.	-135.1	38.484997	-84.
4.941466	1.	11.	-96.27	4.57	-81.010121
4.748908	1.	11.	-166.924458	60.99	-84.
4.759483	1.	11.	-97.57	114.244532	-84.
4.855166	1.	11.	-87.78	120.36	-85.568529
4.62703	1.	11.	-129.55	60.99	-79.905173
5.473816	1.	11.	-126.94	46.532313	-83.
4.436699	1.	11.	-142.28	49.222933	-83.
4.949574	1.	11.	-115.85	21.250515	-83.
4.331976	1.	11.	-126.29	12.72	-80.050134
5.150342	1.	11.	-105.466726	14.35	-82.
5.414387	1.	11.	-165.913502	86.44	-82.
4.505928	1.	11.	-96.59	92.96	-84.488998
5.453184	1.	11.	-133.317137	22.18	-81.
4.724757	1.	11.	-177.52	83.947603	-80.
4.469957	1.	11.	-127.008701	32.29	-80.
6.035329	1.	11.	-91.05	96.22	-75.302014
4.744253	1.	11.	-119.176289	101.11	-79.
4.394294	1.	11.	-101.264472	57.73	-78.
4.330384	1.	11.	-89.41	66.86732	-78.
6.39945	1.	11.	-91.616484	81.87	-78.
4.754769	1.	11.	-141.389792	76.32	-78.
4.78235	1.	11.	-135.75	68.17	-80.311429
4.536466	1.	11.	-159.25	76.111877	-78.
4.644792	1.	11.	-170.34	69.47	-76.309796
4.857149	1.	11.	-176.54	73.71	-82.678119
4.519455	1.	11.	-114.87	9.13	-78.554681
4.389926	1.	11.	-87.78	19.198288	-77.
5.35128	1.	11.	-78.64	27.635322	-77.
4.389081	1.	11.	-71.14	44.259348	-77.
4.889573	1.	11.	-88.11	105.03	-81.312862
4.759266	1.	11.	-86.8	114.507796	-77.
4.357236	1.	11.	-72.12	114.173605	-77.
4.507383	1.	11.	-79.3	129.82	-80.195139
5.975456	1.	11.	-113.36464	112.2	-77.
4.344474	1.	11.	-124.33	120.68	-78.543916
5.064325	1.	11.	-138.317335	9.13	-76.
5.388067	1.	11.	-77.34	55.45	-79.098119
6.072782	1.	11.	-76.454407	84.15	-76.
4.521483	1.	11.	-103.77	79.589853	-76.
4.62533	1.	11.	-152.72	84.703966	-75.
4.760652	1.	11.	-132.82	103.72	-71.124891
4.600119	1.	11.	-100.051872	118.4	-75.
5.332493	1.	11.	-95.031218	127.53	-75.
4.634184	1.	11.	-181.76	68.615732	-75.
4.399654	1.	11.	-190.9	72.41	-71.099254
5.053387	1.	11.	-97.755109	29.03	-75.
4.352624	1.	11.	-107.69	33.050662	-75.
4.617959	1.	11.	-106.71	44.306967	-75.
4.372603	1.	11.	-113.24	51.072895	-75.
5.081352	1.	11.	-127.59	3.264645	-75.
5.027367	1.	11.	-60.7	60.060319	-75.
5.288572	1.	11.	-64.94	89.198538	-75.
4.79667	1.	11.	-143.21699	103.72	-74.
4.650111	1.	11.	-150.76	107.64	-69.795282
4.529003	1.	11.	-137.945133	60.67	-73.
5.389084	1.	11.	-171.32	59.619669	-73.
5.012758	1.	11.	-97.57	107.96	-68.129625
4.585697	1.	11.	-121.07	33.92	-72.541525
5.711856	1.	11.	-120.09	46.64	-68.703583
4.446995	1.	11.	-81.270523	46.32	-72.
4.687723	1.	11.	-89.74	54.581353	-72.
5.195839	1.	11.	-138.36	47.334385	-71.
4.475465	1.	11.	-111.28	12.72	-67.813094
6.172289	1.	11.	-119.76	19.795282	-71.
5.461477	1.	11.	-130.53	14.702853	-71.
4.519075	1.	11.	-114.0092	77.3	-70.
4.359872	1.	11.	-99.53	68.17	-65.974976
5.03001	1.	11.	-97.291573	89.37	-69.
4.99592	1.	11.	-136.08	24.46	-64.427995
4.814303	1.	11.	-131.84	38.565374	-69.
4.447174	1.	11.	-148.748611	22.18	-69.
4.471226	1.	11.	-99.2	17.61	-72.046543
4.675444	1.	11.	-190.25	60.34	-71.87934
4.596069	1.	11.	-148.460766	97.85	-68.
4.740968	1.	11.	-122.37	104.746196	-68.
4.607578	1.	11.	-169.04	88.821452	-67.
4.737294	1.	11.	-106.71	84.03344	-67.
4.622397	1.	11.	-69.18	30.99	-66.454917
4.450124	1.	11.	-71.79	41.384436	-66.
5.345901	1.	11.	-76.36	23.732674	-66.
5.403828	1.	11.	-88.11	19.496674	-66.
4.335171	1.	11.	-88.646152	104.37	-66.
4.600852	1.	11.	-176.933202	71.11	-66.
4.550788	1.	11.	-119.11	7.83	-69.992091
5.131395	1.	11.	-97.829383	55.78	-66.
5.191115	1.	11.	-69.18	111.084932	-66.
5.486581	1.	11.	-140.97	14.408032	-65.
4.427852	1.	11.	-168.513003	67.84	-65.
4.72266	1.	11.	-74.4	79.453142	-65.
4.517528	1.	11.	-80.93	87.74	-61.090418
6.252678	1.	11.	-57.845266	36.21	-65.
4.715263	1.	11.	-107.257023	73.39	-65.
5.344127	1.	11.	-97.25	78.951771	-65.
4.439357	1.	11.	-112.58	40.353526	-64.
4.672829	1.	11.	-111.445602	50.56	-64.
4.407209	1.	11.	-71.47	89.04	-64.148649
4.904961	1.	11.	-102.47	119.05	-62.036463
4.602321	1.	11.	-113.24	115.14	-62.850907
5.922173	1.	11.	-157.303574	81.54	-64.
5.499054	1.	11.	-99.318197	26.42	-63.
4.855305	1.	11.	-99.904689	41.75	-63.
4.785674	1.	11.	-149.13	42.323014	-63.
4.524986	1.	11.	-162.18	41.42	-62.992207
4.393653	1.	11.	-135.1	4.57	-58.700934
4.618274	1.	11.	-127.41906	-1.3	-63.
5.014983	1.	11.	-127.27	10.013596	-62.
4.835036	1.	11.	-176.570277	58.38	-62.
5.391688	1.	11.	-188.206027	63.28	-62.
4.346792	1.	11.	-79.62	101.306573	-60.
4.363896	1.	11.	-89.09	54.8	-61.743998
4.666582	1.	11.	-82.23	47.95	-60.052157
4.800009	1.	11.	-105.4	3.242887	-59.
4.383572	1.	11.	-113.24	13.7	-58.231587
4.687635	1.	11.	-141.070725	53.49	-59.
4.81001	1.	11.	-135.620266	43.38	-59.
4.891335	1.	11.	-105.73	62.95	-61.276967
5.04162	1.	11.	-113.328832	78.61	-59.
5.020679	1.	11.	-97.503849	13.37	-58.
4.698002	1.	11.	-92.35	21.53	-56.801472
5.491202	1.	11.	-145.043705	22.83	-58.
4.504656	1.	11.	-130.2	19.553328	-58.
4.836063	1.	11.	-66.946371	104.05	-57.
4.880047	1.	11.	-65.59	89.852859	-57.
5.230733	1.	11.	-127.59	97.53	-62.151703
4.722718	1.	11.	-136.717564	99.48	-57.
4.423274	1.	11.	-120.190953	102.74	-57.
5.17731	1.	11.	-107.564292	33.92	-57.
4.529443	1.	11.	-119.44	36.21	-54.013556
4.455353	1.	11.	-82.56	59.252932	-57.
5.644927	1.	11.	-118.13	4.897552	-57.
4.419787	1.	11.	-155.01	32.62	-58.78146
4.889685	1.	11.	-164.14	33.92	-56.648632
5.406168	1.	11.	-165.12	58.06	-55.555441
5.202446	1.	11.	-171.97	45.675474	-56.
4.887894	1.	11.	-71.14	52.073283	-55.
5.839964	1.	11.	-81.91	32.535302	-55.
4.67731	1.	11.	-172.95	65.23	-55.963914
4.66531	1.	11.	-177.85	71.43	-50.662378
4.430357	1.	11.	-166.1	74.69	-56.617333
5.090201	1.	11.	-68.442799	38.16	-54.
4.597747	1.	11.	-48.3	43.265523	-54.
5.371629	1.	11.	-137.06	14.03	-52.497175
4.417688	1.	11.	-102.470939	83.5	-54.
4.602073	1.	11.	-115.19	67.216233	-54.
4.93	1.	11.	-92.68	39.263849	-54.
4.400019	1.	11.	-74.074734	79.59	-54.
4.593567	1.	11.	-110.62	43.05	-49.185402
4.970379	1.	11.	-114.87	52.51	-51.865049
5.257701	1.	11.	-147.83	38.49	-49.692869
5.01266	1.	11.	-107.195145	20.87	-52.
4.53866	1.	11.	-97.608654	30.99	-52.
4.996859	1.	11.	-176.54	56.605899	-51.
6.211281	1.	11.	-83.87	103.395675	-48.
5.255908	1.	11.	-51.89	94.92	-49.99074
4.476228	1.	11.	-81.878471	53.17	-48.
5.98267	1.	11.	-105.08	65.23	-50.027894
4.892082	1.	11.	-139.67	45.398229	-48.
4.92407	1.	11.	-107.906389	10.11	-48.
4.740506	1.	11.	-115.19	1.213884	-46.
4.991205	1.	11.	-63.800972	92.31	-46.
4.864728	1.	11.	-126.29	98.5	-43.788847
6.261986	1.	11.	-150.584771	91.98	-46.
4.442489	1.	11.	-114.289382	35.88	-45.
5.408076	1.	11.	-71.121311	33.92	-44.
4.468451	1.	11.	-72.44	75.02	-41.199848
5.854335	1.	11.	-71.974468	85.78	-43.
6.12753	1.	11.	-102.79	87.16267	-43.
5.813885	1.	11.	-93.33	48.27	-47.947558
4.516231	1.	11.	-170.579226	60.67	-42.
5.326137	1.	11.	-161.21	62.3	-38.288874
4.898096	1.	11.	-179.81	78.523765	-42.
5.270116	1.	11.	-97.25	75.02	-40.371933
5.307688	1.	11.	-145.87	29.476252	-41.
5.296223	1.	11.	-138.139114	36.86	-40.
5.65492	1.	11.	-101.580736	16.63	-40.
5.947393	1.	11.	-65.59	79.91	-34.588204
4.954995	1.	11.	-180.79	59.060194	-39.
4.523747	1.	11.	-113.750313	53.82	-39.
4.357792	1.	11.	-90.276824	22.18	-38.
5.107819	1.	11.	-105.73	64.583541	-37.
4.722335	1.	11.	-136.08	46.523913	-37.
5.056644	1.	11.	-146.056517	44.36	-37.
4.688023	1.	11.	-103.12	27.094072	-37.
4.552948	1.	11.	-110.721678	41.1	-37.
4.614236	1.	11.	-102.47	53.82	-39.231963
5.121846	1.	11.	-80.93	47.95	-32.91533
5.7017	1.	11.	-93.33	61.65	-34.104449
5.011485	1.	11.	-131.51	55.370615	-37.
4.885694	1.	11.	-87.78	87.08684	-36.
6.187508	1.	11.	-93.237451	99.48	-36.
5.436287	1.	11.	-68.086674	104.7	-36.
4.532196	1.	11.	-89.882452	42.08	-35.
4.995491	1.	11.	-112.58	7.5	-33.466141
4.479967	1.	11.	-113.24	-4.57	-36.897175
4.528075	1.	11.	-62.98	90.758632	-33.
5.071326	1.	11.	-78.384228	86.76	-32.
5.05479	1.	11.	-69.51	86.76	-26.367172
5.020878	1.	11.	-120.41	43.38	-32.852836
4.516583	1.	11.	-128.57	60.67	-27.048234
5.295047	1.	11.	-103.77	22.83	-25.653543