7.617138	0.4	12.	39.16	-53.718528	-129.
7.351964	0.4	12.	31.98	-149.39	-131.658684
4.774219	0.4	12.	56.45	-64.26	-116.393548
4.668986	0.4	12.	46.234719	-57.73	-118.
7.251573	0.4	12.	31.804259	-70.78	-117.
7.154361	0.4	12.	29.7	-106.870284	-117.
4.795697	0.4	12.	-9.46	-100.119388	-117.
5.388194	0.4	12.	53.52	-76.65	-111.738385
7.068105	0.4	12.	53.84	-117.1	-121.545456
7.100328	0.4	12.	30.02	-126.88	-121.255708
4.685587	0.4	12.	17.3	-134.06	-114.223814
4.869525	0.4	12.	42.280706	-145.15	-115.
6.877777	0.4	12.	-44.38	-69.15	-119.061327
6.699968	0.4	12.	68.2	-90.68	-113.616891
5.343307	0.4	12.	64.29	-72.957567	-113.
5.645127	0.4	12.	17.95	-123.900979	-112.
4.995378	0.4	12.	-30.559391	-81.54	-111.
5.826182	0.4	12.	-14.567499	-59.04	-111.
6.405097	0.4	12.	33.761677	-56.75	-110.
4.844262	0.4	12.	21.54	-54.47	-114.356015
6.248429	0.4	12.	84.756373	-114.16	-107.
6.975816	0.4	12.	71.14	-117.1	-113.735563
4.73555	0.4	12.	59.39	-59.081271	-107.
6.590167	0.4	12.	43.433719	-45.01	-107.
5.526055	0.4	12.	57.43	-45.34	-102.656578
5.118578	0.4	12.	-11.75	-105.03	-103.991759
4.966488	0.4	12.	66.055853	-100.46	-106.
6.297621	0.4	12.	51.89	-106.33	-111.680446
4.659582	0.4	12.	53.19	-143.19	-110.541271
5.571619	0.4	12.	11.42	-147.605406	-106.
5.513511	0.4	12.	-29.37	-114.81	-103.667063
5.383227	0.4	12.	57.76	-155.509249	-105.
5.610892	0.4	12.	45.077694	-164.72	-105.
5.275818	0.4	12.	-15.66	-149.39	-106.184458
4.87776	0.4	12.	-24.15	-142.934697	-105.
6.029395	0.4	12.	27.74	-123.339114	-104.
5.185126	0.4	12.	20.23	-138.999737	-104.
5.782048	0.4	12.	41.714652	-151.02	-104.
4.559057	0.4	12.	32.96	-69.024303	-104.
5.531331	0.4	12.	40.46	-60.02	-99.013763
5.560034	0.4	12.	-36.87	-71.43	-99.695726
5.018676	0.4	12.	-46.01	-70.13	-105.090352
5.771302	0.4	12.	73.082334	-66.87	-102.
7.116813	0.4	12.	-17.371438	-48.27	-102.
6.478773	0.4	12.	18.6	-42.73	-103.40612
4.499855	0.4	12.	83.209114	-123.62	-102.
5.156503	0.4	12.	70.81	-165.46579	-99.
4.762855	0.4	12.	-25.78	-64.619003	-99.
6.756599	0.4	12.	93.090665	-112.53	-96.
6.649094	0.4	12.	77.456723	-109.92	-96.
5.714449	0.4	12.	-44.05	-81.22	-90.748276
6.308358	0.4	12.	-54.803211	-78.93	-96.
4.676989	0.4	12.	24.8	-118.215044	-95.
5.886181	0.4	12.	-34.26	-121.14368	-95.
4.801314	0.4	12.	15.99	-93.61	-91.371582
6.529619	0.4	12.	62.203493	-100.79	-95.
6.840575	0.4	12.	66.24	-147.43	-98.156408
6.216767	0.4	12.	52.21	-149.814863	-95.
4.941857	0.4	12.	14.68	-155.830208	-94.
5.421533	0.4	12.	59.494949	-161.13	-94.
4.519225	0.4	12.	-19.476956	-144.17	-94.
4.761742	0.4	12.	-12.07	-151.024906	-94.
7.208511	0.4	12.	44.713097	-37.18	-94.
5.933077	0.4	12.	55.014504	-60.02	-93.
5.244858	0.4	12.	41.77	-51.54	-91.382841
7.35002	0.4	12.	89.41	-141.295368	-93.
5.22784	0.4	12.	40.46	-156.213064	-93.
5.627308	0.4	12.	-47.97	-68.105826	-92.
5.763192	0.4	12.	-54.836951	-115.46	-92.
5.584661	0.4	12.	29.568924	-132.1	-92.
5.10617	0.4	12.	64.560233	-67.19	-91.
5.894941	0.4	12.	58.674036	-39.14	-91.
5.826348	0.4	12.	69.92881	-50.23	-91.
6.395385	0.4	12.	-25.432219	-48.93	-91.
4.672033	0.4	12.	77.330391	-123.62	-91.
4.683452	0.4	12.	57.057563	-114.16	-90.
4.753134	0.4	12.	33.29	-147.43	-91.515647
7.023122	0.4	12.	-26.11	-77.96	-87.618994
5.116628	0.4	12.	-30.104699	-36.53	-88.
4.728754	0.4	12.	-23.5	-60.99	-89.67868
5.321086	0.4	12.	69.51	-173.184706	-88.
7.389954	0.4	12.	-55.8	-45.006354	-87.
5.998583	0.4	12.	85.152384	-113.18	-85.
7.900772	0.4	12.	29.424387	-163.41	-85.
4.798682	0.4	12.	50.25	-150.37	-83.757525
5.195673	0.4	12.	83.256681	-61.65	-84.
6.384832	0.4	12.	18.93	-42.73	-83.372224
5.350518	0.4	12.	21.358947	-119.05	-83.
4.85623	0.4	12.	-8.278358	-154.61	-83.
5.789077	0.4	12.	-24.186769	-147.1	-83.
4.78573	0.4	12.	15.479285	-148.73	-83.
4.817295	0.4	12.	67.828628	-145.47	-83.
4.888277	0.4	12.	89.09	-131.200393	-82.
5.373106	0.4	12.	61.255285	-164.06	-82.
5.583277	0.4	12.	55.8	-180.975282	-82.
5.492235	0.4	12.	41.77	-38.81	-78.44287
6.487607	0.4	12.	-22.700499	-29.68	-81.
5.287097	0.4	12.	-50.58	-79.777116	-81.
4.744099	0.4	12.	-39.16	-76.98	-82.385079
5.099456	0.4	12.	-30.67	-104.37	-85.410495
4.794817	0.4	12.	-30.35	-117.42	-77.618898
5.420052	0.4	12.	-58.41	-111.173417	-81.
5.017358	0.4	12.	-58.41	-121.99	-82.61529
6.206661	0.4	12.	42.42	-158.340655	-81.
6.532716	0.4	12.	75.378575	-71.76	-80.
5.392316	0.4	12.	61.35	-70.78	-77.132709
5.52323	0.4	12.	66.9034	-50.23	-80.
4.93047	0.4	12.	54.82	-40.45	-80.895803
4.859006	0.4	12.	80.93	-162.518695	-80.
5.208871	0.4	12.	74.73	-107.823511	-80.
4.65092	0.4	12.	-7.710047	-101.77	-80.
4.741616	0.4	12.	32.31	-132.1	-81.262565
4.777587	0.4	12.	33.29	-147.43	-81.133665
5.000029	0.4	12.	79.768846	-128.19	-79.
5.681158	0.4	12.	-34.59	-45.060826	-77.
4.910718	0.4	12.	50.25	-110.994916	-78.
5.3368	0.4	12.	-71.79	-112.813285	-76.
5.67954	0.4	12.	-54.17	-52.887401	-76.
6.869766	0.4	12.	-67.55	-42.595705	-76.
4.487046	0.4	12.	1.739621	-151.02	-76.
7.475736	0.4	12.	90.655526	-71.11	-76.
4.853278	0.4	12.	69.83	-167.	-73.308227
6.075614	0.4	12.	-70.474839	-74.37	-75.
7.375314	0.4	12.	-87.13	-65.56	-80.118045
5.395866	0.4	12.	-84.52	-82.52	-78.726234
6.52527	0.4	12.	-38.18	-142.745965	-75.
6.345502	0.4	12.	-25.450037	-59.36	-75.
4.98035	0.4	12.	47.97	-78.28	-78.323856
5.457964	0.4	12.	41.12	-69.8	-74.11138
5.898373	0.4	12.	16.32	-82.554542	-75.
5.454389	0.4	12.	9.79	-91.98	-77.540485
4.610748	0.4	12.	-49.102416	-126.23	-75.
6.88548	0.4	12.	-67.218856	-128.84	-75.
4.704713	0.4	12.	36.22	-163.983169	-74.
5.266955	0.4	12.	89.74	-114.729147	-74.
4.649868	0.4	12.	6.478168	-139.93	-74.
6.257455	0.4	12.	-0.65	-131.77	-71.70192
5.305566	0.4	12.	62.98	-40.015082	-74.
5.768268	0.4	12.	19.58	-49.926206	-73.
4.925657	0.4	12.	16.32	-37.615926	-73.
4.631564	0.4	12.	78.64	-63.567604	-73.
5.032172	0.4	12.	73.1	-54.223917	-72.
5.106495	0.4	12.	-15.937397	-152.97	-72.
5.502659	0.4	12.	-26.969725	-148.73	-72.
5.655228	0.4	12.	29.37	-118.539343	-72.
5.840112	0.4	12.	-41.44	-88.39	-76.606614
5.060752	0.4	12.	-5.87	-155.802647	-72.
4.716961	0.4	12.	49.6	-144.577296	-72.
5.321125	0.4	12.	75.71	-146.12	-72.672051
4.573579	0.4	12.	-62.027341	-91.65	-72.
5.678825	0.4	12.	-60.04	-103.905643	-72.
4.738083	0.4	12.	-31.65	-68.17	-69.715303
4.740555	0.4	12.	-31.	-86.631868	-72.
4.958153	0.4	12.	57.11	-30.224455	-72.
4.508961	0.4	12.	54.5	-125.25	-75.962956
5.93939	0.4	12.	69.698533	-155.91	-72.
5.535206	0.4	12.	16.97	-144.17	-72.355311
6.280129	0.4	12.	57.11	-104.11658	-72.
6.521858	0.4	12.	91.37	-139.075085	-71.
4.613999	0.4	12.	40.14	-144.17	-70.586429
5.657679	0.4	12.	59.07	-165.37	-67.7102
4.796602	0.4	12.	50.58	-178.964052	-71.
5.210045	0.4	12.	-23.522935	-37.84	-71.
5.205989	0.4	12.	-22.280076	-110.9	-70.
4.964397	0.4	12.	-30.934168	-102.74	-70.
5.077114	0.4	12.	-58.74	-114.531244	-70.
4.872643	0.4	12.	-17.62	-29.68	-69.004452
6.553665	0.4	12.	44.14461	-27.72	-70.
4.863614	0.4	12.	57.670227	-51.54	-70.
5.039265	0.4	12.	91.7	-125.9	-73.406012
7.818298	0.4	12.	-45.611883	-73.06	-70.
5.857707	0.4	12.	69.17741	-73.71	-69.
4.747502	0.4	12.	85.392121	-160.8	-69.
5.044408	0.4	12.	-9.79	-106.66	-71.154884
7.229537	0.4	12.	37.909464	-128.84	-68.
4.814901	0.4	12.	76.362509	-126.23	-68.
5.410941	0.4	12.	79.95	-136.67	-64.813424
4.598262	0.4	12.	67.55	-63.080955	-67.
4.924545	0.4	12.	-31.65	-121.47513	-67.
5.274918	0.4	12.	-29.7	-41.75	-60.815338
4.53153	0.4	12.	-38.18	-49.174885	-66.
5.220595	0.4	12.	-37.53	-34.25	-69.145948
6.453956	0.4	12.	77.01	-114.990403	-66.
7.121868	0.4	12.	-80.507692	-119.05	-65.
4.885894	0.4	12.	-65.630507	-46.97	-65.
4.770544	0.4	12.	-48.3	-46.817838	-65.
4.87124	0.4	12.	-48.3	-35.077766	-65.
6.136048	0.4	12.	-2.28	-23.349049	-65.
5.73236	0.4	12.	28.933666	-31.96	-65.
5.394149	0.4	12.	7.18	-149.71	-64.674708
4.928348	0.4	12.	-47.97	-60.67	-63.544554
5.203087	0.4	12.	-73.681775	-73.06	-64.
6.065514	0.4	12.	-86.261292	-65.56	-64.
4.814129	0.4	12.	-85.17	-86.543503	-64.
5.37615	0.4	12.	-69.18	-112.532721	-64.
4.886372	0.4	12.	-64.29	-131.12	-62.096931
4.684414	0.4	12.	-55.8	-124.588005	-63.
5.377189	0.4	12.	-36.22	-132.992261	-63.
4.859251	0.4	12.	66.900022	-128.84	-63.
4.733248	0.4	12.	49.829945	-114.16	-63.
6.057987	0.4	12.	73.565569	-166.02	-63.
5.090007	0.4	12.	41.129099	-157.87	-63.
5.018117	0.4	12.	42.42	-169.444481	-63.
4.628449	0.4	12.	61.68	-176.957703	-63.
4.952627	0.4	12.	66.57	-47.62	-65.761968
5.719445	0.4	12.	92.204067	-114.49	-63.
4.759794	0.4	12.	9.14	-132.897989	-63.
6.063524	0.4	12.	-53.19	-146.651694	-63.
4.691344	0.4	12.	3.962966	-93.94	-63.
5.538322	0.4	12.	13.05	-90.02	-65.923992
5.064181	0.4	12.	-1.96	-135.69	-58.927256
4.715436	0.4	12.	85.031854	-70.45	-63.
5.828736	0.4	12.	-38.056299	-24.46	-63.
5.134836	0.4	12.	-27.74	-30.659551	-63.
4.993994	0.4	12.	25.13	-20.246793	-63.
4.683684	0.4	12.	76.949765	-63.93	-62.
5.300764	0.4	12.	84.271387	-55.78	-62.
5.463833	0.4	12.	15.99	-32.109369	-62.
8.15982	0.4	12.	83.007604	-83.17	-61.
5.251165	0.4	12.	62.809064	-37.51	-61.
4.703794	0.4	12.	73.674149	-53.17	-61.
4.719123	0.4	12.	55.48	-125.25	-59.54628
5.721685	0.4	12.	-32.96	-89.7	-61.406918
5.162781	0.4	12.	-32.96	-77.774286	-61.
5.655707	0.4	12.	-21.54	-152.775686	-61.
5.732905	0.4	12.	48.218337	-148.08	-61.
5.367222	0.4	12.	66.9	-147.1	-64.713317
5.355315	0.4	12.	-58.74	-90.245338	-61.
5.387092	0.4	12.	16.32	-144.363316	-61.
6.826741	0.4	12.	14.420152	-53.17	-61.
5.483275	0.4	12.	22.19	-41.685606	-61.
6.429109	0.4	12.	68.2	-95.24	-61.787047
5.676361	0.4	12.	80.018164	-153.63	-60.
7.292818	0.4	12.	-79.3	-50.88	-64.536216
5.420412	0.4	12.	50.58	-36.256717	-60.
6.907206	0.4	12.	92.1847	-131.45	-59.
4.899363	0.4	12.	34.26	-141.23	-63.028724
6.790105	0.4	12.	59.72	-57.475555	-59.
4.492873	0.4	12.	-16.481201	-28.05	-59.
5.256411	0.4	12.	89.151552	-163.74	-58.
4.968193	0.4	12.	47.202686	-52.51	-58.
5.234364	0.4	12.	-32.96	-100.947863	-58.
6.332117	0.4	12.	-31.65	-144.543322	-57.
4.544094	0.4	12.	-13.38	-132.876222	-57.
5.956536	0.4	12.	70.16	-72.769631	-57.
4.818467	0.4	12.	41.44	-137.464384	-56.
5.434747	0.4	12.	33.29	-130.14	-55.299375
4.703179	0.4	12.	86.8	-141.56	-54.100442
4.674841	0.4	12.	70.49	-61.65	-54.500068
6.67249	0.4	12.	50.58	-183.500494	-56.
5.162413	0.4	12.	30.35	-161.329831	-56.
6.174243	0.4	12.	-38.985778	-36.86	-55.
5.141057	0.4	12.	-17.866536	-106.98	-55.
4.868126	0.4	12.	74.73	-114.49	-51.288789
5.687564	0.4	12.	61.657014	-106.01	-55.
4.96376	0.4	12.	38.51	-151.679907	-55.
4.61046	0.4	12.	75.71	-143.19	-57.635569
5.665023	0.4	12.	-5.55	-106.01	-58.869602
4.719447	0.4	12.	55.8	-78.93	-55.062084
5.40773	0.4	12.	56.45	-153.63	-55.585805
4.712294	0.4	12.	84.85	-97.734907	-55.
4.998432	0.4	12.	28.72	-76.01151	-54.
4.559954	0.4	12.	6.53	-151.34	-53.940215
4.515763	0.4	12.	-67.759963	-50.23	-54.
4.97548	0.4	12.	-49.189175	-46.32	-54.
5.382072	0.4	12.	-6.01435	-22.18	-54.
4.537963	0.4	12.	-71.782168	-121.99	-54.
4.875774	0.4	12.	39.81	-30.890685	-54.
4.668942	0.4	12.	-37.85	-124.6	-57.66347
5.476829	0.4	12.	-33.94	-65.89	-54.265333
5.00901	0.4	12.	83.87	-122.64	-55.757854
5.228879	0.4	12.	-46.818077	-65.56	-54.
4.528865	0.4	12.	-84.85	-82.13697	-53.
4.61446	0.4	12.	-74.08	-69.945314	-53.
4.65611	0.4	12.	-85.913163	-66.87	-53.
5.072332	0.4	12.	-69.18	-108.94	-54.017547
4.891546	0.4	12.	50.58	-113.861714	-53.
6.742458	0.4	12.	71.79	-173.211626	-52.
5.268222	0.4	12.	40.14	-176.534004	-52.
5.118643	0.4	12.	3.92	-140.871563	-52.
4.806254	0.4	12.	-35.24	-132.65742	-52.
4.612672	0.4	12.	-51.629513	-128.51	-51.
6.343797	0.4	12.	-64.29	-128.84	-49.921323
5.16021	0.4	12.	-81.473285	-107.64	-51.
5.902851	0.4	12.	18.27	-28.966538	-51.
5.079448	0.4	12.	29.37	-24.79	-51.344643
5.183418	0.4	12.	82.23	-68.071476	-52.
5.397872	0.4	12.	84.503248	-53.82	-51.
6.450648	0.4	12.	-37.85	-20.02699	-51.
4.899091	0.4	12.	-29.04	-27.237854	-51.
5.749127	0.4	12.	-71.14	-37.84	-55.643316
4.950454	0.4	12.	0.98	-100.501961	-51.
5.344082	0.4	12.	55.48	-170.91	-49.266206
6.017692	0.4	12.	-8.088168	-92.63	-51.
6.173494	0.4	12.	46.66	-159.82	-49.65141
4.952053	0.4	12.	-35.57	-51.409363	-51.
6.20758	0.4	12.	-57.11	-38.81	-50.42421
4.561854	0.4	12.	-41.77	-84.142887	-51.
4.505911	0.4	12.	62.667279	-38.49	-50.
4.842136	0.4	12.	58.74	-132.100743	-50.
5.272615	0.4	12.	58.09	-120.541805	-50.
5.199484	0.4	12.	-20.88	-144.165953	-50.
5.350559	0.4	12.	-30.02	-83.26065	-50.
6.123354	0.4	12.	73.42	-42.4	-52.767053
4.485	0.4	12.	68.53	-153.3	-52.162087
4.88702	0.4	12.	18.27	-146.941818	-50.
4.884993	0.4	12.	0.889241	-131.12	-49.
4.598898	0.4	12.	-79.3	-46.425115	-49.
5.448754	0.4	12.	52.54	-34.142455	-49.
4.555651	0.4	12.	85.370574	-112.86	-49.
5.381839	0.4	12.	80.342673	-150.37	-49.
5.717856	0.4	12.	-78.32	-90.249357	-49.
5.157164	0.4	12.	72.12	-85.78	-50.548439
4.988613	0.4	12.	87.04356	-83.5	-48.
5.402745	0.4	12.	73.540474	-160.8	-48.
4.51795	0.4	12.	62.65	-49.02226	-48.
5.013245	0.4	12.	-36.22	-91.368217	-47.
4.915272	0.4	12.	51.593919	-47.29	-47.
5.167096	0.4	12.	-21.86	-35.119266	-47.
4.703708	0.4	12.	85.393349	-131.12	-47.
5.855046	0.4	12.	45.36	-147.60911	-47.
5.680674	0.4	12.	-52.86	-82.325867	-47.
5.302525	0.4	12.	40.14	-109.176339	-47.
4.634509	0.4	12.	53.72021	-57.08	-47.
4.686757	0.4	12.	69.51	-68.738245	-45.
4.705563	0.4	12.	37.53	-137.32	-43.784799
4.624122	0.4	12.	33.29	-162.43	-45.629893
5.413991	0.4	12.	25.844378	-135.04	-45.
5.841654	0.4	12.	42.340962	-127.21	-45.
4.617766	0.4	12.	-13.05	-48.902195	-45.
4.513582	0.4	12.	-13.05	-108.62	-42.4285
5.363304	0.4	12.	-23.932986	-108.62	-44.
5.781787	0.4	12.	48.266336	-178.74	-44.
4.820483	0.4	12.	56.78	-151.690554	-44.
5.141976	0.4	12.	-26.76	-94.92	-48.690468
5.195036	0.4	12.	-7.011469	-20.55	-43.
6.123681	0.4	12.	-32.981788	-37.18	-43.
5.550626	0.4	12.	-66.57	-50.469028	-43.
4.895614	0.4	12.	-70.440753	-120.68	-43.
4.644868	0.4	12.	0.500298	-150.69	-43.
5.903635	0.4	12.	-80.6	-68.309836	-42.
4.992631	0.4	12.	46.472207	-115.79	-42.
4.746387	0.4	12.	39.16	-76.32	-39.079513
7.169259	0.4	12.	27.322198	-67.84	-42.
5.052465	0.4	12.	-41.724391	-122.31	-42.
4.955181	0.4	12.	-68.85	-74.69	-45.822279
4.927732	0.4	12.	-86.992567	-77.63	-42.
5.588831	0.4	12.	-29.04	-58.71	-44.936122
4.498373	0.4	12.	17.391343	-100.13	-42.
5.441627	0.4	12.	-10.77	-136.67	-47.059313
5.047023	0.4	12.	69.099838	-133.08	-42.
4.685631	0.4	12.	68.001668	-143.84	-42.
4.901407	0.4	12.	76.69	-124.92	-44.63514
5.556458	0.4	12.	64.311828	-109.92	-42.
5.622676	0.4	12.	-11.42	-34.9	-41.435514
6.286809	0.4	12.	90.39	-122.473947	-41.
4.61272	0.4	12.	81.26	-65.438082	-41.
5.212637	0.4	12.	-41.176204	-132.75	-41.
4.776737	0.4	12.	68.53	-167.98	-40.327145
6.032947	0.4	12.	38.947464	-171.89	-41.
5.397317	0.4	12.	79.95	-138.612697	-41.
4.890454	0.4	12.	27.41	-22.08026	-40.
4.926449	0.4	12.	18.6	-31.892884	-40.
6.023178	0.4	12.	-40.612757	-26.09	-40.
5.563089	0.4	12.	-25.78	-26.704577	-40.
5.815952	0.4	12.	-76.69	-108.770144	-40.
4.674876	0.4	12.	-62.	-126.88	-37.718259
4.936176	0.4	12.	-0.33	-100.623446	-40.
4.926397	0.4	12.	77.67	-52.84	-41.816199
5.67777	0.4	12.	-37.53	-47.29	-36.579015
4.945654	0.4	12.	59.914236	-40.77	-39.
4.788648	0.4	12.	71.14	-45.66	-41.19311
5.550963	0.4	12.	59.056983	-137.32	-39.
5.703954	0.4	12.	-2.722527	-86.76	-39.
6.215224	0.4	12.	-13.05	-99.81	-36.227601
4.923604	0.4	12.	-19.91	-89.909575	-39.
4.555866	0.4	12.	-23.72403	-146.12	-39.
4.748251	0.4	12.	-21.118783	-131.45	-39.
4.944197	0.4	12.	-56.13	-41.495213	-39.
5.489721	0.4	12.	41.173738	-23.16	-39.
4.597635	0.4	12.	68.85	-57.41	-39.506536
4.652997	0.4	12.	56.45	-116.77	-37.494064
5.008228	0.4	12.	43.08	-161.59338	-39.
4.668355	0.4	12.	54.5	-172.22	-38.097169
7.254	0.4	12.	16.32	-154.796077	-39.
5.160339	0.4	12.	-51.980036	-126.88	-39.
5.734311	0.4	12.	-61.455622	-112.86	-39.
4.683265	0.4	12.	-29.42852	-87.41	-39.
7.491692	0.4	12.	-70.16	-30.296177	-39.
4.988236	0.4	12.	67.55	-152.97	-38.614233
5.25908	0.4	12.	17.3	-141.56	-37.393925
4.545033	0.4	12.	9.904133	-128.51	-39.
5.016874	0.4	12.	-78.32	-52.19	-38.397202
4.601008	0.4	12.	51.89	-33.056691	-38.
4.566309	0.4	12.	85.233062	-113.18	-38.
4.724271	0.4	12.	0.	-132.1	-37.434822
4.714495	0.4	12.	-6.2	-123.95	-38.792905
4.889323	0.4	12.	-78.418939	-84.8	-38.
4.737505	0.4	12.	54.17	-126.88	-40.438809
5.56159	0.4	12.	82.065074	-149.06	-38.
5.002308	0.4	12.	69.497354	-118.73	-38.
5.695432	0.4	12.	47.64	-136.34	-40.159756
5.584209	0.4	12.	78.64	-85.46	-39.646555
6.424957	0.4	12.	64.069257	-84.8	-37.
4.782425	0.4	12.	75.71	-161.749516	-37.
4.985639	0.4	12.	-53.84	-76.98	-35.974977
6.396126	0.4	12.	-60.7	-67.107039	-37.
4.505646	0.4	12.	34.763637	-104.05	-37.
5.3991	0.4	12.	34.92	-33.27	-38.443655
4.820267	0.4	12.	51.56	-55.620594	-36.
4.825872	0.4	12.	-24.277454	-36.86	-36.
5.458315	0.4	12.	41.44	-149.19193	-36.
5.951989	0.4	12.	10.963611	-110.25	-36.
4.976748	0.4	12.	-2.055943	-110.57	-36.
5.930556	0.4	12.	8.16	-94.682505	-36.
4.63543	0.4	12.	-41.12	-69.105818	-36.
6.302236	0.4	12.	-37.53	-96.22	-35.845614
5.21222	0.4	12.	38.691171	-133.08	-34.
4.582024	0.4	12.	38.235867	-112.86	-33.
4.830971	0.4	12.	18.93	-131.12	-34.47202
6.410264	0.4	12.	70.599647	-73.06	-33.
4.731556	0.4	12.	-5.982562	-44.36	-33.
4.544088	0.4	12.	-12.686847	-110.25	-33.
5.74702	0.4	12.	-24.160145	-110.9	-33.
4.548972	0.4	12.	-26.832385	-97.2	-33.
6.633669	0.4	12.	41.12	-46.204137	-33.
5.026392	0.4	12.	28.39	-54.595156	-33.
4.6024	0.4	12.	-27.74	-125.86574	-33.
6.268935	0.4	12.	-36.87	-80.564173	-33.
5.853103	0.4	12.	61.910275	-50.23	-33.
4.752377	0.4	12.	10.12	-39.310591	-33.
5.448603	0.4	12.	52.54	-161.21303	-33.
4.557521	0.4	12.	27.977059	-145.47	-33.
5.283295	0.4	12.	-29.91764	-69.15	-33.
4.728184	0.4	12.	-69.51	-59.089586	-32.
5.076746	0.4	12.	-65.016183	-50.23	-32.
4.517843	0.4	12.	-5.162605	-21.85	-32.
7.104326	0.4	12.	2.28	-10.46471	-32.
5.632662	0.4	12.	-36.87	-34.31576	-32.
5.55828	0.4	12.	1.63	-148.3879	-32.
4.859149	0.4	12.	46.34	-179.07	-32.820222
6.778203	0.4	12.	81.91	-60.67	-28.33269
4.966589	0.4	12.	-81.91	-72.281779	-31.
5.319694	0.4	12.	-68.142686	-75.02	-31.
4.710386	0.4	12.	-15.66	-31.641507	-31.
4.902204	0.4	12.	-6.53	-34.9	-29.339893
4.84802	0.4	12.	35.9	-63.93	-34.185742
5.002879	0.4	12.	74.08	-128.19	-33.579344
4.55085	0.4	12.	71.14	-136.962034	-31.
5.439323	0.4	12.	61.49242	-110.57	-31.
5.055251	0.4	12.	84.77966	-126.55	-31.
5.967998	0.4	12.	19.25	-100.453351	-31.
5.153884	0.4	12.	44.265604	-120.68	-31.
5.331596	0.4	12.	-7.83	-137.97	-34.061789
4.541762	0.4	12.	66.9	-145.905296	-31.
4.753473	0.4	12.	80.93	-103.376794	-30.
5.189585	0.4	12.	79.3	-91.576136	-30.
5.045961	0.4	12.	81.961503	-136.34	-30.
6.191028	0.4	12.	31.216015	-75.35	-30.
4.971975	0.4	12.	44.38	-67.424585	-30.
4.647967	0.4	12.	-29.37	-46.97	-28.636528
4.743712	0.4	12.	-45.36	-130.14	-29.354595
5.90318	0.4	12.	49.6	-108.454349	-30.
4.832119	0.4	12.	29.481191	-127.21	-30.
5.23795	0.4	12.	41.12	-170.91	-28.173409
6.115925	0.4	12.	19.03944	-33.6	-29.
4.837327	0.4	12.	25.78	-21.924111	-29.
5.112582	0.4	12.	-3.574237	-98.18	-29.
4.581327	0.4	12.	62.33	-130.612724	-29.
6.915751	0.4	12.	-70.136653	-124.27	-29.
5.013168	0.4	12.	-9.479266	-87.41	-28.
6.116572	0.4	12.	-60.37	-37.18	-28.708113
4.832553	0.4	12.	73.1	-49.25	-32.42786
4.507222	0.4	12.	67.975759	-57.08	-28.
5.451162	0.4	12.	36.22	-25.12	-29.272316
5.274986	0.4	12.	-17.62	-138.300655	-28.
6.910656	0.4	12.	-73.1	-89.555906	-27.
5.166482	0.4	12.	-58.74	-115.14	-27.22121
4.983644	0.4	12.	-57.691626	-125.9	-27.
5.974455	0.4	12.	-49.93	-29.838329	-27.
6.585751	0.4	12.	-83.280932	-48.27	-27.
5.2976	0.4	12.	-79.95	-62.568394	-27.
4.530636	0.4	12.	47.293267	-33.27	-27.
5.987883	0.4	12.	59.39	-35.379234	-27.
5.530958	0.4	12.	61.078982	-155.91	-27.
4.683869	0.4	12.	52.86	-134.06	-30.212578
5.376414	0.4	12.	45.36	-141.224583	-27.
4.90657	0.4	12.	77.34	-117.647867	-27.
5.252067	0.4	12.	38.51	-102.74	-27.425811
4.549245	0.4	12.	55.877971	-122.97	-26.
4.867141	0.4	12.	-2.28	-129.82	-26.46844
5.325971	0.4	12.	-5.22	-119.71	-29.501123
4.655783	0.4	12.	-57.884627	-73.06	-26.
5.247977	0.4	12.	34.949186	-37.51	-25.
4.724953	0.4	12.	53.19	-62.62	-23.157462
5.572515	0.4	12.	7.563837	-99.81	-23.
4.481331	0.4	12.	-21.21	-127.08533	-23.
4.837227	0.4	12.	36.55	-55.022613	-23.
4.72252	0.4	12.	35.57	-93.436019	-23.
6.00424	0.4	12.	76.36	-147.275466	-23.
5.248463	0.4	12.	-18.6	-45.01	-20.212434
4.552644	0.4	12.	-26.11	-37.51	-24.516478
5.407595	0.4	12.	-30.123106	-95.89	-22.
5.556407	0.4	12.	-33.29	-83.13054	-22.
4.883809	0.4	12.	-22.252348	-111.22	-22.
4.657263	0.4	12.	-7.51	-109.27	-22.692834
5.729372	0.4	12.	-29.37	-120.886105	-22.
4.834105	0.4	12.	21.54	-130.207389	-22.
4.563894	0.4	12.	62.65	-45.213518	-22.
5.329759	0.4	12.	10.77	-37.951789	-22.
4.482664	0.4	12.	-3.59	-46.97	-22.756735
4.856216	0.4	12.	60.480483	-55.78	-22.
6.480963	0.4	12.	-4.89	-58.06	-25.754563
5.241603	0.4	12.	-26.43	-63.420169	-22.
6.851596	0.4	12.	-20.23	-83.83	-22.376362
4.67421	0.4	12.	-54.82	-56.75	-26.493529
5.706363	0.4	12.	-71.992031	-107.96	-22.
5.648617	0.4	12.	53.84	-168.174043	-22.
5.04457	0.4	12.	49.625904	-155.58	-22.
5.174628	0.4	12.	38.2291	-160.15	-22.
4.804195	0.4	12.	-64.94	-59.69	-17.620963
6.2828	0.4	12.	-64.61	-48.27	-20.049793
5.628137	0.4	12.	-6.53	-20.87	-19.05695
5.138343	0.4	12.	35.24	-115.14	-19.426797
4.66743	0.4	12.	26.109358	-91.	-21.
6.926414	0.4	12.	15.34	-86.600133	-21.
6.915231	0.4	12.	-14.03	-97.279408	-21.
7.838586	0.4	12.	62.98	-102.132564	-20.
5.171834	0.4	12.	66.481847	-116.12	-20.
4.70428	0.4	12.	74.406877	-127.21	-20.
5.622272	0.4	12.	86.485744	-124.92	-20.
4.684056	0.4	12.	70.81	-137.64	-17.112044
5.103691	0.4	12.	65.27	-146.309671	-20.
4.576121	0.4	12.	0.085888	-38.16	-20.
5.154775	0.4	12.	-12.4	-36.073455	-20.
5.644647	0.4	12.	43.08	-63.93	-16.738894
4.971458	0.4	12.	-41.77	-110.25	-23.977848
4.916462	0.4	12.	-35.57	-105.03	-15.627518
4.863009	0.4	12.	44.059725	-123.62	-19.
5.365889	0.4	12.	47.32	-112.075215	-19.
4.578849	0.4	12.	31.65	-66.87	-21.535887
5.486807	0.4	12.	38.83	-74.282357	-19.
4.601988	0.4	12.	25.78	-52.84	-21.64331
7.101511	0.4	12.	49.28	-50.001965	-19.
5.337997	0.4	12.	-41.559338	-127.86	-19.
5.383551	0.4	12.	37.85	-147.1	-15.295746
5.605088	0.4	12.	34.92	-135.69	-19.512924
5.626378	0.4	12.	-30.67	-45.99	-14.842482
5.132792	0.4	12.	15.34	-27.07	-18.22868
6.434698	0.4	12.	22.047006	-39.79	-18.
6.419587	0.4	12.	-57.43	-99.701297	-18.
4.606981	0.4	12.	0.33	-92.445388	-18.
4.802921	0.4	12.	-2.270828	-102.74	-18.
4.896925	0.4	12.	79.95	-133.4	-13.934986
4.571008	0.4	12.	54.928722	-145.8	-18.
6.115113	0.4	12.	35.24	-28.488391	-17.
4.629255	0.4	12.	-7.523042	-87.09	-17.
5.388045	0.4	12.	-50.58	-121.233339	-16.
5.07991	0.4	12.	-57.51324	-113.18	-16.
5.90573	0.4	12.	-52.86	-39.14	-11.918044
4.801678	0.4	12.	58.74	-133.46829	-16.
5.298061	0.4	12.	45.515943	-133.73	-16.
7.226246	0.4	12.	78.64	-111.3582	-16.
5.596512	0.4	12.	74.137167	-156.56	-16.
4.581284	0.4	12.	62.33	-158.52	-13.188091
5.461019	0.4	12.	33.780094	-104.37	-15.
5.662078	0.4	12.	44.38	-101.11	-16.567111
4.859784	0.4	12.	-2.94	-75.67	-14.617915
5.663693	0.4	12.	-62.291552	-74.69	-15.
4.576677	0.4	12.	-56.78	-64.739476	-15.
6.865359	0.4	12.	-72.77	-84.48	-12.734616
6.434101	0.4	12.	68.456063	-61.32	-13.
5.273131	0.4	12.	7.889996	-100.79	-12.
6.300052	0.4	12.	-18.007414	-128.84	-12.
5.882808	0.4	12.	-13.954597	-69.15	-12.
6.044819	0.4	12.	-31.65	-58.022848	-12.
5.722738	0.4	12.	-24.8	-95.182052	-11.
4.832334	0.4	12.	-33.61	-87.442407	-11.
4.735357	0.4	12.	-24.8	-81.875492	-11.
4.93703	0.4	12.	-2.450975	-59.69	-11.
4.75745	0.4	12.	-16.32	-108.94	-10.845649
5.499843	0.4	12.	31.382803	-94.59	-10.
5.656929	0.4	12.	44.05	-91.65	-5.239583
4.922562	0.4	12.	37.85	-119.71	-7.247868
5.824155	0.4	12.	-25.78	-68.495585	-10.
6.094419	0.4	12.	-3.304026	-45.99	-10.
4.65645	0.4	12.	-16.147574	-47.62	-10.
5.616252	0.4	12.	13.928655	-128.51	-10.
4.757364	0.4	12.	-15.01	-82.577788	-10.
5.801973	0.4	12.	75.38	-125.58	-5.954712
4.800305	0.4	12.	66.195901	-134.71	-9.
6.939251	0.4	12.	-5.55	-118.4888	-9.
6.727537	0.4	12.	41.12	-58.38	-4.691718
7.007689	0.4	12.	70.607873	-47.62	-9.
5.821256	0.4	12.	-1.63	-33.843454	-9.
4.762231	0.4	12.	-18.6	-37.84	-8.995775
5.080545	0.4	12.	-33.61	-76.878342	-9.
5.409745	0.4	12.	-21.21	-55.78	-3.920712
5.718433	0.4	12.	-30.02	-120.715785	-9.
6.95079	0.4	12.	65.27	-146.45	-5.92624
5.565948	0.4	12.	37.53	-70.644602	-8.
7.069097	0.4	12.	53.84	-110.9	-4.033909
4.940157	0.4	12.	69.341739	-114.16	-8.
4.682744	0.4	12.	50.58	-127.85342	-8.
4.900342	0.4	12.	-6.53	-105.807876	-7.
5.136474	0.4	12.	-16.32	-97.85	-2.601954
7.661815	0.4	12.	20.23	-41.1	-0.228801
5.846259	0.4	12.	16.64	-29.68	-6.504696
5.159279	0.4	12.	-57.006591	-54.47	-7.
5.538136	0.4	12.	-58.09	-95.89	-2.540663
7.227084	0.4	12.	34.92	-30.01	-0.534333
5.130595	0.4	12.	-53.19	-119.05	-6.014461
5.239021	0.4	12.	52.54	-138.537954	-4.
5.095943	0.4	12.	-55.48	-68.5	-3.282234
5.225922	0.4	12.	-57.43	-80.313127	-4.
6.904116	0.4	12.	54.82	-40.04119	-3.
5.893388	0.4	12.	3.26	-75.205139	-3.
4.794771	0.4	12.	-6.2	-90.830385	-3.
5.807634	0.4	12.	10.432155	-99.16	-1.
4.552425	0.4	12.	46.34	-104.05	2.274631
5.505315	0.4	12.	-27.945093	-91.33	0.
5.844946	0.4	12.	61.68	-124.78206	0.
5.919389	0.4	12.	1.132581	-149.71	-93.
4.917189	1.	11.	2.61	-102.666097	-116.
4.54663	1.	11.	46.99	-82.85	-117.602069
4.89805	1.	11.	-50.58	-85.908255	-106.
4.943777	1.	11.	41.44	-96.995534	-113.
5.525147	1.	11.	43.319726	-114.49	-113.
5.041114	1.	11.	0.65	-124.27	-115.417421
5.511162	1.	11.	-11.431482	-122.31	-113.
4.842186	1.	11.	76.03	-83.17	-108.090992
4.610017	1.	11.	53.52	-136.34	-102.747781
5.019511	1.	11.	49.93	-126.55	-110.790265
5.418802	1.	11.	36.602606	-132.75	-107.
6.194875	1.	11.	-0.65	-111.118229	-106.
5.130603	1.	11.	5.22	-98.195105	-107.
4.934973	1.	11.	-17.747283	-91.33	-104.
5.722708	1.	11.	-51.080995	-100.46	-104.
5.319478	1.	11.	-67.434584	-95.57	-93.
4.740837	1.	11.	-48.766406	-137.32	-83.
5.072748	1.	11.	29.37	-106.009979	-85.
5.28513	1.	11.	38.18	-85.857093	-85.
5.271337	1.	11.	45.69	-105.789905	-86.
4.664905	1.	11.	49.6	-95.24	-86.655466
5.119977	1.	11.	57.76	-139.668048	-86.
4.818059	1.	11.	50.25	-127.971467	-86.
5.041099	1.	11.	-21.86	-102.490528	-108.
4.836869	1.	11.	-13.38	-134.71	-112.656434
4.847657	1.	11.	20.775723	-78.28	-108.
4.728148	1.	11.	-17.3	-79.644472	-108.
4.520561	1.	11.	43.73	-78.14427	-103.
4.604813	1.	11.	29.926616	-96.55	-102.
4.566784	1.	11.	42.75	-90.02	-100.207681
5.326287	1.	11.	40.14	-114.373063	-102.
4.42284	1.	11.	-2.975508	-120.68	-102.
4.848887	1.	11.	-17.303488	-123.95	-102.
5.59047	1.	11.	49.93	-94.59	-106.85116
4.77875	1.	11.	44.05	-101.11	-99.849214
4.470762	1.	11.	32.771859	-87.09	-101.
4.388281	1.	11.	42.521162	-139.93	-100.
5.928339	1.	11.	75.38	-94.080979	-100.
5.049108	1.	11.	-7.83	-80.964872	-99.
5.22871	1.	11.	-32.96	-94.757112	-99.
4.440904	1.	11.	11.184639	-129.82	-99.
4.383495	1.	11.	32.63	-105.999014	-98.
5.172313	1.	11.	70.81	-133.693276	-98.
5.971584	1.	11.	-8.749022	-132.43	-97.
4.993304	1.	11.	56.45	-87.146872	-97.
4.882752	1.	11.	-19.91	-103.07	-96.430268
4.890504	1.	11.	-45.36	-128.573007	-96.
4.511325	1.	11.	4.643992	-111.22	-95.
4.437746	1.	11.	0.98	-101.944147	-95.
5.773451	1.	11.	-49.252226	-91.65	-95.
4.355659	1.	11.	14.36	-118.236447	-95.
4.342634	1.	11.	21.86	-109.053051	-95.
4.582407	1.	11.	-6.53	-114.078217	-95.
5.544189	1.	11.	-20.56	-115.954856	-95.
4.502069	1.	11.	41.77	-121.01	-90.030771
5.723043	1.	11.	21.54	-81.87	-91.672657
5.236334	1.	11.	37.2	-69.439991	-93.
5.32748	1.	11.	-24.426586	-92.31	-93.
5.504165	1.	11.	-42.730194	-103.07	-92.
4.922361	1.	11.	-19.91	-132.75	-93.899922
5.228637	1.	11.	44.71	-79.91	-91.245602
4.359888	1.	11.	-7.83	-93.94	-91.155175
5.52842	1.	11.	-15.01	-72.075091	-91.
4.345254	1.	11.	40.14	-93.29	-91.222061
4.965273	1.	11.	30.67	-96.833207	-90.
4.520702	1.	11.	-13.05	-122.64	-92.449298
4.986477	1.	11.	0.33	-122.31	-92.879296
5.702759	1.	11.	75.06	-85.816478	-89.
4.740819	1.	11.	9.14	-139.243052	-89.
4.337541	1.	11.	-15.01	-88.07	-87.900176
5.306878	1.	11.	15.424534	-127.86	-88.
5.662503	1.	11.	31.33	-76.913856	-87.
4.498784	1.	11.	-12.4	-139.246236	-87.
4.513178	1.	11.	-43.08	-115.518068	-86.
4.514853	1.	11.	-12.7674	-130.14	-86.
5.76666	1.	11.	70.81	-132.14769	-86.
4.409539	1.	11.	8.81	-119.38	-86.237844
4.3471	1.	11.	60.049709	-81.87	-85.
4.967041	1.	11.	59.761077	-91.33	-85.
4.595278	1.	11.	-3.92	-109.955172	-84.
4.602987	1.	11.	-22.19	-114.16	-81.439164
5.473475	1.	11.	-51.56	-90.768423	-83.
6.332496	1.	11.	-62.950287	-85.78	-83.
5.321507	1.	11.	7.51	-108.29	-83.759399
4.973846	1.	11.	47.693061	-136.67	-82.
5.671367	1.	11.	53.238258	-64.26	-82.
4.736003	1.	11.	-70.16	-97.53	-82.046867
5.795693	1.	11.	-21.54	-95.708534	-82.
4.430896	1.	11.	-23.844635	-134.38	-81.
5.437866	1.	11.	-49.6	-103.961774	-81.
4.551314	1.	11.	-21.86	-124.611795	-81.
5.362925	1.	11.	-40.401829	-129.82	-80.
5.948148	1.	11.	83.54	-150.37	-80.961935
5.934146	1.	11.	-2.217244	-91.	-80.
4.770683	1.	11.	-16.97	-73.667167	-80.
5.755041	1.	11.	-61.02	-62.3	-84.505364
4.724338	1.	11.	16.64	-110.49719	-78.
4.687744	1.	11.	38.732263	-93.94	-78.
4.910554	1.	11.	13.05	-132.992121	-77.
5.706136	1.	11.	-15.01	-85.46	-76.513558
4.653394	1.	11.	22.699819	-133.73	-76.
5.573774	1.	11.	-12.4	-140.09936	-76.
4.673211	1.	11.	51.588023	-94.26	-76.
4.955617	1.	11.	25.965288	-89.04	-76.
5.062748	1.	11.	-41.77	-111.402969	-75.
4.671486	1.	11.	-42.563668	-99.48	-75.
4.979139	1.	11.	-14.488824	-116.12	-75.
4.558103	1.	11.	-13.05	-126.88	-76.072323
5.428647	1.	11.	56.13	-135.602699	-74.
5.880779	1.	11.	69.277746	-136.67	-74.
4.513802	1.	11.	46.99	-121.66	-71.97358
5.867151	1.	11.	57.512255	-152.	-74.
4.860912	1.	11.	58.480927	-85.13	-74.
4.697693	1.	11.	35.9	-80.32839	-74.
4.433351	1.	11.	38.51	-51.05416	-74.
5.16329	1.	11.	2.94	-117.1	-75.124536
4.447043	1.	11.	43.4	-103.72	-74.949524
5.013702	1.	11.	28.06	-101.44	-74.480956
4.503566	1.	11.	45.037144	-85.78	-73.
4.936199	1.	11.	12.73	-121.66	-76.237683
5.035752	1.	11.	-51.438202	-136.34	-72.
4.336099	1.	11.	51.604908	-61.97	-71.
4.643227	1.	11.	-70.49	-97.823161	-71.
5.226479	1.	11.	-18.17971	-94.92	-71.
5.377163	1.	11.	-52.121804	-85.13	-71.
4.457422	1.	11.	-18.27	-133.164072	-70.
4.385286	1.	11.	-22.52	-121.34	-72.064467
4.602476	1.	11.	-56.530272	-60.67	-68.
4.520938	1.	11.	34.92	-44.770521	-67.
4.605066	1.	11.	-13.71	-88.72	-63.979515
4.775482	1.	11.	20.56	-130.799551	-65.
4.61807	1.	11.	-8.869936	-143.19	-65.
4.840361	1.	11.	36.55	-99.10033	-65.
4.986582	1.	11.	29.7	-90.68	-64.304677
4.9251	1.	11.	51.05524	-68.82	-64.
4.352194	1.	11.	44.05	-59.69	-64.274038
4.443678	1.	11.	-18.694438	-120.03	-64.
4.396178	1.	11.	-10.44	-113.560679	-64.
4.39242	1.	11.	-25.591148	-128.19	-64.
5.550257	1.	11.	-41.44	-107.018567	-64.
5.573824	1.	11.	-48.675687	-97.85	-64.
5.10163	1.	11.	-20.996999	-77.3	-63.
5.693963	1.	11.	-5.87	-36.53	-68.465376
5.219457	1.	11.	57.76	-139.797044	-63.
4.392469	1.	11.	1.63	-120.68	-62.655248
4.67747	1.	11.	-7.51	-122.226472	-62.
5.241279	1.	11.	43.4	-91.141241	-62.
5.891266	1.	11.	36.22	-82.096244	-62.
4.810041	1.	11.	15.66	-119.84365	-61.
5.481792	1.	11.	46.34	-101.981014	-61.
5.01211	1.	11.	-47.97	-138.62	-57.247028
5.810016	1.	11.	30.35	-66.21	-59.026713
5.121003	1.	11.	54.82	-92.420634	-61.
6.122259	1.	11.	21.516352	-99.81	-60.
5.142613	1.	11.	-77.807724	-98.5	-59.
4.862944	1.	11.	-50.034002	-79.26	-59.
4.769212	1.	11.	-17.16456	-96.87	-59.
4.5691	1.	11.	47.616596	-82.52	-59.
4.828152	1.	11.	40.23152	-71.11	-59.
4.80509	1.	11.	19.58	-110.547573	-58.
4.714111	1.	11.	-59.39	-106.286299	-58.
4.947102	1.	11.	-47.32	-117.75	-62.435841
4.409957	1.	11.	-65.59	-80.56	-58.463074
4.555257	1.	11.	-66.57	-95.928888	-58.
5.844794	1.	11.	-22.19	-62.3	-57.233459
4.600824	1.	11.	-22.84	-50.23	-54.749819
5.304624	1.	11.	-69.51	-61.65	-61.301329
4.679734	1.	11.	19.920169	-87.09	-57.
4.663129	1.	11.	9.46	-103.185609	-57.
4.954331	1.	11.	69.51	-135.69	-52.782757
4.875553	1.	11.	35.9	-42.247044	-56.
5.101112	1.	11.	36.22	-52.699748	-56.
5.589347	1.	11.	-58.09	-57.183249	-56.
4.533368	1.	11.	-38.883613	-113.83	-56.
5.162546	1.	11.	-56.78	-117.303613	-56.
4.407661	1.	11.	27.41	-117.775753	-56.
4.637022	1.	11.	8.48	-113.51	-57.517144
5.069859	1.	11.	61.402097	-163.74	-55.
5.423509	1.	11.	-20.359143	-85.46	-55.
5.39372	1.	11.	18.27	-128.933553	-54.
4.570578	1.	11.	-8.16	-145.47	-52.190864
5.078567	1.	11.	-20.56	-126.618355	-53.
4.738813	1.	11.	-13.805622	-117.42	-53.
4.800779	1.	11.	51.046734	-68.17	-53.
4.774542	1.	11.	-45.03	-103.094017	-52.
4.338738	1.	11.	-54.735084	-99.81	-52.
4.390043	1.	11.	2.474499	-122.31	-52.
4.941393	1.	11.	-4.192029	-114.81	-52.
4.342302	1.	11.	34.59	-96.22	-55.317083
4.962953	1.	11.	54.186708	-142.21	-52.
4.852211	1.	11.	-21.54	-74.37	-50.478936
4.666451	1.	11.	-2.94	-40.570358	-51.
4.599042	1.	11.	39.066829	-86.11	-51.
5.041996	1.	11.	-43.73	-143.19	-47.513825
4.909254	1.	11.	11.75	-136.01	-45.312411
4.661761	1.	11.	-6.85	-125.9	-53.368758
4.855867	1.	11.	43.4	-98.956827	-50.
4.464484	1.	11.	-57.76	-91.65	-49.078386
4.439233	1.	11.	15.34	-93.61	-50.418801
4.530096	1.	11.	39.146762	-61.65	-49.
4.334875	1.	11.	17.035696	-47.95	-49.
4.756376	1.	11.	31.356408	-121.01	-48.
6.013452	1.	11.	45.36	-77.3	-48.186848
5.689534	1.	11.	-14.36	-60.390906	-48.
6.151146	1.	11.	28.06	-50.504316	-48.
4.643549	1.	11.	-67.88	-97.090932	-48.
4.725105	1.	11.	21.54	-110.883536	-47.
5.071491	1.	11.	21.86	-89.7	-42.596505
4.346916	1.	11.	-68.088411	-87.74	-46.
5.299065	1.	11.	51.89	-89.783235	-45.
5.481672	1.	11.	-64.29	-63.93	-49.713454
5.685319	1.	11.	-25.624064	-47.62	-45.
4.509432	1.	11.	-46.01	-34.160291	-45.
5.178123	1.	11.	-51.89	-116.12	-45.660088
5.396275	1.	11.	-32.63	-116.44	-40.96626
4.705429	1.	11.	20.88	-125.092555	-45.
4.875302	1.	11.	13.05	-119.05	-45.21047
5.039197	1.	11.	36.55	-55.45	-40.481938
4.65025	1.	11.	56.13	-75.67	-45.897058
4.401605	1.	11.	-31.65	-75.35	-43.387025
4.734012	1.	11.	-15.34	-81.833748	-44.
4.968233	1.	11.	36.55	-43.506347	-44.
6.059382	1.	11.	75.38	-103.619287	-44.
5.086937	1.	11.	60.7	-161.747239	-44.
5.443602	1.	11.	-53.857618	-53.49	-43.
5.077367	1.	11.	-1.63	-140.055961	-43.
4.583335	1.	11.	-16.97	-121.66	-43.87194
5.31785	1.	11.	32.96	-94.59	-43.886527
4.345593	1.	11.	-52.86	-102.109624	-41.
4.559143	1.	11.	2.518823	-120.03	-41.
4.788541	1.	11.	-32.63	-103.4	-45.679177
4.575335	1.	11.	-46.66	-44.702817	-41.
5.491747	1.	11.	-34.59	-141.56	-37.889413
5.270655	1.	11.	-21.54	-75.02	-40.066969
4.397337	1.	11.	56.78	-69.403179	-38.
4.834373	1.	11.	19.25	-45.99	-37.283901
4.575362	1.	11.	-45.69	-142.120985	-38.
5.074573	1.	11.	37.85	-87.523688	-38.
5.679897	1.	11.	43.136266	-98.18	-38.
4.909494	1.	11.	-53.308965	-92.31	-37.
5.744021	1.	11.	-65.92	-98.636613	-37.
4.651679	1.	11.	32.986379	-120.36	-37.
4.552359	1.	11.	0.98	-38.192011	-37.
4.924073	1.	11.	-19.192428	-57.73	-37.
6.371731	1.	11.	-12.024304	-67.84	-37.
5.827176	1.	11.	24.8	-110.687644	-36.
4.943755	1.	11.	4.000163	-61.97	-35.
5.35032	1.	11.	19.58	-60.454215	-35.
5.335955	1.	11.	-62.33	-85.46	-35.838921
4.368332	1.	11.	23.145169	-121.66	-34.
4.684231	1.	11.	49.28	-76.	-36.54491
4.503766	1.	11.	-21.86	-48.074934	-34.
5.876754	1.	11.	-47.512961	-116.12	-34.
4.727138	1.	11.	-53.335747	-49.25	-32.
4.716762	1.	11.	-16.262986	-119.05	-31.
4.386113	1.	11.	-45.69	-41.920646	-29.
5.906847	1.	11.	-51.249401	-102.42	-29.
4.462832	1.	11.	-35.9	-140.386131	-28.
4.578277	1.	11.	66.672895	-122.31	-28.
4.830194	1.	11.	72.12	-108.62	-30.315046
4.84121	1.	11.	60.518857	-70.78	-27.
4.791426	1.	11.	19.407526	-47.29	-27.
4.381463	1.	11.	-45.69	-91.647515	-27.
5.436349	1.	11.	43.417011	-83.5	-26.
4.416195	1.	11.	-55.692641	-91.98	-26.
5.271076	1.	11.	-17.3	-59.213352	-26.
4.535677	1.	11.	27.41	-113.430429	-25.
4.784127	1.	11.	-53.84	-84.15	-21.206386
4.77193	1.	11.	19.58	-119.05	-19.32472
4.716881	1.	11.	50.467315	-76.65	-22.
5.124258	1.	11.	28.39	-101.44	-24.692348
4.835823	1.	11.	5.22	-60.061172	-20.
5.158865	1.	11.	-51.807482	-49.58	-19.
5.998786	1.	11.	5.323337	-119.38	-19.
4.484605	1.	11.	18.27	-110.25	-16.193349
4.839737	1.	11.	-45.03	-94.137862	-16.
5.662572	1.	11.	58.41	-69.436273	-16.
4.605185	1.	11.	60.049054	-122.97	-15.
4.607303	1.	11.	15.270226	-49.9	-15.
4.890255	1.	11.	-39.49	-39.937401	-15.
4.735354	1.	11.	-54.17	-88.230452	-11.
4.998573	1.	11.	23.5	-123.967516	-11.
4.847026	1.	11.	50.58	-80.24	-11.07487
5.267167	1.	11.	-45.03	-51.21	-6.329167
6.203366	1.	11.	55.15	-68.748696	-1.
4.549032	1.	11.	16.32	-112.507674	-1.
6.727182	1.	11.	-43.4	-107.92777	-1.
6.789485	1.	11.	-8.16	-79.44921	-54.
4.635698	1.	11.	29.028018	-86.44	-54.
4.395578	1.	11.	-7.51	-119.639113	-85.
4.667107	1.	11.	50.91	-118.170483	-105.