0.019116
0.015218
0.02636
0.010646
0.0059667
0.014895
0.011316
0.030358
0.0017197
0.0035972
0.045321
0.029182
0.011108
0.0023239
0.007737
0.012213
0.012912
0.0044305
0.0047841
0.014103
0.0058622
0.0041692
0.0029479
0.0023546
0.0018904
0.012228
0.0090218
0.010967
0.0078774
0.0050772
0.010463
0.0046513
0.0095409
0.016725
0.010334
0.0042368
0.00069098
0.0056088
0.0055578
0.0094224
0.010513
0.025851
0.032043
0.011225
0.0071223
0.0029233
0.0096448
0.0036343
0.0067803
0.036678
0.023465
0.0026429
0.0021789
0.0046812
0.014021
0.011289
0.0079267
0.013629
0.045964
0.0037228
0.0075511
0.028518
0.0037199
0.0033414
0.019279
0.015499
0.0084248
0.01292
0.011192
0.0089321
0.0097851
0.010824
0.0067407
0.019608
0.031597
0.0041412
0.0051031
0.0046472
0.0037509
0.010525
0.0018824
0.0093778
0.018646
0.0055488
0.0045129
0.0094596
0.020138
0.005472
0.015198
0.0025883
0.015009
0.0052388
0.01141
0.010072
0.007483
0.021244
0.0025646
0.0054609
0.061281
0.0055473
0.006165
0.012773
0.046653
0.015459
0.022887
0.0044518
0.0081561
0.065073
0.011407
0.015733
0.02701
0.0085623
0.021979
0.0037001
0.0095245
0.014935
0.019525
0.0038676
0.023426
0.0084953
0.0087827
0.016684
0.0094939
0.0068677
0.052579
0.01858
0.009638
0.011252
0.0094824
0.018492
0.013359
0.0073378
0.0047743
0.0066186
0.007154
0.01565
0.0034784
0.012153
0.011739
0.006426
0.013388
0.0036302
0.0097208
0.0099942
0.01392
0.0038307
0.0031823
0.0053117
0.003934
0.019793
0.0043608
0.00958
0.016435
0.0096945
0.0019828
0.070158
0.025226
0.0098128
0.009716
0.0067433
0.0047667
0.0040379
0.011139
0.010109
0.013524
0.0038764
0.0066516
0.0061011
0.019692
0.03032
0.012684
0.01375
0.0083561
0.0055197
0.007674
0.06952
0.0036382
0.013384
0.00414
0.0014941
0.006708
0.0082815
0.010815
0.0057388
0.0025847
0.0034854
0.0081285
0.0062682
0.013852
0.013714
0.0065694
0.014021
0.01809
0.0070097
0.020983
0.009797
0.0018013
0.0013905
0.012083
0.002587
0.01866
0.0064243
0.015719
0.0061464
0.017528
0.014394
0.0091048
0.010685
0.037286
0.0095579
0.014767
0.0085558
0.010387
0.0055624
0.002868
0.0033799
0.0083563
0.0059918
0.01659
0.013078
0.011331
0.020561
0.0024876
0.011858
0.010723
0.0020967
0.0042433
0.041019
0.0041551
0.0080158
0.0029678
0.0068851
0.049997
0.0093025
0.02358
0.010237
0.018493
0.01585
0.028936
0.0032899
0.0023212
0.0047283
0.018309
0.022935
0.029207
0.011548
0.0017692
0.0021744
0.0070912
0.014457
0.0047909
0.013325
0.008254
0.016037
0.012017
0.0072774
0.0025773
0.022265
0.0055589
0.014859
0.0023882
0.016107
0.015127
0.024591
0.010022
0.015997
0.009521
0.010333
0.029662
0.0052694
0.0031976
0.0078092
0.039567
0.0084436
0.0027311
0.023109
0.015639
0.022695
0.0044945
0.0071425
0.047679
0.0062861
0.010886
0.0055436
0.028242
0.0030888
0.011368
0.0050428
0.0072676
0.0061185
0.03047
0.043945
0.031753
0.0040865
0.008614
0.0051612
0.027399
0.0077535
0.0044005
0.030674
0.0085245
0.0070992
0.0075024
0.0081988
0.015957
0.0058519
0.0069836
0.010964
0.0030823
0.007883
0.0043176
0.0092701
0.065682
0.01874
0.043713
0.0034094
0.012439
0.013776
0.0079563
0.0034051
0.0011146
0.0034034
0.00092677
0.0027163
0.0022802
0.0043287
0.011123
0.011372
0.0053975
0.0037899
0.02276
0.016277
0.026244
0.020806
0.012216
0.0048257
0.0038381
0.0033674
0.0030482
0.0033286
0.0039055
0.0047658
0.0086425
0.0054214
0.030334
0.0017929
0.013174
0.035042
0.01248
0.0046384
0.018902
0.005258
0.0079746
0.0041392
0.0034929
0.0031824
0.0086011
0.0038668
0.025611
0.0094492
0.0046043
0.0044344
0.017881
0.0068603
0.004945
0.037683
0.0022722
0.0066551
0.018817
0.0053721
0.015888
0.0029236
0.016683
0.025556
0.012323
0.033054
0.019511
0.011742
0.0019068
0.0063718
0.017109
0.025396
0.0099402
0.0069545
0.02563
0.013655
0.025206
0.02137
0.0044871
0.0037421
0.010253
0.0038069
0.01969
0.045039
0.005438
0.0040472
0.021387
0.0054069
0.0098872
0.018998
0.0012126
0.0048187
0.0073718
0.016917
0.0010157
0.0078221
0.0017468
0.012937
0.0036922
0.0072704
0.02479
0.013056
0.00522
0.015953
0.010518
0.016018
0.016159
0.005507
0.010907
0.0029173
0.01112
0.0042793
0.0099663
0.019715
0.0032915
0.0037483
0.011105
0.032742
0.0063212
0.013404
0.0018714
0.012148
0.030141
0.017629
0.0041608
0.0061636
0.0066061
0.013601
0.0097739
0.015581
0.033998
0.012267
0.0045123
0.0019474
0.0038568
0.0061826
0.0096508
0.0056656
0.038744
0.017837
0.0026559
0.02087
0.0048854
0.056552
0.0024424
0.0043102
0.0016222
0.028363
0.017875
0.04219
0.0061641
0.006671
0.023865
0.0019416
0.0080751
0.024266
0.001951
0.014722
0.0089713
0.003152
0.0055658
0.0077528
0.016838
0.011142
0.014264
0.047124
0.016105
0.0029938
0.012398
0.0037275
0.011167
0.010387
0.0090066
0.0038242
0.0048996
0.013519
0.0056437
0.0052114
0.0015601
0.013255
0.0028182
0.0017839
0.060234
0.0068321
0.013203
0.013014
0.003928
0.0060703
0.016143
0.022786
0.026555
0.0050198
0.017831
0.0023214
0.016326
0.0048416
0.0075414
0.0030656
0.012311
0.003187
0.013034
0.0025598
0.0095069
0.010894
0.051521
0.008485
0.0083635
0.005044
0.0041644
0.0041639
0.0085662
0.009923
0.0097848
0.0095058
0.019918
0.00411
0.012452
0.045965
0.027398
0.0051149
0.0078938
0.0087596
0.01189
0.022716
0.018304
0.0047226
0.030893
0.0080825
0.0086315
0.032753
0.0030139
0.00593
0.0102
0.018046
0.010424
0.022673
0.013638
0.0080712
0.0099472
0.012297
0.010829
0.01624
0.009475
0.010695
0.011751
0.012116
0.016591
0.0036522
0.0028521
0.017084
0.012612
0.007414
0.012284
0.015555
0.0032874
0.008927
0.0071861
0.0074971
0.0035632
0.0037362
0.0031411
0.0079888
0.015893
0.012588
0.0049907
0.0169
0.010565
0.010422
0.030071
0.012228
0.013142
0.013837
0.085113
0.002392
0.00051132
0.0067238
0.0043919
0.0068447
0.013341
0.0064568
0.008502
0.0059126
0.0093551
0.02367
0.007684
0.012282
0.0070963
0.010206
0.020469
0.007382
0.038225
0.0045012
0.0057279
0.0056749
0.021561
0.038835
0.037136
0.0091076
0.0044966
0.0027682
0.010679
0.01471
0.0143
0.0037242
0.027366
0.0084467
0.0022219
0.0034669
0.005817
0.015523
0.01221
0.019101
0.054671
0.0036287
0.0041149
0.03891
0.0071794
0.018001
0.0023232
0.012423
0.015805
0.0089483
0.0026309
0.01923
0.0055015
0.011282
0.033693
0.0052605
0.012051
0.0039258
0.0055273
0.0088392
0.0052892
0.0059138
0.020009
0.040564
0.0066009
0.026316
0.020884
0.027839
0.017778
0.0062577
0.0015164
0.0037108
0.0068554
0.010848
0.017855
0.044236
0.0059355
0.022607
0.0055062
0.017952
0.0095337
0.016314
0.0073562
0.0040336
0.0075975
0.010117
0.0031504
0.0096809
0.0021362
0.01239
0.014903
0.018784
0.013669
0.0022189
0.0094216
0.0073324
0.023666
0.0042778
0.008297
0.0044347
0.011168
0.029772
0.0063646
0.0073871
0.0044663
0.0050144
0.0013359
0.017296
0.022235
0.0028293
0.025348
0.019215
0.01252
0.0052854
0.0066166
0.026143
0.030743
0.0023792
0.0091277
0.014616
0.0074504
0.010949
0.0077507
0.0096823
0.0275
0.031396
0.0071086
0.033256
0.016581
0.024955
0.0061829
0.013778
0.0058124
0.0065551
0.028196
0.0080566
0.014332
0.023357
0.0048157
0.017881
0.091787
0.0040569
0.0039958
0.021791
0.0059773
0.015027
0.012545
0.007216
0.023854
0.017536
0.014727
0.0052148
0.0067446
0.007441
0.017796
0.018521
0.004447
0.019111
0.020036
0.021323
0.0031162
0.012869
0.0079998
0.0025803
0.012699
0.017142
0.0012205
0.0043977
