0.067783
0.033153
0.049552
0.062787
0.086712
0.033735
0.08502
0.060063
0.057508
0.05814
0.035266
0.058759
0.099129
0.063445
0.072499
0.034228
0.056177
0.092675
0.071678
0.043655
0.064306
0.075517
0.05833
0.05882
0.041891
0.06563
0.023799
0.064046
0.05639
0.055041
0.040984
0.05017
0.061286
0.027314
0.037367
0.073047
0.031477
0.049716
0.038016
0.062957
0.054167
0.10315
0.064063
0.074903
0.0532
0.039071
0.056583
0.050498
0.04748
0.034052
0.073956
0.048533
0.077536
0.0497
0.067618
0.039888
0.037127
0.030542
0.044912
0.041421
0.028735
0.04911
0.046961
0.040776
0.041264
0.043074
0.044339
0.073848
0.063081
0.029997
0.14171
0.068974
0.043735
0.06657
0.038527
0.047432
0.072194
0.037366
0.054707
0.039176
0.062354
0.033587
0.037376
0.026807
0.063624
0.045972
0.063279
0.04814
0.088927
0.034035
0.046604
0.075961
0.048927
0.144
0.027565
0.06539
0.03924
0.06614
0.049223
0.079491
0.054011
0.082071
0.083546
0.060286
0.055314
0.037701
0.089837
0.052212
0.066586
0.090144
0.031043
0.070968
0.054953
0.042167
0.034359
0.034885
0.044788
0.057505
0.044281
0.039758
0.057696
0.043108
0.043301
0.021609
0.053424
0.048312
0.05585
0.054161
0.043877
0.063432
0.064585
0.090733
0.046189
0.070081
0.046304
0.024851
0.020044
0.053507
0.065119
0.081456
0.096162
0.017263
0.072282
0.058268
0.10252
0.026049
0.025294
0.031294
0.033
0.024226
0.08993
0.045397
0.052518
0.070713
0.03999
0.064979
0.036022
0.055303
0.042302
0.036168
0.026239
0.035874
0.030791
0.026744
0.049297
0.063126
0.036754
0.05473
0.015144
0.031596
0.059954
0.045799
0.033705
0.056052
0.057335
0.063191
0.019077
0.10783
0.022577
0.073178
0.034499
0.085487
0.022413
0.072072
0.063823
0.089095
0.029812
0.046211
0.025587
0.048741
0.029359
0.038982
0.051747
0.060587
0.020526
0.038198
0.030735
0.059298
0.095037
0.032915
0.023236
0.048954
0.023632
0.077317
0.047757
0.048905
0.079668
0.03058
0.041414
0.032426
0.052617
0.038541
0.021575
0.0515
0.052853
0.031666
0.081053
0.027592
0.056394
0.077584
0.04881
0.050087
0.10364
0.034997
0.041883
0.03044
0.069803
0.052059
0.061307
0.034948
0.075268
0.032594
0.062949
0.067901
0.029533
0.066771
0.061726
0.045281
0.048569
0.043592
0.020856
0.1003
0.13615
0.070708
0.048661
0.037135
0.067751
0.071124
0.043686
0.0717
0.036861
0.064512
0.066221
0.077078
0.026692
0.043438
0.014061
0.041864
0.054192
0.048927
0.046045
0.069678
0.061171
0.088978
0.04931
0.067153
0.060516
0.016232
0.046669
0.047922
0.049507
0.036924
0.034416
0.035579
0.042711
0.045835
0.052196
0.060587
0.043369
0.034977
0.030821
0.053143
0.026673
0.033479
0.051375
0.038518
0.053172
0.068551
0.10967
0.029859
0.041074
0.046364
0.044899
0.11103
0.081863
0.032121
0.059303
0.084
0.048435
0.049769
0.081498
0.06164
0.065141
0.063011
0.026578
0.019848
0.056649
0.092124
0.031606
0.033213
0.068661
0.027527
0.071158
0.071447
0.078082
0.038651
0.027662
0.058128
0.035143
0.033009
0.029784
0.065777
0.031909
0.050103
0.10556
0.078117
0.032625
0.05196
0.053527
0.064395
0.023799
0.064557
0.058544
0.023481
0.028971
0.068771
0.069901
0.046605
0.065582
0.044628
0.051542
0.060399
0.034168
0.083817
0.019355
0.061448
0.041112
0.047208
0.082127
0.087412
0.059255
0.031125
0.026251
0.036957
0.082321
0.084038
0.040429
0.048116
0.10568
0.063395
0.040571
0.030229
0.043451
0.065373
0.040797
0.052957
0.06892
0.026288
0.074877
0.048081
0.055806
0.085458
0.065344
0.058305
0.04764
0.08741
0.04867
0.06392
0.053611
0.042559
0.052496
0.050298
0.076352
0.031486
0.032661
0.063209
0.04431
0.03737
0.035466
0.045592
0.034793
0.037679
0.062963
0.045245
0.043451
0.043247
0.0408
0.027761
0.049565
0.074667
0.043238
0.053538
0.078896
0.047914
0.046293
0.058236
0.049574
0.03273
0.027233
0.031974
0.04848
0.071592
0.032036
0.056688
0.068769
0.087402
0.028529
0.041953
0.041974
0.054675
0.060163
0.02878
0.043561
0.048081
0.030065
0.043958
0.051391
0.1264
0.023134
0.045262
0.0293
0.02563
0.053157
0.037861
0.0276
0.043594
0.062343
0.062126
0.06064
0.070906
0.13834
0.056101
0.083094
0.042859
0.040355
0.039394
0.043468
0.049805
0.028886
0.03069
0.05384
0.044519
0.059683
0.053104
0.041737
0.041149
0.023736
0.13223
0.049288
0.051363
0.023443
0.034157
0.018143
0.02959
0.077078
0.051905
0.083577
0.02656
0.068151
0.053493
0.088284
0.056837
0.041046
0.042102
0.051763
0.04853
0.15797
0.063397
0.087286
0.065374
0.058133
0.049242
0.063912
0.025403
0.068556
0.079524
0.057651
0.082261
0.051117
0.052805
0.060631
0.062016
0.034453
0.038008
0.09185
0.025311
0.049817
0.15316
0.060744
0.04287
0.065951
0.048201
0.033308
0.10142
0.041611
0.045231
0.047124
0.051268
0.057123
0.041991
0.042813
0.067503
0.051061
0.039066
0.035361
0.064019
0.049793
0.072022
0.031576
0.061027
0.033678
0.062986
0.050753
0.043
0.063608
0.054441
0.036039
0.11198
0.039219
0.045418
0.066324
0.036427
0.04717
0.057748
0.060722
0.057722
0.052675
0.061072
0.061705
0.048821
0.057804
0.041531
0.023816
0.052743
0.073863
0.024943
0.080105
0.058172
0.054326
0.097479
0.067598
0.062602
0.033292
0.058844
0.045997
0.030033
0.068665
0.075039
0.040032
0.081512
0.061552
0.045366
0.11562
0.077814
0.041628
0.036288
0.037729
0.030076
0.12203
0.038521
0.075133
0.033816
0.054926
0.10645
0.046586
0.048027
0.036335
0.053234
0.029914
0.055445
0.071218
0.053662
0.093286
0.057764
0.040096
0.047746
0.02853
0.025832
0.060471
0.048792
0.049997
0.042576
0.060276
0.052311
0.021157
0.049245
0.053113
0.14955
0.06889
0.045242
0.076888
0.049017
0.045249
0.037696
0.096808
0.10312
0.076348
0.052509
0.056162
0.070304
0.040794
0.066908
0.072397
0.062145
0.087423
0.02724
0.037804
0.030408
0.048707
0.048629
0.046249
0.11137
0.055532
0.071746
0.017621
0.060469
0.044001
0.042591
0.035618
0.038917
0.028461
0.039897
0.046207
0.047383
0.036501
0.031691
0.049958
0.024689
0.061428
0.030462
0.050348
0.059443
0.068559
0.052694
0.090567
0.056123
0.041805
0.06728
0.073781
0.075647
0.056826
0.046709
0.082038
0.043475
0.031922
0.037213
0.071913
0.077541
0.072199
0.034056
0.03745
0.054522
0.039081
0.071616
0.064829
0.060581
0.069278
0.062597
0.061048
0.091921
0.06997
0.07989
0.060981
0.035251
0.028622
0.01799
0.064397
0.021914
0.030311
0.058096
0.053646
0.081735
0.080849
0.073826
0.093468
0.034405
0.041853
0.065274
0.048723
0.051667
0.05522
0.022973
0.074081
0.020394
0.082301
0.048812
0.02214
0.13052
0.048711
0.054699
0.044356
0.025863
0.048064
0.0438
0.03954
0.032019
0.054058
0.015502
0.034247
0.033983
0.046196
0.042904
0.088421
0.050932
0.056651
0.067116
0.12304
0.050045
0.055696
0.039552
0.030521
0.037048
0.066821
0.042276
0.066815
0.039515
0.029335
0.057016
0.053819
0.040053
0.10167
0.036672
0.032269
0.064536
0.094319
0.029972
0.063757
0.025236
0.068177
0.049666
0.05495
0.061181
0.029766
0.056166
0.048593
0.070525
0.056986
0.046248
0.052208
0.028122
