0.12949
0.10162
0.15732
0.11805
0.16945
0.16995
0.10525
0.13478
0.17965
0.13634
0.13879
0.15073
0.11927
0.12808
0.12656
0.14776
0.14941
0.15944
0.15211
0.14078
0.12722
0.12598
0.13935
0.1223
0.1432
0.14179
0.12544
0.11831
0.12968
0.13279
0.15064
0.13753
0.1557
0.16846
0.13554
0.15542
0.11038
0.1839
0.13045
0.13074
0.15739
0.15217
0.15286
0.094128
0.13768
0.14452
0.14031
0.13036
0.15676
0.15096
0.12556
0.13539
0.14503
0.18247
0.11305
0.15975
0.13499
0.16308
0.16023
0.14654
0.10584
0.12224
0.16434
0.16295
0.17086
0.12712
0.14516
0.14113
0.10877
0.10227
0.13214
0.14351
0.13659
0.11773
0.11349
0.13702
0.14305
0.1521
0.15916
0.13803
0.12942
0.12642
0.12509
0.18835
0.13432
0.1438
0.16119
0.13543
0.12808
0.15765
0.14822
0.12104
0.11435
0.12841
0.14743
0.13007
0.1301
0.16526
0.16923
0.12661
0.19796
0.10701
0.16779
0.14217
0.12832
0.10374
0.18977
0.13666
0.12944
0.1594
0.14543
0.15876
0.079643
0.19883
0.1958
0.162
0.16775
0.10532
0.1408
0.11125
0.15036
0.13651
0.12372
0.14569
0.10273
0.15198
0.11418
0.10322
0.12391
0.149
0.17566
0.14254
0.11737
0.14832
0.16674
0.15676
0.12236
0.1262
0.17283
0.15734
0.16695
0.12806
0.14052
0.1453
0.15467
0.12458
0.1731
0.15385
0.15174
0.099274
0.13143
0.11821
0.12955
0.16594
0.1284
0.15415
0.13904
0.10442
0.14474
0.15406
0.10067
0.13201
0.12498
0.17395
0.10535
0.15377
0.15433
0.11847
0.096481
0.1585
0.13474
0.12706
0.1577
0.16679
0.15188
0.11533
0.14017
0.12945
0.1146
0.13699
0.10622
0.12501
0.13342
0.1244
0.13182
0.15221
0.12023
0.14262
0.19927
0.12014
0.15554
0.13243
0.12983
0.16736
0.16118
0.14302
0.14098
0.11911
0.13459
0.17092
0.14255
0.12468
0.14562
0.1135
0.15976
0.17213
0.15704
0.13346
0.16594
0.14658
0.12873
0.12331
0.098239
0.1653
0.1317
0.15189
0.13932
0.12507
0.11484
0.14048
0.12929
0.15099
0.13861
0.14515
0.15627
0.13682
0.13456
0.17656
0.16093
0.15383
0.13018
0.11584
0.15813
0.13774
0.14194
0.12401
0.14893
0.15827
0.11141
0.1281
0.12015
0.18441
0.13993
0.12704
0.14497
0.1523
0.16577
0.16621
0.14025
0.17633
0.14334
0.15685
0.13831
0.14495
0.11906
0.15498
0.16067
0.14537
0.15019
0.11384
0.12876
0.1461
0.1574
0.15797
0.12751
0.12922
0.1379
0.12992
0.1742
0.13787
0.11443
0.16942
0.11523
0.12242
0.18009
0.16046
0.14625
0.11231
0.13435
0.1342
0.12818
0.1374
0.15754
0.12661
0.15864
0.10368
0.11931
0.14779
0.12505
0.10721
0.15588
0.11854
0.15078
0.14375
0.14791
0.1628
0.10542
0.12969
0.1446
0.10038
0.1575
0.12686
0.13097
0.17671
0.13764
0.10643
0.1565
0.15597
0.18286
0.16148
0.12522
0.13951
0.1534
0.1336
0.15779
0.12775
0.14912
0.15149
0.10287
0.11376
0.13471
0.17215
0.12553
0.14739
0.1545
0.12687
0.13444
0.15638
0.15847
0.12077
0.13908
0.13234
0.12423
0.1423
0.09434
0.12916
0.1277
0.13704
0.13726
0.14791
0.14323
0.17606
0.17183
0.18019
0.13719
0.10724
0.1553
0.12587
0.15149
0.15456
0.10691
0.13259
0.11323
0.15753
0.14917
0.10727
0.17127
0.1782
0.12308
0.12832
0.1506
0.15374
0.20268
0.090747
0.16687
0.17031
0.14336
0.14066
0.13606
0.11563
0.16598
0.15367
0.14589
0.1068
0.11135
0.14313
0.13821
0.13769
0.13443
0.13111
0.13138
0.12352
0.18669
0.15349
0.13427
0.17816
0.15454
0.13438
0.12256
0.11976
0.13482
0.11456
0.16008
0.16028
0.15642
0.15575
0.12614
0.15475
0.11949
0.13088
0.15305
0.18899
0.1386
0.11521
0.20782
0.13078
0.1422
0.11409
0.111
0.16127
0.1103
0.15876
0.13841
0.15712
0.12753
0.14436
0.16545
0.1145
0.14219
0.12784
0.13211
0.1704
0.16812
0.20975
0.1323
0.13217
0.13785
0.10453
0.13781
0.15223
0.13894
0.14085
0.14874
0.14641
0.15491
0.10992
0.11674
0.11947
0.16019
0.14346
0.12936
0.18023
0.15874
0.16306
0.1681
0.13522
0.13223
0.15178
0.11195
0.12419
0.16201
0.18169
0.12369
0.13899
0.17914
0.1553
0.1382
0.17582
0.14898
0.11997
0.14901
0.16055
0.17379
0.15411
0.15298
0.15426
0.13729
0.16643
0.14452
0.11087
0.13029
0.15388
0.148
0.12656
0.11509
0.11121
0.14854
0.1469
0.14808
0.13659
0.18702
0.14655
0.16977
0.14424
0.10113
0.1364
0.15781
0.1496
0.15601
0.17319
0.14703
0.14499
0.1163
0.12373
0.11462
0.15209
0.12643
0.17585
0.15002
0.18916
0.13891
0.15425
0.12138
0.14078
0.15256
0.19577
0.11759
0.12608
0.15781
0.10498
0.13083
0.13919
0.12265
0.13222
0.15726
0.14754
0.1474
0.16026
0.12088
0.15124
0.14796
0.147
0.16577
0.14925
0.17567
0.11569
0.14276
0.13216
0.17772
0.15021
0.13774
0.16245
0.10389
0.13603
0.14851
0.10345
0.19265
0.12659
0.15376
0.11504
0.15177
0.11035
0.15241
0.086867
0.16448
0.13642
0.12848
0.1749
0.13826
0.11684
0.13749
0.11444
0.13203
0.13707
0.15403
0.16018
0.12586
0.13692
0.12715
0.15139
0.16187
0.14489
0.14397
0.13828
0.14543
0.12741
0.16445
0.10996
0.12094
0.14978
0.17898
0.1324
0.13114
0.13541
0.15635
0.13607
0.12426
0.15081
0.14252
0.12837
0.14876
0.13887
0.10968
0.1521
0.16224
0.12195
0.13968
0.13578
0.16711
0.15683
0.17916
0.13429
0.13717
0.12554
0.18952
0.12626
0.1594
0.15736
0.13254
0.11605
0.13855
0.12676
0.12288
0.1608
0.15238
0.14644
0.14448
0.13865
0.1352
0.14143
0.14799
0.18662
0.15746
0.15938
0.164
0.13416
0.14151
0.18643
0.10983
0.15235
0.16561
0.12333
0.13515
0.15914
0.11923
0.13067
0.16036
0.15064
0.12714
0.12218
0.12765
0.11436
0.1126
0.11338
0.12573
0.15316
0.11295
0.1639
0.10874
0.13069
0.14111
0.14192
0.14423
0.12378
0.15921
0.12238
0.13813
0.12399
0.16974
0.12971
0.15618
0.14359
0.1725
0.1137
0.16429
0.11961
0.12593
0.14584
0.10897
0.14674
0.15763
0.10797
0.14891
0.18638
0.13172
0.13513
0.15701
0.12593
0.20437
0.15212
0.16689
0.15805
0.12298
0.13965
0.13863
0.14753
0.13132
0.16173
0.11443
0.11663
0.1293
0.10841
0.16501
0.1206
0.16341
0.13922
0.16442
0.12257
0.13719
0.14852
0.13136
0.12602
0.14662
0.13078
0.14391
0.16019
0.14976
0.13595
0.15173
0.13134
0.13022
0.1924
0.12046
0.13374
0.13161
0.12823
0.12891
0.12501
0.16659
0.11484
0.15999
0.12779
0.15415
0.12905
0.11111
0.091834
0.15534
0.14622
0.1741
0.17175
0.15538
0.14903
0.12616
0.1121
0.14488
0.11258
0.11024
0.1223
0.16221
0.14152
0.11845
0.12866
0.10409
0.13576
0.11363
0.14413
0.12903
0.13518
0.14402
0.11855
0.16688
0.13016
0.17941
0.13653
0.14274
0.13919
0.14535
0.15535
0.15836
0.10661
