0.51672
0.21474
0.27143
0.22852
0.35479
0.44772
0.1177
0.1909
0.2796
0.37253
0.052831
0.053303
0.060209
0.17317
0.10628
0.043737
0.15302
0.2075
0.084888
0.054145
0.19054
0.36524
0.28667
0.32798
0.24466
0.34322
0.1433
0.35204
0.18418
0.15879
0.22573
0.15533
0.2147
0.15492
0.15544
0.099725
0.16763
0.13212
0.14548
0.064357
0.29641
0.21381
0.22082
0.1806
0.41765
0.17529
0.21639
0.1161
0.1787
0.079477
0.28298
0.33774
0.24899
0.13339
0.27268
0.26981
0.22772
0.22511
0.17897
0.20557
0.19412
0.075418
0.098505
0.32514
0.11054
0.44186
0.23321
0.34875
0.12412
0.44096
0.13436
0.14176
0.18353
0.1312
0.32411
0.12745
0.1104
0.11122
1.0269
0.11369
0.18414
0.11174
0.36549
0.49404
0.10683
0.17438
0.11577
0.23859
0.19803
0.29761
0.098188
0.29776
0.10938
0.060631
0.19177
0.30807
0.15087
0.22377
0.28973
0.14131
0.32739
0.11162
0.43731
0.088603
0.24137
0.095553
0.10284
0.31532
0.15972
0.17283
0.05188
0.07946
0.14311
0.10292
0.082149
0.095545
0.37791
0.56081
0.23007
0.44564
0.088308
0.58068
0.43778
0.14341
0.22177
0.26235
0.25741
0.32855
0.38549
0.13964
0.15157
0.24304
0.71541
0.17219
0.28703
0.22893
0.29614
0.21554
0.21772
0.21775
0.22751
0.25928
0.1736
0.19132
0.14352
0.25091
0.25774
0.17017
0.14878
0.1663
0.18677
0.19875
0.32375
0.11638
0.23107
0.23092
0.078281
0.1176
0.10415
0.57697
0.14369
0.12666
0.065312
0.38478
0.18247
0.19312
0.17711
0.09006
0.1699
0.20654
0.32613
0.16624
0.13927
0.11973
0.12756
0.2246
0.2784
0.14987
0.17986
0.11005
0.054064
0.30054
0.12944
0.14136
0.078334
0.1275
0.062188
0.36949
0.087111
0.59867
0.089793
0.16904
0.087339
0.15752
0.16004
0.39113
0.34833
0.18078
0.40406
0.11328
0.091839
0.14469
0.26571
0.073357
0.20451
0.058194
0.19716
0.1102
0.07043
0.19324
0.15178
0.11094
0.19163
0.10383
0.11628
0.11467
0.16585
0.076673
0.24663
0.11031
0.19193
0.21245
0.2444
0.20674
0.14941
0.20586
0.39317
0.094027
0.08785
0.21102
0.1938
0.41144
0.079433
0.1552
0.14088
0.27307
0.16491
0.27034
0.061767
0.21155
0.44584
0.22571
0.1475
0.29081
0.44389
0.25793
0.34168
0.068315
0.17194
0.28196
0.096691
0.26628
0.083542
0.22318
0.23141
0.24016
0.067036
0.13818
0.12785
0.3392
0.079195
0.28997
0.1173
0.33778
0.17665
0.13198
0.45115
0.13536
0.15988
0.085072
0.23795
0.19505
0.18388
0.22936
0.13383
0.2768
0.073729
0.3259
0.33921
0.32027
0.10389
0.25261
0.15509
0.1694
0.10635
0.16793
0.19605
0.2005
0.1052
0.094544
0.15499
0.036242
0.51398
0.24791
0.35695
0.0559
0.11033
0.18087
0.18263
0.17279
0.18203
0.40642
0.10634
0.41268
0.18356
0.12789
0.10202
0.11226
0.31808
0.056644
0.30421
0.28787
0.062294
0.096534
0.18405
0.16248
0.59509
0.14149
0.10853
0.10172
0.1463
0.56376
0.12234
0.2833
0.26901
0.19558
0.37695
0.24724
0.21654
0.10603
0.36176
0.1169
0.10425
0.7174
0.092414
0.15783
0.24163
0.25278
0.059167
0.19504
0.34418
0.1234
0.1867
0.20016
0.086583
0.14739
0.10999
0.17022
0.33835
0.076813
0.26924
0.10632
0.21304
0.23526
0.18609
0.29811
0.086302
0.26247
0.11392
0.249
0.18331
0.084748
0.28697
0.1601
0.1889
0.12084
0.21735
0.12344
0.65393
0.14858
0.15089
0.34977
0.20897
0.25253
0.3637
0.38679
0.24848
0.37843
0.19134
0.11584
0.40866
0.21803
0.23288
0.26759
0.12547
0.30781
0.37781
0.18511
0.12196
0.12417
0.14465
0.1828
0.11705
0.1879
0.27502
0.32793
0.25232
0.17121
0.18792
0.15252
0.22796
0.10099
0.15684
0.10472
0.19235
0.13376
0.20302
0.075683
0.27861
0.099221
0.18293
0.3041
0.13175
0.29813
0.42709
0.31438
0.19157
0.43152
0.1086
0.32568
0.11328
0.24563
0.19235
0.16366
0.17989
0.13877
0.19432
0.27348
0.15714
0.12603
0.37778
0.2501
0.59838
0.39181
0.071712
0.38
0.1032
0.14583
0.65106
0.15307
0.099292
0.20452
0.063636
0.17924
0.1344
0.098693
0.25082
0.32117
0.077403
0.058498
0.17423
0.10226
0.3389
0.21889
0.31635
0.13915
0.41924
0.25136
0.056768
0.1466
0.080983
0.042068
0.21458
0.17058
0.18974
0.25649
0.22769
0.078995
0.2015
0.18566
0.14776
0.1142
0.25941
0.13601
0.12517
0.17234
0.14697
0.12158
0.11671
0.39646
0.38636
0.13735
0.15908
0.18261
0.17053
0.13493
0.11299
0.093347
0.10088
0.1546
0.11055
0.19817
0.16147
0.091502
0.12976
0.1659
0.11209
0.18161
0.29151
0.2012
0.22396
0.15233
0.17543
0.10443
0.38144
0.24895
0.25059
0.060279
0.15645
0.051053
0.084006
0.31794
0.23021
0.085336
0.30941
0.14062
0.19475
0.10754
0.20534
0.3356
0.12843
0.23815
0.09683
0.1447
0.16106
0.18205
0.15605
0.12403
0.2764
0.15385
0.48008
0.13882
0.14489
0.35633
0.22278
0.16794
0.4728
0.03958
0.29289
0.17042
0.42929
0.23602
0.13853
0.14822
0.35979
0.33029
0.13061
0.24587
0.099124
0.060304
0.087265
0.13836
0.202
0.24008
0.59772
0.21534
0.25501
0.1386
0.20082
0.20992
0.24755
0.13375
0.23313
0.21899
0.24752
0.14538
0.19799
0.19281
0.12201
0.21558
0.24186
0.17344
0.10524
0.35308
0.18689
0.20776
0.061967
0.66681
0.25041
0.15392
0.21277
0.23892
0.10982
0.17832
0.11209
0.22873
0.26387
0.19356
0.074349
0.11686
0.12623
0.058243
0.12941
0.31129
0.37238
0.14109
0.25275
0.20334
0.33416
0.29229
0.11806
0.15173
0.1143
0.41942
0.16074
0.27731
0.14296
0.16953
0.2198
0.15235
0.10519
0.19198
0.10385
0.25355
0.17263
0.27607
0.2752
0.12833
0.30828
0.32963
0.084282
0.26616
0.16996
0.69198
0.26826
0.15904
0.35294
0.15758
0.083125
0.17346
0.21587
0.15052
0.16385
0.068471
0.14736
0.31701
0.1856
0.10744
0.30646
0.083992
0.16105
0.11633
0.27423
0.1745
0.12873
0.13137
0.28785
0.25874
0.10312
0.21441
0.040068
0.27775
0.19257
0.16766
0.14132
0.16228
0.15355
0.2069
0.039478
0.083786
0.12628
0.08281
0.22095
0.21345
0.10655
0.19941
0.40844
0.33503
0.17944
0.23787
0.23346
0.26393
0.1433
0.098216
0.49473
0.10793
0.19492
0.24364
0.1924
0.046282
0.34692
0.13087
0.15711
0.13545
0.19417
0.1461
0.23189
0.15272
0.068452
0.26205
0.21562
0.19079
0.060849
0.20497
0.2169
0.14305
0.069674
0.18509
0.28898
0.11416
0.25829
0.064007
0.13045
0.25166
0.078964
0.19165
0.13143
0.16516
0.13193
0.097237
0.13024
0.20942
0.27476
0.42075
0.12396
0.13096
0.29899
0.19171
0.19097
0.092214
0.36776
0.27558
0.085502
0.11979
0.11523
0.19145
0.10465
0.14374
0.13946
0.11455
0.17357
0.26314
0.069878
0.1577
0.21102
0.17289
0.04419
0.20818
0.39687
0.34441
0.21663
0.19935
0.14465
0.30008
0.20525
0.17906
0.25026
0.19741
0.24049
0.15259
