0.18524
0.038623
0.028163
0.050988
0.27603
0.084103
0.028243
0.044231
0.032209
0.049463
0.038605
0.10629
0.028457
0.018349
0.042694
0.048364
0.28528
0.05018
0.2725
0.019401
0.033912
0.0099619
0.064597
0.046214
0.57888
0.034627
0.012625
0.025391
0.13376
0.068319
0.053236
0.00764
0.045372
0.058489
0.024942
0.056665
0.045073
0.018343
0.025833
0.023318
0.069537
0.11361
0.08941
0.046604
0.078511
0.17363
0.02604
0.060478
0.057455
0.073156
0.058809
0.041832
0.012316
0.073412
0.11193
0.01541
0.22644
0.033463
0.27394
0.0529
0.039643
0.04658
0.086701
0.01457
0.028295
0.24961
0.015354
0.0432
0.030883
0.093097
0.091179
0.040154
0.063313
0.048721
0.068452
0.023568
0.021589
0.027256
0.017122
0.030255
0.063634
0.034996
0.043749
0.052535
0.010129
0.05365
0.052563
0.026177
0.025088
0.0080433
0.12892
0.030777
0.042871
0.2484
0.027711
0.25863
0.24711
0.27941
0.086068
0.016373
0.021555
0.027944
0.031915
0.13315
0.074471
0.15127
0.024499
0.054147
0.079403
0.078431
0.038575
0.043254
0.020731
0.070382
0.049084
0.012856
0.17511
0.12179
0.060489
0.21524
0.085451
0.14529
0.058297
0.032184
0.03957
0.01552
0.084438
0.073285
0.0058763
0.089666
0.19996
0.19795
0.021333
0.024324
0.12154
0.087727
0.091273
0.20617
0.10151
0.052575
0.012337
0.061537
0.081245
0.08348
0.065858
0.092604
0.034904
0.05652
0.39037
0.21316
0.042369
0.038813
0.21045
0.035919
0.04296
0.14331
0.047073
0.014215
0.082072
0.045915
0.061389
0.14158
0.023048
0.2414
0.020498
0.14051
0.028451
0.0058788
0.18521
0.077004
0.066144
0.088514
0.019554
0.14132
0.099011
0.12251
0.034964
0.01887
0.0283
0.017909
0.11707
0.016893
0.041994
0.015845
0.17808
0.11637
0.016396
0.071796
0.048288
0.012637
0.023644
0.029935
0.013191
0.02466
0.31209
0.013961
0.02464
0.11552
0.072618
0.0099502
0.039416
0.012849
0.082134
0.052534
0.027046
0.067585
0.021047
0.1593
0.018615
0.019047
0.11088
0.033227
0.025476
0.024279
0.016452
0.034484
0.076486
0.12267
0.13077
0.18994
0.022996
0.0091499
0.021783
0.013414
0.025739
0.067006
0.025106
0.045754
0.064918
0.086436
0.018682
0.068085
0.031255
0.033985
0.026372
0.10174
0.078372
0.037451
0.018736
0.040597
0.025265
0.07153
0.12171
0.16867
0.01156
0.10032
0.16535
0.041402
0.023367
0.11624
0.084005
0.036461
0.039795
0.12763
0.042815
0.025172
0.013269
0.041936
0.036447
0.10321
0.04202
0.08045
0.07113
0.050763
0.08409
0.091468
0.018557
0.066123
0.068882
0.16793
0.064072
0.083138
0.034221
0.053166
0.032463
0.012503
0.12305
0.13469
0.017224
0.018443
0.11812
0.031786
0.016672
0.13259
0.044133
0.057896
0.072566
0.064806
0.33764
0.85071
0.07053
0.046696
0.034439
0.017667
0.10433
0.028395
0.11686
0.11158
0.029469
0.18392
0.10079
0.022872
0.015414
0.078757
0.031326
0.09027
0.13229
0.57246
0.045733
0.023499
0.099518
0.063067
0.022079
0.029836
0.041207
0.072721
0.066458
0.033897
0.088804
0.017052
0.084391
0.022372
0.086445
0.11583
0.32439
0.035388
0.085952
0.038219
0.082991
0.056914
0.068397
0.027034
0.13699
0.13475
0.054198
0.069665
0.01566
0.015069
0.074608
0.048275
0.20908
0.14169
0.12495
0.065841
0.026915
0.052508
0.078874
0.029517
0.042959
0.047392
0.055025
0.063272
0.020147
0.035431
0.099752
0.017068
0.028686
0.0095288
0.11119
0.048641
0.032326
0.0061647
0.016455
0.025277
0.10583
0.057872
0.028758
0.022462
0.025831
0.027048
0.033519
0.052099
0.023412
0.048566
0.040322
0.026222
0.079481
0.045267
0.26087
0.064113
0.032811
0.087185
0.070273
0.50566
0.14773
0.027876
0.16191
0.038595
0.19891
0.026047
0.051585
0.056443
0.015447
0.24295
0.015139
0.06139
0.028859
0.02539
0.03695
0.13768
0.047668
0.07293
0.055491
0.069537
0.038839
0.042277
0.0068038
0.026575
0.030298
0.14681
0.046462
0.0081315
0.094618
0.010888
0.088757
0.031585
0.060608
0.062415
0.02518
0.10743
0.091243
0.023289
0.028361
0.10233
0.060292
0.097167
0.078503
0.042021
0.069418
0.069441
0.10077
0.031862
0.017538
0.015288
0.18438
0.017039
0.082773
0.052849
0.058154
0.027306
0.028772
0.039888
0.078124
0.12032
0.010117
0.068125
0.20322
0.11735
0.049484
0.009187
0.01426
0.031766
0.0090784
0.034714
0.090316
0.049549
0.02235
0.13899
0.10276
0.049478
0.27957
0.037018
0.28178
0.013632
0.019265
0.027078
0.010085
0.11988
0.012225
0.18598
0.21751
0.02692
0.042696
0.036109
0.078027
0.033437
0.055099
0.01172
0.14555
0.042373
0.039766
0.044769
0.18952
0.008742
0.0345
0.090758
0.33369
0.027375
0.034846
0.010888
0.062369
0.049271
0.017342
0.035904
0.21747
0.027643
0.13897
0.02431
0.044411
0.012763
0.075209
0.10475
0.12771
0.038771
0.06321
0.021778
0.01922
0.064873
0.024083
0.060524
0.023667
0.033877
0.075973
0.063354
0.066183
0.082351
0.066102
0.024871
0.030877
0.067136
0.029521
0.354
0.014032
0.052844
0.052548
0.063016
0.12203
0.023172
0.02034
0.040163
0.083123
0.052911
0.067922
0.037057
0.12029
0.0090351
0.062942
0.04356
0.12216
0.044198
0.023181
0.039496
0.20534
0.038652
0.12393
0.10053
0.091217
0.03427
0.037811
0.039117
0.014614
0.02477
0.037713
0.054139
0.060033
0.092879
0.038402
0.14224
0.032675
0.15056
0.044575
0.085986
0.064121
0.0194
0.039049
0.15535
0.15532
0.072436
0.029848
0.031566
0.067642
0.022556
0.18376
0.057481
0.021978
0.076291
0.070092
0.054998
0.031667
0.29518
0.12934
0.032532
0.068734
0.07102
0.031954
0.024346
0.11088
0.021217
0.013223
0.037595
0.042093
0.086266
0.018154
0.25475
0.012642
0.12411
0.096702
0.062534
0.032069
0.037019
0.041986
0.014959
0.14069
0.11143
0.044764
0.32484
0.0098052
0.037841
0.014183
0.022231
0.053643
0.067829
0.053397
0.4018
0.21012
0.023001
0.13454
0.083959
0.070435
0.17082
0.079341
0.038109
0.086189
0.11037
0.046364
0.039354
0.011172
0.005634
0.13654
0.045188
0.099129
0.042801
0.031164
0.041166
0.049114
0.058371
0.061494
0.30784
0.061403
0.027498
0.048192
0.02989
0.0042833
0.052393
0.0404
0.0043205
0.032164
0.037297
0.015747
0.041389
0.13104
0.16872
0.042713
0.12386
0.044095
0.046228
0.019293
0.025073
0.13705
0.06973
0.087858
0.049614
0.22547
0.35057
0.058407
0.12735
0.083826
0.3229
0.010862
0.016037
0.014569
0.018347
0.023868
0.051587
0.013887
0.011716
0.082685
0.099556
0.01645
0.027255
0.1281
0.24571
0.019143
0.044303
0.035899
0.076413
0.061728
0.16547
0.046359
0.057642
0.12337
0.032595
0.036525
0.05969
0.032708
0.058645
0.099326
0.12364
0.0313
0.016912
0.095714
0.082328
0.030632
0.07358
0.042274
0.11645
0.1281
0.035002
0.04659
0.018144
0.046823
0.032676
0.040436
0.14996
0.019477
0.14129
0.047908
0.036359
0.029974
0.020595
0.078945
0.011747
0.040464
0.078638
0.051362
0.028867
0.035485
0.058068
0.010332
0.060448
0.030333
0.01843
0.018768
0.14977
0.073064
0.065407
0.088199
0.20151
0.057977
0.17928
0.024824
0.033226
0.067811
0.29482
0.07216
0.12945
0.15414
0.067115
0.018964
0.025757
