0.45315
0.11356
0.38959
0.21003
0.24487
0.23052
0.31137
0.29214
0.34395
0.18557
0.1733
0.14761
0.17492
0.24963
0.18199
0.13045
0.1292
0.22593
0.18501
0.28674
0.34921
0.26851
0.10415
0.23604
0.18106
0.18846
0.16847
0.33493
0.24083
0.1812
0.22211
0.16627
0.21434
0.21443
0.18718
0.31921
0.17173
0.32645
0.19896
0.24418
0.28842
0.1493
0.18837
0.19526
0.33277
0.17366
0.21054
0.11242
0.14777
0.4089
0.31662
0.2437
0.21882
0.11097
0.23738
0.2165
0.30571
0.16402
0.15988
0.25357
0.14078
0.1291
0.16266
0.12514
0.24217
0.30885
0.22385
0.25936
0.29901
0.18709
0.1633
0.13017
0.29904
0.3558
0.10345
0.14306
0.2343
0.087412
0.2658
0.27424
0.18821
0.19433
0.49539
0.29739
0.26841
0.40096
0.30361
0.34969
0.27659
0.1159
0.26914
0.18713
0.18852
0.25388
0.21393
0.33854
0.14848
0.14051
0.2543
0.33021
0.14465
0.22199
0.1637
0.16413
0.26798
0.21435
0.18035
0.20353
0.1081
0.225
0.076364
0.26079
0.13417
0.171
0.16337
0.16913
0.2219
0.18189
0.28328
0.248
0.28562
0.26396
0.24757
0.1602
0.15249
0.24822
0.36906
0.23665
0.18271
0.30592
0.17218
0.19173
0.30252
0.1042
0.16755
0.13672
0.076027
0.34416
0.24672
0.21823
0.25373
0.18585
0.16044
0.13816
0.22752
0.12334
0.31952
0.20573
0.17692
0.5874
0.13336
0.34304
0.2148
0.23408
0.27199
0.18361
0.19612
0.21949
0.13268
0.3319
0.31364
0.21144
0.32138
0.090245
0.31928
0.13455
0.20706
0.19
0.13458
0.21669
0.18917
0.22528
0.21388
0.11418
0.24318
0.24425
0.15223
0.07392
0.2254
0.23994
0.088015
0.21041
0.2211
0.14814
0.10831
0.43554
0.26155
0.10789
0.074683
0.17954
0.27194
0.28775
0.32808
0.15887
0.25968
0.19851
0.18624
0.2375
0.1362
0.18173
0.24888
0.17292
0.11358
0.15607
0.29952
0.24107
0.074899
0.15177
0.25379
0.28708
0.22975
0.19297
0.23535
0.19967
0.25644
0.38489
0.11192
0.21363
0.22098
0.23674
0.12671
0.33759
0.22682
0.14875
0.326
0.12315
0.28141
0.25457
0.30377
0.32007
0.24018
0.17915
0.18348
0.41778
0.15136
0.14258
0.14907
0.2212
0.38742
0.24462
0.29109
0.15159
0.26682
0.18796
0.27059
0.27797
0.4136
0.16928
0.33799
0.26192
0.3255
0.172
0.2139
0.41186
0.22548
0.26048
0.12351
0.17157
0.39438
0.23094
0.29385
0.28543
0.11229
0.24628
0.11587
0.23383
0.22495
0.26696
0.15788
0.22021
0.16334
0.3051
0.26234
0.17347
0.50983
0.34216
0.10125
0.1894
0.095286
0.30395
0.35413
0.146
0.28998
0.2864
0.1987
0.24988
0.12465
0.10279
0.16423
0.15991
0.20017
0.12311
0.19519
0.11489
0.26515
0.30839
0.21027
0.29815
0.27263
0.18634
0.14058
0.21472
0.18021
0.1204
0.21236
0.28091
0.093952
0.30874
0.20451
0.14844
0.2766
0.11203
0.16376
0.10905
0.16075
0.12489
0.24068
0.26059
0.30377
0.15878
0.14499
0.18874
0.26802
0.19073
0.33925
0.27788
0.30515
0.12727
0.18869
0.19871
0.26507
0.18402
0.17738
0.27129
0.16975
0.18294
0.15616
0.23667
0.22037
0.25762
0.11496
0.11282
0.24574
0.20684
0.44478
0.1337
0.43795
0.3316
0.1499
0.16944
0.15844
0.17438
0.11166
0.35051
0.27954
0.18692
0.10411
0.19068
0.30373
0.32195
0.12466
0.14892
0.3565
0.20535
0.1885
0.47294
0.14813
0.14745
0.19763
0.24896
0.23187
0.30127
0.22388
0.2207
0.15262
0.19335
0.2091
0.40969
0.13835
0.34071
0.18798
0.18981
0.20296
0.20251
0.20157
0.15934
0.30021
0.14127
0.25272
0.19649
0.15368
0.22677
0.18969
0.15052
0.16535
0.16769
0.25998
0.19537
0.14222
0.27888
0.28353
0.11975
0.33158
0.25147
0.17771
0.1938
0.21341
0.24521
0.25496
0.15751
0.25973
0.16297
0.18966
0.34701
0.13249
0.34316
0.15686
0.1136
0.15425
0.18105
0.19011
0.27679
0.23025
0.12064
0.1062
0.10826
0.24086
0.19243
0.48362
0.23412
0.18326
0.10472
0.28218
0.1624
0.20635
0.23723
0.19663
0.13781
0.17473
0.18888
0.18106
0.24008
0.34592
0.10859
0.23915
0.15458
0.15677
0.11303
0.12169
0.16935
0.22965
0.16931
0.094506
0.19536
0.26397
0.1958
0.31776
0.17523
0.23875
0.19089
0.13314
0.30704
0.074101
0.16389
0.20067
0.23639
0.1883
0.094476
0.11478
0.15212
0.17541
0.25314
0.15141
0.20375
0.17755
0.39312
0.24972
0.21564
0.1109
0.13691
0.25657
0.25455
0.175
0.50827
0.3121
0.24981
0.2541
0.24049
0.21481
0.20322
0.1899
0.25715
0.18679
0.1337
0.22275
0.12492
0.22709
0.18804
0.071209
0.14435
0.083857
0.29773
0.33621
0.22879
0.10256
0.24244
0.40067
0.22028
0.10611
0.18156
0.31193
0.29028
0.16101
0.30724
0.19981
0.18991
0.18391
0.21322
0.22195
0.16576
0.38655
0.12918
0.15844
0.15488
0.13516
0.1134
0.40843
0.22829
0.096921
0.35489
0.22873
0.31085
0.17887
0.14172
0.22404
0.26232
0.16881
0.15199
0.40251
0.16935
0.29371
0.20631
0.18753
0.24172
0.19849
0.14785
0.24524
0.24425
0.13332
0.2388
0.23361
0.12753
0.24819
0.15719
0.15703
0.29729
0.14932
0.27773
0.16706
0.18925
0.25526
0.25002
0.32678
0.17966
0.2199
0.22554
0.13683
0.23666
0.24654
0.12178
0.2562
0.33216
0.18339
0.1548
0.37145
0.16748
0.08789
0.31089
0.31347
0.091754
0.23353
0.13825
0.23692
0.13167
0.16514
0.2437
0.1679
0.49359
0.16745
0.25234
0.25981
0.16575
0.086317
0.18922
0.26906
0.15251
0.12299
0.2429
0.45125
0.35269
0.2664
0.2513
0.2104
0.19161
0.18101
0.16507
0.28058
0.16999
0.32329
0.25837
0.11773
0.27596
0.28709
0.31314
0.21539
0.24826
0.20864
0.15638
0.089555
0.14169
0.090429
0.11106
0.33844
0.25387
0.25107
0.2201
0.28759
0.1586
0.092306
0.13336
0.10497
0.10084
0.14853
0.22455
0.1824
0.24611
0.21658
0.24947
0.16106
0.14425
0.11494
0.14493
0.19078
0.17773
0.16126
0.1278
0.26169
0.25893
0.37562
0.19524
0.19354
0.29567
0.17138
0.23385
0.14249
0.11344
0.22488
0.20949
0.24971
0.13333
0.27995
0.25578
0.37737
0.41311
0.15816
0.17942
0.15514
0.18734
0.21102
0.14207
0.23482
0.22285
0.20203
0.13289
0.30767
0.23601
0.16606
0.2716
0.22574
0.29989
0.17166
0.155
0.21571
0.17909
0.15404
0.31624
0.097801
0.22087
0.22848
0.16926
0.35403
0.083425
0.1362
0.097893
0.15151
0.34778
0.14782
0.25124
0.15904
0.12361
0.20303
0.15448
0.21209
0.20744
0.11818
0.21498
0.074005
0.15364
0.26396
0.11492
0.15596
0.39777
0.14703
0.11835
0.12857
0.18422
0.26975
0.25171
0.22977
0.047019
0.232
0.20692
0.32309
0.23838
0.14903
0.25622
0.1684
0.36715
0.14736
0.31197
0.22643
0.19468
0.26584
0.12743
0.19605
0.32764
0.23949
0.1551
0.30618
0.2364
0.14727
0.27622
0.25236
0.13462
0.29184
0.26391
0.31381
0.08546
0.15524
0.2164
