0.56116
1.1241
0.3545
0.2878
0.11915
0.95114
0.72355
0.18466
0.81553
0.21183
0.92698
0.20302
0.051357
0.21468
0.098261
0.10019
0.11395
4.8637
0.61025
0.36098
0.37572
0.27501
0.27203
0.7397
0.3604
3.4204
2.0008
2.6104
0.95607
0.17634
0.51494
0.10627
0.32724
1.1143
0.24456
0.20598
0.18727
0.49501
0.20562
0.4866
2.8185
0.61495
0.27193
0.42114
0.090877
0.96231
1.1002
0.12827
0.25653
0.34799
0.40325
0.058981
0.69119
0.61334
1.387
0.29875
0.22688
0.55525
0.25643
1.0739
0.23761
1.5498
0.032388
0.60512
0.47458
0.44662
0.51898
0.50555
0.28679
1.0171
0.7203
0.4033
0.70266
0.35289
0.10095
0.20955
0.73858
1.2139
0.22712
0.20126
0.28685
0.14395
0.17658
0.14054
0.19403
0.46241
0.51227
1.3712
0.31022
0.60155
0.24793
1.8134
0.10612
0.17421
0.14432
0.077703
0.81191
0.66096
0.79073
0.35084
0.15289
1.0169
0.47086
0.39168
0.66647
0.17783
3.3942
0.12754
0.1596
0.65391
0.26253
0.4811
0.17692
0.17104
0.67619
1.2666
1.0153
0.15283
0.70982
0.77026
0.27064
0.4656
1.0907
0.19973
0.20438
0.14722
0.095812
0.9995
3.3383
0.21003
0.82995
0.76612
0.59212
0.78925
0.79372
0.31279
0.15801
0.58738
1.3914
0.20855
0.57532
0.7899
0.066155
1.4668
0.87991
0.42059
0.29768
0.47412
0.3733
0.45848
0.43484
0.58954
0.18209
1.1462
0.3113
0.74206
0.90197
0
0
0
0
0
0
0
0
0
0
0
0
0
0
0
0
0
0
0
0
0
0
0
0
0
0
0
0
0
0
0
0
0
0
0
0
0
0
0
0
0
0
0
0
0
0
0
0
0
0
0
0
0
0
0
0
0
0
0
0
0
0
0
0
0
0
0
0
0
0
0
0
0
0
0
0
0
0
0
0
0
0
0
0
0
0
0
0
0
0
0
0
0
0
0
0
0
0
0
0
0
0
0
0
0
0
0
0
0
0
0
0
0
0
0
0
0
0
0
0
0
0
0
0
0
0
0
0
0
0
0
0
0
0
0
0
0
0
0
0
0
0
0
0
0
0
0
0
0
0
0
0
0
0
0
0
0
0
0
0
0
0
0
0
0
0
0
0
0
0
0
0
0
0
0
0
0
0
0
0
0
0
0
0
0
0
0
0
0
0
0
0
0
0
0
0
0
0
0
0
0
0
0
0
0
0
0
0
0
0
0
0
0
0
0
0
0
0
0
0
0
0
0
0
0
0
0
0
0
0
0
0
0
0
0
0
0
0
0
0
0
0
0
0
0
0
0
0
0
0
0
0
0
0
0
0
0
0
0
0
0
0
0
0
0
0
0
0
0
0
0
0
0
0
0
0
0
0
0
0
0
0
0
0
0
0
0
0
0
0
0
0
0
0
0
0
0
0
0
0
0
0
0
0
0
0
0
0
0
0
0
0
0
0
0
0
0
0
0
0
0
0
0
0
0
0
0
0
0
0
0
0
0
0
0
0
0
0
0
0
0
0
0
0
0
0
0
0
0
0
0
0
0
0
0
0
0
0
0
0
0
0
0
0
0
0
0
0
0
0
0
0
0
0
0
0
0
0
0
0
0
0
0
0
0
0
0
0
0
0
0
0
0
0
0
0
0
0
0
0
0
0
0
0
0
0
0
0
0
0
0
0
0
0
0
0
0
0
0
0
0
0
0
0
0
0
0
0
0
0
0
0
0
0
0
0
0
0
0
0
0
0
0
0
0
0
0
0
0
0
0
0
0
0
0
0
0
0
0
0
0
0
0
0
0
0
0
0
0
0
0
0
0
0
0
0
0
0
0
0
0
0
0
0
0
0
0
0
0
0
0
0
0
0
0
0
0
0
0
0
0
0
0
0
0
0
0
0
0
0
0
0
0
0
0
0
0
0
0
0
0
0
0
0
0
0
0
0
0
0
0
0
0
0
0
0
0
0
0
0
0
0
0
0
0
0
0
0
0
0
0
0
0
0
0
0
0
0
0
0
0
0
0
0
0
0
0
0
0
0
0
0
0
0
0
0
0
0
0
0
0
0
0
0
0
0
0
0
0
0
0
0
0
