2.6628
3.7068
2.3611
2.4729
3.0273
2.9762
2.5346
3.2542
2.2031
1.994
2.3801
2.8311
2.7813
2.5795
2.2355
2.5743
3.0417
2.8101
2.0711
2.2558
2.4307
2.0293
2.5383
2.6948
2.1389
2.8629
2.6354
2.3604
2.528
2.646
2.3624
2.5178
2.6329
2.9667
2.1503
2.9619
2.7179
2.0037
2.6269
2.6819
1.8909
2.4809
2.5879
2.4431
2.8145
3.5134
2.4155
2.7458
3.0796
2.6128
2.2693
2.7877
2.5005
2.0656
2.6338
2.7609
2.3371
2.606
2.6741
2.3266
3.0299
2.2928
2.3883
1.9564
2.4693
2.2107
2.1721
2.8069
2.4653
2.4562
2.0226
2.4316
2.5939
2.4597
2.493
2.0974
2.6494
2.6079
2.6822
2.0861
2.3909
2.3884
2.6222
1.99
2.2755
2.5963
2.8417
2.3778
2.45
3.0922
2.8743
2.2887
3.5218
2.3612
2.3119
2.0127
2.0571
2.6003
3.4886
3.1344
2.6301
2.6748
2.9911
2.9367
3.001
2.4763
2.5014
3.2654
2.2256
2.3463
3.2496
2.2871
2.7443
2.4795
2.1901
2.106
2.5189
2.5488
3.0684
2.2305
1.8078
2.6794
2.5986
2.8398
2.886
2.0458
2.4003
2.7427
2.3374
3.0484
3.1341
3.7624
2.9257
2.6249
2.7539
2.542
2.538
2.1198
2.336
3.0115
2.2419
2.3897
2.6363
2.4927
2.8487
2.419
2.0669
2.965
3.138
2.3237
2.4086
2.4871
2.205
1.9846
2.4106
2.5295
2.5687
2.6631
2.862
2.5208
2.4457
2.2667
2.4216
2.4072
3.5601
2.7521
2.0418
2.1711
2.6529
2.4431
3.39
2.4827
2.705
2.5849
2.095
2.8798
2.2757
2.031
2.3163
2.6067
2.3676
2.0609
2.3039
3.0499
2.5067
2.1023
2.1525
2.6504
3.3158
2.0092
2.6116
2.2468
2.0922
2.163
2.7616
2.4151
2.6308
2.8144
2.9044
2.7086
2.1154
2.635
2.3176
2.3433
2.5132
3.0905
1.719
2.9345
2.2596
2.5313
2.2927
3.1872
2.3275
2.0108
2.008
2.1431
2.6422
3.0617
2.4385
2.8667
2.4155
1.947
2.7567
2.6693
2.7917
2.4851
2.756
3.3334
2.126
2.5205
3.434
2.9604
2.739
3.2449
3.3386
3.2192
2.0916
2.1081
2.2458
2.8279
2.1315
2.4669
2.8916
2.5902
2.6
2.126
2.2804
1.8886
2.8575
2.6984
3.0794
2.271
2.4094
2.6865
2.8878
3.0263
1.9783
2.6031
3.3587
2.4606
3.0037
2.2053
2.8997
2.2018
2.2529
2.4626
2.7727
2.8313
2.9071
2.1696
3.258
2.7823
3.8071
2.7245
2.6869
2.0325
2.609
2.673
2.441
3.1809
2.8586
2.1668
1.8238
2.3011
2.2606
2.3119
2.3465
2.9326
1.8193
2.7685
3.0312
2.9737
2.1605
2.3135
2.8055
2.5086
2.4973
2.1187
2.8811
2.0127
1.9675
3.2985
2.4237
3.1389
2.7678
2.8888
2.5082
2.3381
2.0865
3.0534
2.4454
2.2917
2.1722
2.8707
2.7155
2.8679
2.7322
2.2861
2.5038
2.279
3.1931
2.1833
3.0057
2.0396
2.4588
2.2659
3.0053
2.1217
2.4441
2.6416
3.2732
2.4741
2.4319
2.5281
2.4115
2.2042
3.1392
2.5181
2.6904
2.0221
2.1663
2.7294
2.1368
2.3284
2.2103
2.5255
3.0693
2.0645
2.2846
2.7095
2.2496
2.3463
2.2421
2.1231
2.4969
2.2316
2.4624
2.065
2.956
2.4977
1.8787
2.7305
2.4474
2.7604
3.3712
2.5034
2.3844
2.7217
2.3927
2.7764
2.4316
2.507
2.9016
2.0557
3.3848
3.073
2.6422
2.4142
2.429
2.7037
3.1255
2.2371
1.8898
2.3085
2.9838
2.3447
3.573
2.4328
2.983
3.1534
2.6483
2.6027
2.0973
2.4964
2.5792
2.8921
2.6884
2.3898
2.7731
2.2596
2.7315
2.1288
3.038
3.2184
2.4275
2.6587
2.3849
2.2041
2.091
2.6381
2.5624
2.3209
2.3128
2.445
2.3044
2.5659
2.3566
2.6852
2.6738
2.3629
3.1855
2.3779
2.208
2.4699
2.2108
2.594
2.3828
2.1042
2.4237
2.4003
2.7193
2.8019
2.2791
2.0701
3.1717
3.4973
1.8666
2.3959
2.4898
2.7691
2.4019
3.0966
2.8658
1.7784
2.1344
2.4356
2.6647
2.8432
2.6074
2.3528
2.2699
2.4215
2.4483
2.5247
2.5048
2.9311
3.4116
2.6033
2.6819
2.7334
3.0203
2.8804
3.1491
2.8121
2.5247
2.032
2.4364
2.6167
1.9968
2.0143
2.1962
2.6116
2.7222
2.3171
2.0957
2.5715
2.4665
2.5001
2.7858
2.3529
2.7136
2.8996
2.3991
2.5437
1.9745
3.0016
2.3217
2.1806
2.5356
3.2746
2.4149
2.5413
2.3804
2.4684
2.5847
1.6815
2.3843
2.7139
2.8388
2.1285
2.7091
2.3685
2.8106
2.2671
2.4563
2.8732
2.9216
2.2108
2.1727
2.4434
2.3079
2.2784
2.7235
2.7353
2.0864
2.1293
2.3937
2.8037
2.5009
2.9954
2.6412
2.6924
3.1644
2.3646
2.3323
2.3438
2.2043
2.3839
1.9861
2.883
1.9962
2.6297
1.8546
2.8952
2.0491
2.576
2.3239
2.3409
2.5564
2.77
2.6099
2.187
2.1999
2.3434
2.8581
2.4323
2.9126
2.7213
2.8593
2.3389
2.2442
3.1427
2.4805
2.7995
2.6813
2.7462
2.7956
2.7446
2.5615
2.3594
2.0626
2.4934
2.5931
2.7531
2.8266
3.5628
2.9244
2.3861
2.5096
2.5147
2.3549
2.1748
2.7092
3.1155
2.4008
2.3823
2.4298
2.7151
2.3511
2.4253
2.5856
2.5327
2.1351
2.282
2.3071
2.4625
2.8609
2.5586
3.0102
2.8109
2.3506
2.4927
1.9585
1.7825
2.2074
2.5182
1.9856
2.5703
2.8976
2.6471
2.7673
2.7037
2.8428
3.174
2.4613
3.0098
2.9828
3.3259
2.1929
2.3679
2.7059
2.5118
3.0679
2.5702
2.2909
2.6093
2.3181
2.1454
1.917
2.3033
2.4215
2.7007
2.4443
2.1774
2.6104
2.3752
2.5817
1.928
2.1277
2.4098
2.7077
2.5785
2.9098
2.134
2.4736
2.3891
2.6622
2.1186
2.0669
3.3051
2.3674
2.8023
2.6983
2.0994
3.1685
1.8134
2.3415
2.5176
2.8256
2.2485
2.7379
2.8569
2.8562
2.917
2.716
3.3492
2.5084
3.2298
2.6646
2.3441
2.2948
2.9163
2.5745
2.1464
2.6677
2.0169
2.8274
2.8702
2.2414
2.5955
2.5788
2.3221
2.7691
2.5878
2.2047
2.0292
2.3828
2.9167
2.7783
2.379
2.3221
2.6237
2.7793
2.5565
2.736
2.4103
2.2903
2.2967
2.4025
2.9381
3.0884
2.2824
2.2207
2.4916
2.9978
2.6013
2.5816
2.1134
2.0646
2.7562
3.0464
2.978
2.7326
3.1293
2.5817
3.0345
2.5851
1.7138
2.6872
3.2212
3.2267
2.7944
2.3811
3.3544
2.4536
2.7997
2.3455
1.9607
2.5199
2.4375
2.5247
2.7899
2.6083
2.3049
2.4685
2.8808
2.6624
2.534
3.0151
2.3794
2.5922
2.1437
2.7272
2.5697
2.7136
2.8169
2.6831
2.1128
2.2039
2.2525
2.0212
2.8652
2.2137
2.8595
2.9132
2.6083
2.6361
2.1206
2.8821
2.6275
