39.871
16.622
3.6613
6.6775
20.088
36.687
7.6305
1.4187
14.159
61.053
16.091
7.6858
17.612
34.466
13.041
3.0255
3.6834
10.373
3.0881
3.6901
17.061
33.266
12.47
30.917
5.4413
23.918
3.9905
5.0182
13.32
1.4074
20.952
2.6965
9.6464
6.0668
8.047
8.7256
4.2359
13.888
20.606
9.8684
13.003
18.615
7.1133
10.106
6.0224
14.723
27.388
8.7803
15.124
12.987
8.9368
2.7881
8.1892
17.124
12.131
22.398
3.9053
22.596
2.3413
8.0745
11.703
8.4335
5.9896
15.109
6.8883
4.0398
41.757
2.2221
3.6495
19.931
8.8303
7.3501
3.4399
8.3251
5.4537
28.425
12.289
6.4454
8.7998
5.4522
3.209
7.6339
27.062
10.293
3.2035
5.4562
61.027
18.672
16.039
12.829
2.8766
11.907
14.031
18.954
28.903
26.77
30.425
10.914
4.9493
5.7864
5.667
27.771
16.976
10.378
6.2277
19.644
12.482
6.4708
7.2951
9.2016
4.3343
2.9097
4.6446
6.2171
13.289
14.618
15.64
17.537
11.741
21.918
9.6374
6.9114
3.3705
22.744
7.205
1.6095
27.795
24.075
13.326
19.364
5.7915
5.157
10.32
4.2048
4.3641
5.3501
11.484
10.56
53.139
7.5987
4.6769
12.375
33.426
5.8095
1.6954
8.5871
8.1617
2.4593
0.90758
9.4952
24.915
16.751
12.668
13.735
12.192
13.404
20.354
19.815
31.792
3.8895
9.7934
8.2721
3.3067
13.221
12.232
22.155
0.87007
41.778
90.656
13.511
6.2161
18.766
1.703
6.942
4.7298
17.398
1.7553
10.882
8.366
7.4242
4.347
20.553
4.6698
15.697
12.826
7.1335
6.8551
13.958
2.6963
9.9075
3.569
9.0405
8.6046
19.225
44.824
16.324
1.916
7.7477
6.3427
6.8751
4.4451
3.8431
3.1931
12.198
10.932
5.3053
5.1499
5.4134
2.3787
28.409
22.875
6.107
3.4823
6.2698
12.823
22.683
18.722
7.4123
3.6656
3.8559
3.967
14.93
18.481
8.0321
8.5667
7.544
40.879
8.2649
23.246
9.53
21.059
13.243
3.2888
1.1817
3.7013
5.5135
2.7572
13.951
5.4333
1.7199
3.0686
13.465
7.5451
35.729
7.8639
4.7571
3.3165
8.5986
0.54389
3.1664
2.8391
17.733
3.0327
4.2917
5.5292
8.6059
26.947
43.595
19.276
4.575
7.1609
5.6601
47.371
3.9063
7.0441
16.422
41.015
11.979
85.133
23.379
0.47014
21.113
4.8385
3.0904
9.9163
7.4184
16.063
1.658
7.6103
6.7566
19.359
23.668
5.8622
18.127
3.5954
12.433
3.6443
7.9798
3.3331
8.6074
1.909
6.0953
13.877
14.194
3.7582
9.1639
7.371
6.846
15.292
5.623
1.6216
5.5359
5.6273
35.385
9.9342
4.1556
4.4304
31.841
13.786
12.578
4.8659
10.753
5.775
7.1426
5.3283
6.5828
3.5011
10.717
0.5267
23.807
4.185
11.576
22.476
26.248
3.9845
4.5212
2.0196
7.1995
25.694
38.03
10.285
13.183
5.3194
18.587
16.4
2.058
5.3631
18.349
9.984
14.523
28.526
51.739
9.5151
7.3218
10.296
8.6177
4.8597
4.9009
3.6954
4.7409
1.4244
14.011
2.2935
6.8651
22.399
18.882
6.4416
3.4848
19.374
14.932
1.7062
6.1691
1.1486
10.117
4.6439
2.2574
5.638
2.6374
4.7531
19.724
3.8714
18.277
8.7402
13.463
16.149
3.5485
13.165
2.6209
7.4978
8.1723
10.231
5.2026
5.6541
15.972
15.542
10.222
6.2179
38.317
3.9544
6.7643
1.1284
5.3468
13.514
7.9846
3.8937
4.3981
14.624
10.979
6.2145
37.951
22.623
5.2158
7.8211
5.6429
25.623
36.093
12.022
1.864
3.8004
3.2318
12.24
15.947
9.6171
3.7659
5.8421
73.952
18.646
1.1675
6.9974
23.407
6.5501
9.5062
19.512
17.145
48.182
39.646
7.197
12.221
0.61613
18.859
19.623
8.4247
4.4633
15.249
8.0749
12.154
5.7835
11.419
8.5624
7.4448
24.122
3.997
6.261
25.45
9.3846
8.438
29.569
21.054
4.1639
6.7943
12.126
3.7988
6.6133
14.974
4.3271
1.0673
2.8826
15.512
21.51
4.3192
2.2971
5.3001
4.1211
15.968
3.8958
10.615
2.1687
3.4117
6.9577
36.684
5.638
9.2254
6.0707
13.856
17.229
6.1088
16.901
6.6299
8.0928
3.433
18.659
4.9613
20.902
0.96426
4.6216
12.87
43.154
3.452
10.13
9.1606
6.7793
1.8175
8.5633
5.57
6.4558
5.2531
3.5789
10.517
13.143
2.2894
26.166
7.4092
5.4542
11.944
16.537
5.3908
4.5274
11.373
5.0193
10.256
56.33
16.602
9.3344
15.442
18.334
16.858
4.1623
9.6185
19.239
5.7425
8.4812
8.0096
15.775
14.134
6.7609
11.637
37.302
5.0797
23.851
5.4802
47.579
2.5845
8.9467
5.4103
1.2741
9.7461
15.421
6.8569
3.4773
2.508
3.8333
8.389
23.171
7.0455
3.1056
17.65
10.138
80.546
5.7178
3.9131
5.6792
8.0308
16.601
20.055
8.7543
25.422
5.5232
14.875
31.295
3.4057
2.86
15.8
3.1685
7.7499
13.087
17.486
6.4335
4.3104
9.7875
34.217
4.7062
7.9265
3.2159
5.2886
3.9984
4.9208
16.369
64
7.0107
7.7161
17.717
10.591
7.6825
1.2953
8.5348
1.5584
22.501
11.408
4.5889
7.2316
3.7748
15.731
8.4957
4.9429
6.0964
23.799
8.6784
6.3027
43.73
7.1896
7.1785
6.5805
2.3015
5.0015
1.6418
10.908
29.812
3.8916
9.3195
7.6696
4.3173
7.3322
19.078
9.0428
13.7
8.409
2.311
2.433
4.0793
10.698
18.687
3.2506
3.8357
4.4642
21.213
6.1666
6.9056
24.2
4.5228
3.2554
8.3429
8.6106
10.023
5.667
11.388
17.622
19.872
12.814
3.6413
18.185
3.3995
68.013
5.4544
3.5353
5.2441
31.051
5.6835
3.549
5.3391
1.3945
5.1324
15.271
3.9612
4.4117
1.7734
19.137
4.8393
3.555
2.1914
10.403
2.6997
5.3152
2.5284
13.359
1.8731
2.7097
2.4811
2.2991
7.471
1.8148
12.686
11.896
45.932
13.306
6.2612
16.714
6.1359
24.936
2.235
4.5186
15.526
5.1939
3.367
7.9881
8.3504
3.8573
2.5395
2.5123
3.1927
5.4871
8.6329
0.93192
4.2779
11.004
3.8181
9.1201
5.8053
13.266
3.0215
6.1904
24.786
19.727
0.89135
12.581
11.561
31.282
17.172
2.0358
6.9315
18.638
18.63
8.0959
3.4759
1.3636
2.3399
3.7205
6.1037
5.5752
2.5658
6.7353
9.5554
45.433
9.2947
8.2365
7.9008
6.117
30.836
10.973
24.189
35.449
55.912
19.088
5.0496
1.5662
33.898
11.259
4.9035
9.8788
27.303
14.292
10.76
4.177
7.9771
14.16
1.8232
6.2603
2.6364
17.86
4.6715
3.6948
