4.2828
3.1771
3.6466
4.3721
4.3928
4.0894
3.9439
3.638
4.0286
3.9364
4.4445
3.9215
3.3525
3.8922
3.936
3.8907
4.27
3.5246
3.868
3.7411
4.7465
3.5052
4.0193
5.3025
3.9826
4.4067
4.0744
3.3159
4.5823
4.0834
3.9619
4.3353
4.9357
3.2032
3.8878
4.7427
3.698
3.9669
4.2012
3.9086
3.7297
4.0406
3.4797
4.4091
3.7157
4.6077
4.297
3.6772
4.0839
3.7137
3.6795
4.1179
3.2243
4.4361
4.2687
3.6863
3.9154
3.4953
3.8071
4.3428
4.4085
5.3253
3.6185
4.2764
3.8435
3.7666
3.8083
3.978
3.797
4.6605
3.6145
3.4877
4.4947
3.569
3.7742
3.8376
3.6623
4.1137
4.345
4.1352
3.8183
3.9842
4.2104
4.105
4.0338
3.6731
3.8833
4.6853
3.9144
3.4364
4.083
3.6005
3.7239
3.6562
3.5197
3.7778
4.0141
4.4562
4.0185
4.3677
4.1879
3.8222
3.8391
3.6354
4.0106
3.4877
4.0809
4.0031
3.7943
4.3573
3.6535
4.3494
4.2565
4.1881
4.4026
3.6576
4.2956
4.4437
4.5558
4.1385
3.6839
4.3818
4.8584
4.1017
3.9613
4.4731
3.5447
3.8083
3.599
3.2842
3.8937
4.1257
3.455
4.3995
4.1621
4.1609
3.6127
3.4295
3.2624
3.7622
4.4445
4.3646
3.2976
4.6972
3.6967
4.0158
3.6568
4.3328
3.6652
4.3092
3.3679
4.1792
3.8415
3.6596
4.2359
4.1627
3.9167
3.9283
4.346
3.7615
4.741
4.297
4.1707
4.2949
3.8383
4.3041
3.7913
3.8081
4.1522
3.7705
3.6525
4.0898
4.4012
3.6063
4.085
3.7129
4.5
4.4983
3.8511
4.2937
3.7637
3.9983
4.1123
3.9058
4.3063
3.86
4.226
3.9318
3.8576
4.4324
4.1476
3.9832
5.0507
4.5397
4.5016
3.8023
4.5655
3.9758
4.3923
4.122
4.2065
3.5806
3.9008
4.3179
3.7191
4.1376
3.8154
5.0866
3.6108
3.8087
4.0207
4.1521
4.125
3.6685
4.3023
3.5752
4.0575
4.7211
3.6029
4.02
3.6752
3.7029
4.027
3.4947
4.0477
3.4901
3.7362
3.9943
3.886
3.8946
4.0384
3.8046
3.7054
4.0373
3.9559
4.1319
4.3607
3.5974
3.7933
4.2162
4.097
4.1411
4.9197
3.7944
3.4452
3.8235
3.8124
3.8298
3.9892
3.9618
4.0141
3.4714
4.4492
4.4874
4.0586
3.4789
4.2258
4.0993
4.0415
3.98
3.9957
4.4339
3.8332
3.5005
3.794
4.0802
3.615
4.2726
3.948
4.1366
3.7044
4.6287
4.6653
3.6058
4.0167
3.7481
3.6827
3.6175
3.5705
4.0327
4.3115
4.604
4.0678
3.4562
3.8142
3.8246
4.3987
4.0302
3.7676
3.5581
4.036
4.459
4.7206
4.2428
3.5555
3.9913
4.7875
3.9287
4.3117
3.6054
4.6118
3.4948
3.8966
3.9087
3.6066
4.7906
4.1084
4.3166
3.8735
4.0586
4.162
4.0895
3.6762
5.3858
4.1702
4.1531
3.6493
3.8327
3.5679
4.2689
3.377
3.2988
3.5927
3.8252
3.733
3.6532
3.8717
4.0559
4.212
4.4212
3.9784
4.2622
4.0797
4.102
4.1488
4.4811
3.6359
4.0538
3.8881
4.0862
3.5278
3.7515
4.0329
3.8649
4.0897
3.7673
4.1874
4.0494
4.2227
4.3765
3.6875
4.5768
3.7062
3.9083
3.9238
3.5625
3.7783
4.6211
4.1003
4.4255
4.0833
4.2993
3.994
3.7912
4.0194
4.498
4.0481
4.3231
3.4469
4.049
3.7292
3.9385
4.0232
4.6068
3.9921
3.6636
4.2065
3.7666
3.6715
4.3242
3.5678
4.2519
3.9041
4.0481
3.7327
3.7411
3.6672
3.8592
4.7089
4.0794
4.0655
4.3125
4.5672
3.5878
3.7606
3.8182
3.8753
3.9232
3.9972
3.8863
3.9054
3.4157
3.9174
3.6101
4.1798
3.7819
3.7929
4.0721
4.1917
3.7795
3.5154
4.1187
3.7726
3.7734
3.6036
3.7777
3.9458
3.8058
4.0281
3.6901
4.5438
3.8222
3.3681
3.9927
4.059
4.3285
3.9782
3.6671
4.7257
3.9017
3.9523
4.144
3.9712
3.6473
3.9573
4.0404
4.1007
4.3364
3.5016
3.8013
4.6323
3.8942
3.9349
3.6896
3.5826
4.6519
3.9564
3.6897
4.733
3.7205
3.4509
4.1623
3.4804
3.6666
4.3017
4.5917
3.6891
4.2323
4.7079
3.8599
3.4637
3.6766
4.068
3.6941
3.6543
3.8327
3.8725
4.1573
4.4881
3.8739
3.4881
4.242
3.8084
4.1622
3.8761
4.1908
4.8582
3.6711
3.974
4.0994
4.3423
4.0007
4.0994
5.091
3.6914
4.6104
4.1204
4.5734
3.7792
4.466
4.2697
4.2017
3.8043
3.7625
3.6761
4.3669
4.0571
4.4279
3.9648
4.2078
3.6869
4.0055
4.4019
3.6399
3.3654
4.4738
4.198
4.1445
5.1419
3.795
3.6982
3.9705
3.9936
3.644
4.115
4.383
3.65
4.1277
4.0283
4.257
4.351
3.6059
4.2701
4.3457
4.129
4.3443
4.204
4.2327
3.8771
3.6352
3.9459
4.5042
4.2453
4.0652
3.8697
4.4251
3.8717
4.5228
4.0337
3.9834
3.921
3.6382
3.1534
3.9081
4.5372
4.3615
4.1453
4.4032
4.1875
4.9672
4.0107
4.1325
3.2162
4.112
3.8095
4.4682
4.0659
4.4929
3.7704
4.4888
3.8327
3.5599
4.1649
4.3765
4.0054
4.2141
3.7508
4.4696
3.797
3.8851
4.0761
4.2046
3.6131
3.7769
4.2319
4.0022
3.6692
4.5423
3.8898
4.037
4.3956
4.2152
3.9831
4.0978
4.8898
3.8624
4.3821
3.5619
3.8578
3.3979
3.5707
3.9046
3.5124
3.38
3.837
3.7091
3.7942
4.0543
4.0382
3.9832
3.8844
4.5111
3.8351
3.5314
3.5798
3.698
4.2538
3.8166
4.2894
3.6289
4.668
4.218
4.0436
3.7403
3.9635
3.8465
3.7463
3.9065
4.202
4.3118
4.408
4.4464
3.5221
4.1566
3.857
3.9083
3.9489
5.0155
4.1809
4.3019
4.3266
3.5376
4.1088
4.1071
3.9258
3.8535
4.1843
4.0033
4.3687
3.8754
3.9679
4.4038
4.2252
4.498
4.5218
3.6616
4.0888
4.561
3.9559
3.8003
3.8651
4.3061
4.4359
3.9361
3.6068
3.6065
3.5671
4.0512
3.9687
3.9315
3.9858
3.9679
4.2185
4.2019
4.2711
4.7013
3.432
4.1555
3.9603
3.5784
3.8677
3.7142
4.7325
4.4437
4.0724
3.5334
4.0156
2.7195
4.3696
3.6266
3.3278
4.2489
3.7311
3.8532
4.0352
4.1401
3.9679
3.7172
4.3621
3.7539
4.099
3.802
4.2892
4.0858
3.9322
3.5098
3.7522
3.9011
3.9653
4.2321
5.2315
4.3516
4.1673
3.9005
4.6073
3.9564
4.1186
4.4497
4.3147
4.3002
4.0711
3.2961
4.3389
3.2634
3.5839
4.367
4.2262
3.2823
4.2654
4.5885
4.0142
3.438
4.2743
3.9986
3.942
3.9743
4.321
3.7837
3.8342
3.544
3.8642
3.5356
4.6791
4.2482
3.7526
3.6997
3.8428
3.7746
3.8241
4.2079
4.1441
4.034
3.7537
4.0181
4.7999
3.9756
3.777
4.627
4.1729
3.9235
