6.3278
5.5713
5.7061
5.2036
6.7824
5.6666
6.7215
6.9283
6.338
6.147
6.5315
5.3221
5.8577
5.7458
6.7873
6.5775
6.6722
4.7716
5.4495
5.2853
5.3605
6.8432
5.9046
6.7482
6.0743
5.6237
5.0638
7.0386
5.9682
4.3326
4.7819
6.2513
5.8488
7.0944
5.2443
7.3852
4.6468
6.1682
5.7658
5.7662
5.093
6.5672
4.7611
6.8632
6.4948
6.4012
5.4171
6.4466
6.4955
5.7974
5.9992
2.1993
5.9627
4.9042
5.7563
6.6845
5.8767
6.3178
7.2907
6.4765
6.7398
6.7174
5.7216
6.0369
5.9421
6.0234
6.1531
5.7788
5.9054
6.6918
6.1643
5.8903
5.2873
5.569
5.0054
5.9449
6.37
7.2691
7.1408
5.4699
6.3242
6.6604
6.4979
5.4713
7.3076
5.5738
5.7327
6.6853
6.2267
6.5682
6.3535
6.5558
5.2474
5.9337
5.7725
4.9768
6.5654
6.47
6.8566
4.7965
5.4406
7.0612
4.6526
4.6514
6.2789
5.6593
6.5309
5.7991
5.7021
4.8329
5.4603
6.6779
5.612
6.4641
5.9022
5.3481
6.1339
5.6541
6.136
5.7854
6.204
5.7812
5.5952
5.3246
6.3826
5.6528
6.0584
6.7511
6.8116
5.8763
5.4963
5.3745
6.3106
4.4967
6.007
6.4127
6.2168
5.4257
6.3938
5.8002
5.1823
6.0505
6.4815
5.9816
6.6156
5.9881
5.9015
5.5264
6.6537
6.161
6.8981
6.2914
6.4764
5.5347
6.5757
4.4279
5.901
0
0
0
0
0
0
0
0
0
0
0
0
0
0
0
0
0
0
0
0
0
0
0
0
0
0
0
0
0
0
0
0
0
0
0
0
0
0
0
0
0
0
0
0
0
0
0
0
0
0
0
0
0
0
0
0
0
0
0
0
0
0
0
0
0
0
0
0
0
0
0
0
0
0
0
0
0
0
0
0
0
0
0
0
0
0
0
0
0
0
0
0
0
0
0
0
0
0
0
0
0
0
0
0
0
0
0
0
0
0
0
0
0
0
0
0
0
0
0
0
0
0
0
0
0
0
0
0
0
0
0
0
0
0
0
0
0
0
0
0
0
0
0
0
0
0
0
0
0
0
0
0
0
0
0
0
0
0
0
0
0
0
0
0
0
0
0
0
0
0
0
0
0
0
0
0
0
0
0
0
0
0
0
0
0
0
0
0
0
0
0
0
0
0
0
0
0
0
0
0
0
0
0
0
0
0
0
0
0
0
0
0
0
0
0
0
0
0
0
0
0
0
0
0
0
0
0
0
0
0
0
0
0
0
0
0
0
0
0
0
0
0
0
0
0
0
0
0
0
0
0
0
0
0
0
0
0
0
0
0
0
0
0
0
0
0
0
0
0
0
0
0
0
0
0
0
0
0
0
0
0
0
0
0
0
0
0
0
0
0
0
0
0
0
0
0
0
0
0
0
0
0
0
0
0
0
0
0
0
0
0
0
0
0
0
0
0
0
0
0
0
0
0
0
0
0
0
0
0
0
0
0
0
0
0
0
0
0
0
0
0
0
0
0
0
0
0
0
0
0
0
0
0
0
0
0
0
0
0
0
0
0
0
0
0
0
0
0
0
0
0
0
0
0
0
0
0
0
0
0
0
0
0
0
0
0
0
0
0
0
0
0
0
0
0
0
0
0
0
0
0
0
0
0
0
0
0
0
0
0
0
0
0
0
0
0
0
0
0
0
0
0
0
0
0
0
0
0
0
0
0
0
0
0
0
0
0
0
0
0
0
0
0
0
0
0
0
0
0
0
0
0
0
0
0
0
0
0
0
0
0
0
0
0
0
0
0
0
0
0
0
0
0
0
0
0
0
0
0
0
0
0
0
0
0
0
0
0
0
0
0
0
0
0
0
0
0
0
0
0
0
0
0
0
0
0
0
0
0
0
0
0
0
0
0
0
0
0
0
0
0
0
0
0
0
0
0
0
0
0
0
0
0
0
0
0
0
0
0
0
0
0
0
0
0
0
0
0
0
0
0
0
0
0
0
0
0
0
0
0
0
0
0
0
0
0
0
0
0
0
0
0
0
0
0
0
0
0
0
0
0
0
0
0
0
0
0
0
0
0
0
0
0
