0.0011759
0.0019817
0.0012446
0.0011815
0.0013611
0.0012311
0.0013827
0.0010881
0.0017554
0.0016751
0.0011995
0.001853
0.0017483
0.001163
0.0016941
0.001565
0.0013405
0.0017762
0.0016329
0.0010896
0.0018969
0.0012502
0.0011192
0.0011355
0.0009905
0.0015593
0.00098875
0.0012502
0.00082426
0.00095184
0.00084309
0.0010052
0.0017175
0.0011155
0.0012523
0.0016318
0.0022155
0.0018385
0.00096577
0.0012942
0.0010485
0.0014223
0.0020382
0.0012542
0.0016138
0.0021459
0.0028446
0.00087063
0.0011975
0.0017891
0.0015162
0.0012928
0.00091248
0.00087343
0.0013108
0.0018191
0.0013458
0.0012629
0.0014602
0.0015832
0.0013708
0.0013944
0.0013903
0.0011475
0.0012868
0.0021189
0.0014295
0.0011898
0.0010207
0.0015763
0.0015053
0.0018958
0.00082484
0.00066293
0.001329
0.0013485
0.0011062
0.0011069
0.0017687
0.00090407
0.0016836
0.0013689
0.0017405
0.0020997
0.0012674
0.0017716
0.0021198
0.0016797
0.0013033
0.00097439
0.0019393
0.0017974
0.0015943
0.0014278
0.0007596
0.0010939
0.0011121
0.0015158
0.0016474
0.00095398
0.0012193
0.0019451
0.0017753
0.0012613
0.0013236
0.00093634
0.0012793
0.0016623
0.001318
0.0014292
0.00111
0.0014133
0.0012971
0.0011297
0.0012976
0.0016211
0.0018097
0.0016056
0.0021072
0.0011583
0.0018227
0.0010404
0.00099063
0.00097019
0.0013475
0.001562
0.0013675
0.0015951
0.0019624
0.0016784
0.00056397
0.002007
0.0014984
0.0017112
0.0023786
0.00088221
0.0012159
0.0012144
0.00086296
0.0012528
0.0013949
0.0013557
0.0021412
0.0011924
0.0013576
0.0012411
0.0013321
0.00067941
0.0016301
0.0016359
0.0015248
0.0010896
0.0009615
0.0014013
0.0014966
0.0014709
0.00082462
0.0016525
0.0011586
0.0019349
0.0011364
0.0012124
0.0010815
0.0012191
0.0015907
0.00061798
0.0011761
0.0018784
0.0019042
0.0014649
0.0020261
0.0015936
0.001367
0.001083
0.0014935
0.0013708
0.0015422
0.0014364
0.0012225
0.0011813
0.0017556
0.0012335
0.0013981
0.0015031
0.0022985
0.002157
0.0013627
0.0018176
0.00094014
0.0012769
0.0014584
0.0010786
0.0016623
0.00086661
0.0013844
0.0015327
0.0018369
0.0025211
0.0014872
0.001916
0.0017502
0.0013715
0.0013983
0.0014521
0.0020615
0.0015719
0.00090774
0.0015577
0.00075021
0.001137
0.0010013
0.0009433
0.0015018
0.0014336
0.001174
0.00087497
0.0013182
0.0010161
0.0019415
0.00095824
0.0015179
0.0016397
0.00096612
0.0012328
0.0011913
0.0018912
0.0018436
0.001078
0.0019818
0.0016668
0.0010669
0.0017123
0.0014959
0.00073278
0.0013408
0.0015151
0.002007
0.0010462
0.0010675
0.00166
0.0027764
0.0010228
0.0010945
0.0013225
0.0011483
0.00081246
0.0016623
0.0014716
0.0016243
0.0018224
0.0012924
0.0012041
0.001345
0.00081357
0.0010671
0.0010058
0.0014474
0.0016331
0.0009485
0.0017529
0.0013681
0.0012834
0.0016673
0.00083746
0.0024675
0.0011044
0.0010278
0.0013814
0.0015408
0.001742
0.0017718
0.0019755
0.0017076
0.001196
0.0013182
0.0022238
0.0013212
0.0016049
0.0013024
0.0010726
0.0014645
0.0014504
0.0012741
0.0017109
0.00081376
0.0015988
0.0013488
0.0014606
0.0018788
0.0014483
0.001706
0.0009434
0.0027906
0.001039
0.0016563
0.00070486
0.0010658
0.0012584
0.0016938
0.0021188
0.0011612
0.0026437
0.0014049
0.001727
0.0021861
0.0013033
0.0012297
0.0009836
0.00094791
0.0016975
0.0010188
0.0016678
0.0015782
0.0011288
0.0011926
0.0015062
0.0017648
0.0012677
0.0018246
0.0014027
0.0011138
0.0012889
0.0012502
0.0019098
0.0012965
0.00097923
0.0017583
0.0013362
0.001796
0.001609
0.0019816
0.0019943
0.0011392
0.0015378
0.00088395
0.00093689
0.0011466
0.00093251
0.0017501
0.00098213
0.0011975
0.0013886
0.0019117
0.001659
0.00086934
0.0012862
0.0013621
0.0016297
0.0014303
0.0016943
0.0027769
0.0012509
0.0011921
0.0022035
0.0011449
0.0011483
0.00085425
0.0021254
0.0010781
0.0011213
0.0014397
0.0017238
0.0014407
0.0012576
0.0014904
0.0012654
0.0016133
0.0010719
0.002085
0.0016068
0.0016852
0.0013633
0.0013105
0.0020056
0.0019008
0.0010324
0.0013599
0.00076334
0.0018719
0.0013751
0.0015436
0.001733
0.00093177
0.0010914
0.0011332
0.0011863
0.0012177
0.0021705
0.0011649
0.00090498
0.00094004
0.002458
0.0015744
0.0019895
0.00082095
0.0012856
0.0014346
0.0020459
0.0012602
0.0013153
0.0014071
0.0020253
0.0012649
0.0013014
0.0012934
0.0010038
0.0011558
0.0013674
0.0010705
0.00092496
0.00080847
0.0014088
0.001666
0.001444
0.0018998
0.0013871
0.00098725
0.0016495
0.0014509
0.0012652
0.0011209
0.0015392
0.0015153
0.0020712
0.0013471
0.0008572
0.0011993
0.001119
0.001484
0.00092905
0.001364
0.0020499
0.0015003
0.0011806
0.0012715
0.0014328
0.0014591
0.0025636
0.0014423
0.0015957
0.0015235
0.0012839
0.00080488
0.001232
0.0016916
0.0013096
0.0019395
0.0013339
0.0015723
0.0011764
0.0012045
0.0018189
0.0012669
0.0011887
0.001265
0.0010842
0.0010938
0.00084155
0.0013478
0.0016877
0.0025114
0.0011677
0.001169
0.00096607
0.0012672
0.0026228
0.0012116
0.0011119
0.0014591
0.00067439
0.00088051
0.0016553
0.0010908
0.0013194
0.0013439
0.0017658
0.001203
0.0020364
0.00097998
0.0011702
0.00094385
0.0010118
0.00102
0.00070477
0.00097822
0.001503
0.001139
0.0019025
0.0012564
0.001482
0.0013007
0.0018933
0.0018804
0.0027707
0.0019318
0.0013083
0.0014678
0.0017696
0.0021438
0.0018048
0.00087513
0.001536
0.00086903
0.0014308
0.0007857
0.00068713
0.0016285
0.0012401
0.0016065
0.0019989
0.001568
0.00099847
0.0010376
0.0014838
0.0016856
0.0021916
0.001355
0.0010269
0.0014951
0.0011181
0.0010327
0.0016551
0.0011599
0.0021535
0.0015657
0.0016247
0.00096419
0.0012682
0.0011924
0.0017891
0.0010726
0.0015379
0.0010291
0.0012099
0.001186
0.0013114
0.00096722
0.0025722
0.0012776
0.0021318
0.0016626
0.0015121
0.0020425
0.0014301
0.0013601
0.0010305
0.0013829
0.00082888
0.0014833
0.0013373
0.0013031
0.0012054
0.0013832
0.00086578
0.0015643
0.0010037
0.0014664
0.00098907
0.0014326
0.0014108
0.0012834
0.0019314
0.0015428
0.0013812
0.0014695
0.0010725
0.0015386
0.0013302
0.0012563
0.0010588
0.0017923
0.0018587
0.0015302
0.0014325
0.00079132
0.0018168
0.0014369
0.0016844
0.0011247
0.0010254
0.0017936
0.0012401
0.00080081
0.0019442
0.0017343
0.00084053
0.0018569
0.0021413
0.0013683
0.0013929
0.0014533
0.00079779
0.0016744
0.0015835
0.0012223
0.0018983
0.001698
0.0010428
0.0011817
0.00082017
0.0018176
0.0010235
0.0017493
0.0013188
0.0012385
0.0015708
0.0015564
0.0013017
0.0015587
0.0021805
0.0014086
0.0011675
0.0016446
0.001257
0.0011777
0.0017302
0.0014395
0.0021755
0.0023629
0.0027155
0.000931
0.0010746
0.0015512
0.0012955
0.0017183
0.0011063
0.0018632
0.0012893
0.0021186
0.001768
0.0023259
0.00077007
0.001588
0.0013566
0.0016924
0.0015556
0.0013059
0.0019398
0.00078826
0.0022381
0.0018125
0.0010349
0.0017729
0.0021816
0.0016756
0.0019098
0.0018515
0.0010564
0.0012313
0.001156
0.0011102
0.001279
0.00073687
0.0010936
0.00086059
0.00095556
0.0011746
0.0015817
0.0014146
0.0013174
0.001581
0.00125
0.0016527
0.0013024
0.00087902
0.0016811
0.00084309
0.001374
0.0017294
0.00097839
0.0017346
0.0010094
0.0016855
0.0011737
0.00144
0.0015293
0.00077106
0.0013156
0.0012524
0.0010751
0.0013004
0.0041286
0.0015376
0.0023106
0.0013473
0.0015005
0.0018569
0.0017333
0.0010528
0.0017746
0.0010408
0.0020357
0.0015175
0.0013285
0.0009442
0.0014084
0.0013656
0.0013272
0.0022084
0.0012645
0.0014128
0.0012186
0.0016253
0.0016033
0.0012873
0.0010422
0.0012439
0.0013328
0.0022125
0.00088381
0.0013838
0.0011526
0.0016861
0.0014777
0.0018467
0.0013904
0.001077
0.0014758
0.0014268
0.0016323
0.0013727
0.0010689
0.0013836
0.0014055
0.0017094
0.0017782
0.00089516
0.00099796
0.0016352
0.0011467
0.0016924
0.0013028
0.0010737
0.0011509
0.0010653
0.0014264
0.00099839
0.0018976
0.0016372
0.0010097
0.0015085
0.0017135
0.0014916
0.00093958
0.0011691
0.0017936
0.0030117
0.0011107
0.0010746
0.0013796
