0.00017149
0.00011809
2.9178e-05
4.5649e-05
3.834e-05
6.2491e-05
7.4778e-05
7.1327e-05
0.00011539
4.1172e-05
0.00012126
7.0899e-05
1.4012e-05
2.5862e-05
3.7497e-05
5.0007e-05
0.00017954
3.6489e-05
4.3276e-05
1.8958e-05
7.1095e-05
3.1806e-05
2.8331e-05
8.2424e-05
3.3416e-05
8.6059e-05
4.8991e-05
6.2286e-05
9.8289e-05
0.00014438
3.7997e-05
0.00019174
1.2022e-05
6.0301e-05
8.6763e-05
1.1767e-05
1.5242e-05
2.5862e-05
4.791e-05
0.00010261
3.4849e-05
3.3027e-05
4.8919e-05
2.6324e-05
5.3389e-05
5.7088e-05
2.9201e-05
4.0238e-05
0.00033112
8.936e-05
5.8949e-05
9.6499e-05
3.6661e-05
4.1007e-05
7.8293e-05
0.00010796
0.00014639
0.00010968
0.00010279
0.00013151
5.1776e-05
0.0001118
3.3873e-05
4.2551e-05
4.6688e-05
2.8138e-05
5.2584e-05
0.00020136
0.00018885
7.5784e-05
1.9222e-05
8.4811e-05
2.4744e-05
1.5091e-05
0.00015446
3.3607e-05
2.8595e-05
2.2201e-05
2.949e-05
2.7473e-05
4.5146e-05
3.0567e-05
0.00017595
0.000129
2.4201e-05
6.5706e-05
7.0382e-05
0.00010096
4.9899e-05
7.2396e-05
4.1584e-05
0.0002618
8.0183e-05
5.6034e-05
1.6795e-05
4.3925e-05
3.4313e-05
7.0526e-05
2.3446e-05
2.1437e-05
0.0005366
2.9955e-05
5.6181e-05
4.3577e-05
0.00011144
0.0001394
0.00024657
6.185e-05
0.00021557
1.3865e-05
2.0267e-05
0.00011826
1.7398e-05
4.9242e-05
4.3408e-05
8.9128e-05
0.00033104
7.4408e-05
4.4481e-05
2.6347e-05
6.9882e-06
7.4623e-05
5.1349e-05
7.0591e-05
5.4472e-05
1.6093e-05
5.59e-05
0.00016997
2.2328e-05
2.2539e-05
8.4084e-05
3.9425e-05
8.0386e-05
3.838e-05
4.3782e-05
0.0001133
1.5255e-05
4.274e-05
5.965e-05
8.6854e-05
8.3355e-05
3.2721e-05
0.00018886
0.00011374
4.6212e-05
3.9928e-05
1.2608e-05
9.2995e-05
5.2618e-05
8.6244e-05
0.00010105
0.00013701
4.3469e-05
4.0116e-05
0.00015769
3.7786e-05
5.1488e-05
4.271e-05
6.1949e-05
3.6437e-05
0.00012023
0.00018712
0.00014263
0.00013261
2.9909e-05
5.6524e-05
8.1804e-05
6.0432e-05
4.7117e-05
6.8257e-05
8.506e-05
7.2485e-05
0.00011238
0.00014562
4.0189e-05
0.00012581
4.1694e-05
3.6993e-05
8.8495e-05
0.00013171
2.6446e-05
8.2539e-05
0.00021355
0.00015096
0.00011798
4.2012e-05
6.0617e-05
5.0732e-05
2.834e-05
3.0459e-05
0.00012447
4.2783e-05
5.2502e-05
0.00011787
1.7593e-05
5.7937e-05
6.0294e-05
6.535e-05
4.0913e-05
9.4877e-05
4.0463e-05
7.5568e-05
9.5908e-05
6.0131e-05
2.678e-05
2.31e-05
0.00011417
4.2617e-05
8.4684e-05
8.5278e-05
8.1832e-05
6.6806e-05
1.4383e-05
6.688e-05
8.6994e-05
3.9677e-05
0.00010439
1.6626e-05
6.7629e-05
3.7406e-05
7.0522e-05
0.00012313
7.7497e-05
2.7663e-05
3.2187e-05
3.2971e-05
1.6148e-05
0.0003058
4.5351e-05
3.7538e-05
6.1361e-05
0.00018461
7.2245e-05
3.8687e-05
0.00011683
4.8437e-05
9.7588e-05
4.3821e-05
6.6323e-05
9.1031e-05
5.1172e-05
0.00038914
7.0889e-05
5.1989e-05
2.7131e-05
0.00010599
2.8674e-05
2.3882e-05
7.8904e-05
0.00016675
7.0061e-05
3.2504e-05
8.7903e-05
5.0458e-05
3.0465e-05
0.0005835
8.0252e-05
5.2511e-05
1.9572e-05
4.1816e-05
1.4587e-05
9.2826e-05
5.8644e-05
4.0264e-05
2.9167e-05
0.00030332
2.8901e-05
3.638e-05
3.3292e-05
6.6011e-05
0.0001353
4.4129e-05
0.00010294
1.9989e-05
0.00016561
0.00026444
8.8985e-05
7.6566e-05
0.00011468
0.00017314
0.00013609
4.7537e-05
1.8253e-05
1.7355e-05
3.8722e-05
7.0684e-05
2.2298e-05
7.5911e-05
7.8089e-05
2.0658e-05
1.8655e-05
0.00016817
3.9773e-05
3.6683e-05
4.2739e-05
0.00030505
9.2198e-05
9.688e-05
0.00010013
7.1588e-05
0.00022312
2.9659e-05
7.9373e-05
5.8622e-05
1.7391e-05
0.00011066
2.7024e-05
6.8213e-05
0.00011623
2.6281e-05
9.6932e-05
3.7657e-05
3.0477e-05
3.4821e-05
0.00010981
1.4035e-05
5.0052e-05
6.564e-05
0.00016182
3.2184e-05
9.2661e-05
0.00014122
0.00012096
0.00030847
6.7803e-05
5.6366e-05
8.6663e-05
1.6177e-05
2.7812e-05
3.8194e-05
7.7753e-05
6.2226e-05
6.7624e-05
0.00010659
2.2733e-05
1.6053e-05
3.6218e-05
4.1138e-05
0.00015293
1.8482e-05
6.1699e-05
7.5944e-05
7.6945e-06
4.6172e-05
4.9122e-05
2.6153e-05
0.00021787
0.00016403
9.8674e-05
0.00033205
4.581e-05
3.6632e-05
8.4962e-05
2.508e-05
1.4129e-05
4.6865e-05
0.00039576
4.5249e-05
2.3737e-05
5.8054e-05
4.459e-05
0.00010798
8.4878e-05
7.967e-05
2.2092e-05
0.00017725
8.7111e-05
9.916e-05
2.2193e-05
5.4917e-05
5.3893e-05
4.7186e-05
1.3243e-05
4.413e-05
5.8016e-05
4.6136e-05
2.0805e-05
0.0001096
8.8191e-05
1.0619e-05
0.00010981
9.1506e-05
3.2888e-05
5.3739e-05
4.6182e-05
3.3472e-05
0.00013876
5.7837e-05
0.0001107
1.8591e-05
0.00015121
9.7903e-05
2.3522e-05
5.1105e-05
7.4457e-05
3.7846e-05
2.623e-05
7.8153e-05
6.4901e-05
0.00010741
3.5428e-05
3.0371e-05
2.7347e-05
4.27e-05
0.00014857
0.00015295
3.5679e-05
5.6681e-05
4.2022e-05
3.7817e-05
4.6418e-05
1.4159e-05
5.1728e-05
3.0618e-05
4.0716e-05
8.3779e-05
3.9911e-05
2.3527e-05
5.577e-05
2.9217e-05
5.2081e-05
1.5769e-05
4.5881e-05
2.4472e-05
5.1986e-05
7.6458e-05
2.3578e-05
9.0625e-05
8.854e-05
5.7048e-05
4.9616e-05
3.2787e-05
2.2563e-05
2.0301e-05
2.4977e-05
9.8973e-05
5.7082e-05
4.4304e-05
8.0554e-05
5.7758e-05
4.2134e-05
7.3393e-05
0.00023477
0.00012516
4.8777e-05
3.4094e-05
6.8413e-05
4.5739e-05
8.2086e-06
3.2985e-05
5.4452e-05
2.8046e-05
9.5512e-05
3.6277e-05
2.2245e-05
1.9414e-05
5.441e-05
7.3264e-05
8.1982e-05
3.8173e-05
2.6004e-05
3.0072e-05
4.0485e-05
3.9359e-05
1.9392e-05
2.724e-05
7.7754e-05
0.00010532
0.00016593
7.513e-05
7.9268e-05
3.3372e-05
0.00026392
4.3877e-05
4.9751e-05
3.8145e-05
5.8913e-05
0.00020689
6.0195e-05
0.00013714
7.5687e-05
5.2296e-05
5.5558e-05
4.2494e-05
3.8529e-05
3.1871e-05
6.7686e-05
0.00012206
0.0001052
1.0564e-05
0.00014382
7.6029e-05
4.4879e-05
2.481e-05
1.391e-05
6.4408e-05
7.5078e-05
1.6697e-05
2.3219e-05
3.2334e-05
8.3336e-05
2.0661e-05
3.6635e-05
9.2953e-06
6.7911e-05
2.2499e-05
5.2793e-05
6.2751e-05
1.9067e-05
7.3705e-05
0.00012314
6.9233e-05
3.9141e-05
0.00013009
5.3655e-05
5.0934e-05
7.9845e-05
5.104e-05
3.6375e-05
7.653e-05
7.5662e-05
4.5761e-05
0.00019442
3.4094e-05
4.9412e-05
4.6107e-05
0.00012632
8.9362e-05
6.9421e-05
6.8437e-05
0.00011145
1.6115e-05
6.2308e-05
0.00034755
2.8248e-05
0.00011667
0.00011003
3.1806e-05
2.206e-05
6.8865e-05
4.8485e-05
0.00011417
5.7031e-05
8.0168e-05
3.2322e-05
4.2365e-05
4.3636e-05
2.69e-05
0.00010752
0.00012376
9.4659e-05
8.2721e-05
6.8881e-05
0.00010591
4.3389e-05
0.00012994
7.6861e-05
7.3328e-05
0.00013148
0.00025585
0.00013888
0.00015627
0.00011576
4.0824e-05
2.8367e-05
3.9248e-05
4.5343e-05
4.4041e-05
6.473e-05
3.4565e-05
7.804e-05
7.7281e-05
0.00010057
6.3632e-05
9.0972e-05
0.00013509
3.5522e-05
0.00012104
2.713e-05
3.4841e-05
6.4701e-05
3.4719e-05
5.076e-05
1.7451e-05
4.3762e-05
2.6751e-05
4.5045e-05
1.2173e-05
4.622e-05
0.00011614
4.5953e-05
5.8661e-05
5.8547e-05
8.2693e-05
0.00012697
0.00010189
0.00018734
5.0105e-05
7.8085e-05
0.00020388
6.052e-05
7.122e-05
3.4892e-05
8.1149e-05
3.4574e-05
2.839e-05
0.00010923
8.5309e-05
3.3741e-05
4.8801e-05
4.8598e-05
2.2198e-05
4.7278e-05
1.9727e-05
2.6125e-05
0.00040038
5.0359e-05
7.2013e-05
8.9315e-05
0.00011666
7.0826e-05
1.191e-05
6.8953e-05
9.4135e-05
6.0932e-05
7.6741e-05
9.1065e-05
2.4197e-05
4.006e-05
3.2614e-05
0.00010594
2.1059e-05
6.4688e-05
3.2802e-05
4.5504e-05
6.2414e-06
3.8566e-05
9.0757e-05
8.6318e-05
6.7707e-05
2.0769e-05
5.7236e-05
5.5561e-05
3.1044e-05
5.402e-05
6.8418e-05
2.0509e-05
7.4172e-05
3.7863e-05
9.6413e-05
6.1031e-05
0.00012107
2.95e-05
9.5535e-05
2.9411e-05
4.561e-05
0.00017629
7.7569e-05
0.00012918
2.89e-05
3.0406e-05
6.1447e-05
3.3238e-05
0.00011484
7.6678e-05
2.7315e-05
2.6972e-05
5.0637e-05
4.7512e-05
0.00014672
4.1713e-05
6.2507e-05
6.5373e-05
0.00010195
7.6708e-05
6.2567e-05
4.5033e-05
2.62e-05
0.00018798
2.7798e-05
4.7317e-05
3.1237e-05
2.0111e-05
1.9504e-05
3.1538e-05
4.9292e-05
1.8276e-05
2.94e-05
7.2634e-05
5.7643e-05
0.00011166
6.1676e-05
5.9122e-05
5.296e-05
0.00010337
0.00017713
8.3518e-05
0.0001849
5.7413e-05
0.00020069
3.0311e-05
2.1416e-05
4.2835e-05
0.00012727
3.525e-05
5.9478e-05
6.4235e-05
2.4067e-05
6.5948e-05
2.9875e-05
6.279e-05
4.7032e-05
5.7803e-05
0.00010169
2.2433e-05
6.2659e-05
0.00010261
4.8239e-05
4.0729e-05
4.2056e-05
0.0001513
1.8262e-05
2.9885e-05
0.00012391
0.00013182
2.8601e-05
1.2701e-05
4.5646e-05
3.4594e-05
1.9814e-05
7.9294e-05
3.9707e-05
3.7136e-05
0.00017425
5.5249e-05
0.00013298
4.9596e-05
4.9006e-05
6.3225e-05
0.0004416
9.6099e-05
6.3616e-05
3.6897e-05
0.00035812
7.9638e-05
7.4116e-05
2.5921e-05
4.2307e-05
1.5358e-05
7.197e-05
