-38.559
-46.502
-45.086
-50.362
-33.785
-45.501
-34.424
-32.253
-38.451
-40.456
-36.42
-49.118
-43.494
-44.669
-33.733
-35.936
-34.942
-54.898
-47.78
-49.505
-48.715
-33.146
-43.002
-34.144
-41.22
-45.951
-51.83
-31.094
-42.334
-59.508
-54.79
-39.362
-43.587
-30.509
-49.935
-27.455
-56.208
-40.234
-44.459
-44.455
-51.523
-36.044
-55.008
-32.936
-36.804
-37.787
-48.12
-37.311
-36.797
-44.127
-42.008
-81.908
-42.392
-53.506
-44.559
-34.813
-43.295
-38.663
-28.448
-36.997
-34.232
-34.467
-44.924
-41.613
-42.608
-41.754
-40.393
-44.322
-42.993
-34.736
-40.274
-43.151
-49.483
-46.525
-52.443
-42.579
-38.115
-28.674
-30.022
-47.566
-38.595
-35.066
-36.772
-47.551
-28.271
-46.475
-44.807
-34.805
-39.62
-36.034
-38.288
-36.164
-49.903
-42.696
-44.389
-52.743
-36.064
-37.065
-33.006
-54.637
-47.874
-30.857
-56.148
-56.16
-39.071
-45.577
-36.425
-44.11
-45.128
-54.254
-47.667
-34.882
-46.074
-37.127
-43.027
-48.845
-40.594
-45.632
-40.572
-44.254
-39.858
-44.298
-46.25
-49.092
-37.983
-45.646
-41.387
-34.114
-33.478
-43.299
-47.289
-48.568
-38.738
-57.785
-41.927
-37.667
-39.724
-48.03
-37.865
-44.098
-50.586
-41.47
-36.944
-42.193
-35.536
-42.125
-43.035
-46.973
-35.136
-40.309
-32.57
-38.941
-36.998
-46.886
-35.955
-58.507
-43.04
-0
-0
-0
-0
-0
-0
-0
-0
-0
-0
-0
-0
-0
-0
-0
-0
-0
-0
-0
-0
-0
-0
-0
-0
-0
-0
-0
-0
-0
-0
-0
-0
-0
-0
-0
-0
-0
-0
-0
-0
-0
-0
-0
-0
-0
-0
-0
-0
-0
-0
-0
-0
-0
-0
-0
-0
-0
-0
-0
-0
-0
-0
-0
-0
-0
-0
-0
-0
-0
-0
-0
-0
-0
-0
-0
-0
-0
-0
-0
-0
-0
-0
-0
-0
-0
-0
-0
-0
-0
-0
-0
-0
-0
-0
-0
-0
-0
-0
-0
-0
-0
-0
-0
-0
-0
-0
-0
-0
-0
-0
-0
-0
-0
-0
-0
-0
-0
-0
-0
-0
-0
-0
-0
-0
-0
-0
-0
-0
-0
-0
-0
-0
-0
-0
-0
-0
-0
-0
-0
-0
-0
-0
-0
-0
-0
-0
-0
-0
-0
-0
-0
-0
-0
-0
-0
-0
-0
-0
-0
-0
-0
-0
-0
-0
-0
-0
-0
-0
-0
-0
-0
-0
-0
-0
-0
-0
-0
-0
-0
-0
-0
-0
-0
-0
-0
-0
-0
-0
-0
-0
-0
-0
-0
-0
-0
-0
-0
-0
-0
-0
-0
-0
-0
-0
-0
-0
-0
-0
-0
-0
-0
-0
-0
-0
-0
-0
-0
-0
-0
-0
-0
-0
-0
-0
-0
-0
-0
-0
-0
-0
-0
-0
-0
-0
-0
-0
-0
-0
-0
-0
-0
-0
-0
-0
-0
-0
-0
-0
-0
-0
-0
-0
-0
-0
-0
-0
-0
-0
-0
-0
-0
-0
-0
-0
-0
-0
-0
-0
-0
-0
-0
-0
-0
-0
-0
-0
-0
-0
-0
-0
-0
-0
-0
-0
-0
-0
-0
-0
-0
-0
-0
-0
-0
-0
-0
-0
-0
-0
-0
-0
-0
-0
-0
-0
-0
-0
-0
-0
-0
-0
-0
-0
-0
-0
-0
-0
-0
-0
-0
-0
-0
-0
-0
-0
-0
-0
-0
-0
-0
-0
-0
-0
-0
-0
-0
-0
-0
-0
-0
-0
-0
-0
-0
-0
-0
-0
-0
-0
-0
-0
-0
-0
-0
-0
-0
-0
-0
-0
-0
-0
-0
-0
-0
-0
-0
-0
-0
-0
-0
-0
-0
-0
-0
-0
-0
-0
-0
-0
-0
-0
-0
-0
-0
-0
-0
-0
-0
-0
-0
-0
-0
-0
-0
-0
-0
-0
-0
-0
-0
-0
-0
-0
-0
-0
-0
-0
-0
-0
-0
-0
-0
-0
-0
-0
-0
-0
-0
-0
-0
-0
-0
-0
-0
-0
-0
-0
-0
-0
-0
-0
-0
-0
-0
-0
-0
-0
-0
-0
-0
-0
-0
-0
-0
-0
-0
-0
-0
-0
-0
-0
-0
-0
-0
-0
-0
-0
-0
-0
-0
-0
-0
-0
-0
-0
-0
-0
-0
-0
-0
-0
-0
-0
-0
-0
-0
-0
-0
-0
-0
-0
-0
-0
-0
-0
-0
-0
-0
-0
-0
-0
-0
-0
-0
-0
-0
-0
-0
-0
-0
-0
-0
-0
-0
-0
-0
-0
-0
-0
-0
-0
-0
-0
-0
-0
-0
-0
-0
-0
-0
-0
-0
-0
-0
-0
-0
-0
-0
-0
-0
-0
-0
-0
-0
-0
-0
-0
-0
-0
-0
-0
-0
-0
-0
-0
-0
-0
-0
-0
-0
-0
-0
-0
-0
-0
-0
-0
-0
-0
-0
-0
-0
-0
-0
-0
-0
-0
-0
-0
-0
-0
-0
-0
-0
-0
-0
-0
-0
-0
-0
-0
-0
-0
-0
-0
-0
-0
-0
-0
-0
-0
-0
-0
-0
