-20.212
-15.106
-16.016
-12.625
-23.281
-15.749
-22.87
-24.266
-20.282
-18.992
-21.587
-13.424
-17.039
-16.284
-23.314
-21.898
-22.537
-9.7086
-14.284
-13.175
-13.683
-23.692
-17.356
-23.051
-18.502
-15.46
-11.681
-25.011
-17.786
-6.7448
-9.7779
-19.696
-16.98
-25.387
-12.899
-27.35
-8.8661
-19.135
-16.419
-16.422
-11.878
-21.829
-9.6375
-23.827
-21.34
-20.708
-14.065
-21.014
-21.345
-16.633
-17.995
7.655
-17.748
-10.604
-16.355
-22.62
-17.168
-20.145
-26.712
-21.216
-22.993
-22.843
-16.121
-18.249
-17.609
-18.158
-19.033
-16.507
-17.361
-22.67
-19.109
-17.26
-13.189
-15.091
-11.286
-17.628
-20.497
-26.566
-25.7
-14.422
-20.189
-22.458
-21.361
-14.431
-26.826
-15.123
-16.196
-22.625
-19.53
-21.836
-20.386
-21.752
-12.92
-17.553
-16.464
-11.094
-21.816
-21.172
-23.782
-9.8764
-14.224
-25.163
-8.9048
-8.8969
-19.883
-15.701
-21.584
-16.644
-15.989
-10.122
-14.357
-22.576
-15.381
-21.133
-17.34
-13.6
-18.904
-15.665
-18.918
-16.551
-19.377
-16.523
-15.268
-13.441
-20.582
-15.656
-18.394
-23.07
-23.478
-17.165
-14.6
-13.778
-20.097
-7.8524
-18.047
-20.786
-19.463
-14.123
-20.658
-16.651
-12.481
-18.341
-21.25
-17.876
-22.155
-17.92
-17.335
-14.803
-22.413
-19.087
-24.062
-19.967
-21.216
-14.859
-21.886
-7.3886
-17.332
-0
-0
-0
-0
-0
-0
-0
-0
-0
-0
-0
-0
-0
-0
-0
-0
-0
-0
-0
-0
-0
-0
-0
-0
-0
-0
-0
-0
-0
-0
-0
-0
-0
-0
-0
-0
-0
-0
-0
-0
-0
-0
-0
-0
-0
-0
-0
-0
-0
-0
-0
-0
-0
-0
-0
-0
-0
-0
-0
-0
-0
-0
-0
-0
-0
-0
-0
-0
-0
-0
-0
-0
-0
-0
-0
-0
-0
-0
-0
-0
-0
-0
-0
-0
-0
-0
-0
-0
-0
-0
-0
-0
-0
-0
-0
-0
-0
-0
-0
-0
-0
-0
-0
-0
-0
-0
-0
-0
-0
-0
-0
-0
-0
-0
-0
-0
-0
-0
-0
-0
-0
-0
-0
-0
-0
-0
-0
-0
-0
-0
-0
-0
-0
-0
-0
-0
-0
-0
-0
-0
-0
-0
-0
-0
-0
-0
-0
-0
-0
-0
-0
-0
-0
-0
-0
-0
-0
-0
-0
-0
-0
-0
-0
-0
-0
-0
-0
-0
-0
-0
-0
-0
-0
-0
-0
-0
-0
-0
-0
-0
-0
-0
-0
-0
-0
-0
-0
-0
-0
-0
-0
-0
-0
-0
-0
-0
-0
-0
-0
-0
-0
-0
-0
-0
-0
-0
-0
-0
-0
-0
-0
-0
-0
-0
-0
-0
-0
-0
-0
-0
-0
-0
-0
-0
-0
-0
-0
-0
-0
-0
-0
-0
-0
-0
-0
-0
-0
-0
-0
-0
-0
-0
-0
-0
-0
-0
-0
-0
-0
-0
-0
-0
-0
-0
-0
-0
-0
-0
-0
-0
-0
-0
-0
-0
-0
-0
-0
-0
-0
-0
-0
-0
-0
-0
-0
-0
-0
-0
-0
-0
-0
-0
-0
-0
-0
-0
-0
-0
-0
-0
-0
-0
-0
-0
-0
-0
-0
-0
-0
-0
-0
-0
-0
-0
-0
-0
-0
-0
-0
-0
-0
-0
-0
-0
-0
-0
-0
-0
-0
-0
-0
-0
-0
-0
-0
-0
-0
-0
-0
-0
-0
-0
-0
-0
-0
-0
-0
-0
-0
-0
-0
-0
-0
-0
-0
-0
-0
-0
-0
-0
-0
-0
-0
-0
-0
-0
-0
-0
-0
-0
-0
-0
-0
-0
-0
-0
-0
-0
-0
-0
-0
-0
-0
-0
-0
-0
-0
-0
-0
-0
-0
-0
-0
-0
-0
-0
-0
-0
-0
-0
-0
-0
-0
-0
-0
-0
-0
-0
-0
-0
-0
-0
-0
-0
-0
-0
-0
-0
-0
-0
-0
-0
-0
-0
-0
-0
-0
-0
-0
-0
-0
-0
-0
-0
-0
-0
-0
-0
-0
-0
-0
-0
-0
-0
-0
-0
-0
-0
-0
-0
-0
-0
-0
-0
-0
-0
-0
-0
-0
-0
-0
-0
-0
-0
-0
-0
-0
-0
-0
-0
-0
-0
-0
-0
-0
-0
-0
-0
-0
-0
-0
-0
-0
-0
-0
-0
-0
-0
-0
-0
-0
-0
-0
-0
-0
-0
-0
-0
-0
-0
-0
-0
-0
-0
-0
-0
-0
-0
-0
-0
-0
-0
-0
-0
-0
-0
-0
-0
-0
-0
-0
-0
-0
-0
-0
-0
-0
-0
-0
-0
-0
-0
-0
-0
-0
-0
-0
-0
-0
-0
-0
-0
-0
-0
-0
-0
-0
-0
-0
-0
-0
-0
-0
-0
-0
-0
-0
-0
-0
-0
-0
-0
-0
-0
-0
-0
-0
-0
-0
-0
-0
-0
-0
-0
-0
-0
-0
-0
-0
-0
-0
-0
-0
-0
-0
-0
-0
-0
-0
-0
-0
-0
-0
-0
-0
-0
-0
-0
-0
-0
-0
-0
-0
