0.00053315
0.00056958
0.0005619
0.00057624
0.00056479
0.00055562
0.00057251
0.00058025
0.00058763
0.00053633
0.00054463
0.00054134
0.00056387
0.00055735
0.00055162
0.00055686
0.00053908
0.00052932
0.00056758
0.00056734
0.0005465
0.00057971
0.00055429
0.00052348
0.00056775
0.00054237
0.00055816
0.00056074
0.0005468
0.0005636
0.00052878
0.0005732
0.000531
0.0005305
0.0005465
0.00056553
0.00054808
0.00056373
0.00053594
0.00057771
0.00053995
0.00053316
0.00056279
0.00055149
0.00054108
0.00054728
0.00055098
0.00054517
0.00055667
0.00054531
0.0005453
0.00053432
0.00056562
0.00054133
0.00055464
0.00052531
0.00053787
0.00057886
0.00057793
0.00055638
0.0005791
0.00054846
0.00056843
0.00053211
0.00056339
0.00055459
0.00054463
0.0005434
0.00055447
0.00056426
0.00058278
0.00052427
0.00057892
0.00055555
0.00054585
0.0005665
0.00055789
0.00053091
0.0005459
0.00054277
0.00055882
0.00052666
0.00052198
0.00057596
0.00054103
0.00055246
0.00056082
0.00055608
0.00055206
0.00053895
0.00054631
0.00056954
0.00057336
0.00055026
0.0005762
0.00055196
0.00054531
0.00056584
0.0005477
0.00057554
0.000552
0.00055255
0.00055781
0.00056815
0.00054943
0.00055254
0.00054291
0.00057887
0.00056311
0.00054508
0.00054015
0.0005459
0.00054472
0.0005638
0.00052011
0.00056276
0.00056246
0.0005597
0.00054921
0.00056047
0.00055136
0.00057935
0.00051849
0.00056141
0.00057887
0.00055158
0.00056084
0.00057021
0.00057529
0.00053771
0.00055121
0.00055204
0.00057939
0.0005588
0.00056842
0.00057152
0.00053598
0.00054988
0.0005409
0.00058589
0.00054198
0.00055828
0.00055526
0.00052197
0.0005418
0.00051811
0.00053606
0.00055331
0.00058891
0.0005317
0.00055031
0.00054872
0.00054946
0.00057817
0.00055405
0.0005339
0.0005476
0.00054682
0.00054589
0.00055486
0.00055127
0.00053165
0.00057015
0.00057602
0.00058594
0.00054763
0.0005633
0.0005868
0.00061088
0.0005651
0.00054451
0.00053577
0.00057887
0.0005695
0.0005441
0.00052195
0.00054628
0.00056309
0.00056607
0.00056124
0.00057007
0.00055758
0.00057261
0.00055443
0.00055456
0.00052471
0.00056961
0.00057496
0.00056544
0.00054551
0.00056212
0.00056733
0.00059778
0.00053334
0.0005526
0.00053849
0.0005653
0.00057213
0.00053419
0.00055793
0.00054018
0.00055987
0.00056544
0.00056838
0.0005499
0.00053643
0.0005549
0.00057923
0.00055131
0.00057472
0.00055835
0.00053306
0.00056959
0.00056236
0.00057436
0.00056145
0.00058026
0.00055484
0.00054137
0.0005604
0.00057318
0.0005715
0.00053164
0.00054749
0.00056551
0.00056107
0.0005501
0.00056851
0.00056163
0.00054086
0.00056685
0.00053333
0.00054421
0.0005427
0.00058744
0.00054597
0.00056761
0.00055705
0.00054948
0.00052725
0.00056211
0.00054483
0.00058196
0.00055229
0.00056676
0.00054585
0.00054722
0.00057769
0.00057888
0.00058084
0.00055411
0.00054419
0.00056928
0.00057923
0.00056084
0.00055448
0.00054483
0.0005907
0.00058579
0.00055776
0.000546
0.00053437
0.00055635
0.00057712
0.00055643
0.00055926
0.00056295
0.00056812
0.00058238
0.0005722
0.00057918
0.00053947
0.00055205
0.00057801
0.00056613
0.00055019
0.0005532
0.00059317
0.00056032
0.00055081
0.00057468
0.00057882
0.0005444
0.00056418
0.00056536
0.00054811
0.00056983
0.00054792
0.00055433
0.000567
0.00055001
0.000522
0.00053686
0.00053423
0.0005304
0.00057169
0.00054877
0.00055838
0.00055682
0.00055668
0.00055209
0.00054053
0.00052761
0.00054368
0.00055803
0.00055509
0.0005285
0.0005362
0.00057876
0.00053549
0.00053269
0.00059191
0.00053721
0.00056221
0.00055979
0.00056597
0.00058506
0.00052236
0.00054622
0.00056254
0.00053308
0.00054327
0.00054321
0.00056462
0.00056463
0.00055906
0.00057302
0.00053458
0.00055947
0.00056613
0.00052949
0.00054322
0.0005649
0.00054129
0.00059212
0.00056511
0.00056528
0.00054979
0.00057587
0.00055937
0.00053434
0.00053814
0.00054427
0.00056922
0.00053289
0.00055307
0.00054323
0.00054223
0.00055582
0.00054043
0.00058264
0.00058518
0.00057041
0.00052525
0.00056231
0.0005817
0.00055421
0.00053336
0.00056406
0.00055632
0.00055971
0.00054246
0.00056586
0.00053495
0.00058026
0.00056042
0.000537
0.00056716
0.00053248
0.00057579
0.00057736
0.00053186
0.00055862
0.00054995
0.00054666
0.00053997
0.00057513
0.00055123
0.00057078
0.00054052
0.00054422
0.00056398
0.00056265
0.00054106
0.00057058
0.00056657
0.0005622
0.00059343
0.00056166
0.00058764
0.00052795
0.00054563
0.00056089
0.00055335
0.00055022
0.00053615
0.00053915
0.00055436
0.0005653
0.00057761
0.00056901
0.00057503
0.00055489
0.00057895
0.00056093
0.00056262
0.00055116
0.00054584
0.00054061
0.00056195
0.00059224
0.00055219
0.00055411
0.00055772
0.00054127
0.00054271
0.00059317
0.00055026
0.00054861
0.00056836
0.00054256
0.00056312
0.00056004
0.00057734
0.00057222
0.00054484
0.00057155
0.00055016
0.00056445
0.00055642
0.00052657
0.00058814
0.00057751
0.00054128
0.0005509
0.00056688
0.00054295
0.00054656
0.00053744
0.00052744
0.00056569
0.00054387
0.00053481
0.00056573
0.00057952
0.00056472
0.00055569
0.00053665
0.00053562
0.00055755
0.00055439
0.0005572
0.00055896
0.00056334
0.00055784
0.00054399
0.00055776
0.00055323
0.00053944
0.00054992
0.00055894
0.00055967
0.00057254
0.00052331
0.00054605
0.00055643
0.00056137
0.00057952
0.0005571
0.00054559
0.00057515
0.00057326
0.00056672
0.00055061
0.00056345
0.00054515
0.00054828
0.00055392
0.000566
0.00055145
0.00056584
0.00056281
0.00053347
0.0005422
0.00055574
0.00054364
0.00052323
0.00056898
0.0005647
0.00056542
0.00055121
0.00055814
0.00056926
0.0005154
0.00055614
0.00054538
0.00054207
0.00056674
0.00058851
0.00057629
0.00057216
0.00057846
0.00056084
0.00056845
0.00053
0.0005719
0.0005671
0.00056536
0.00055819
0.0005697
0.000531
0.00056592
0.00057438
0.00057402
0.00056399
0.000557
0.00058499
0.00053476
0.00057149
0.00057891
0.00053251
0.00057097
0.00054257
0.00055356
0.00054759
0.0005604
0.00056083
0.00055614
0.00059056
0.00052513
0.00056611
0.00053436
0.00055295
0.00053442
0.00055039
0.00055252
0.00054832
0.00055591
0.00055822
0.00056302
0.00057475
0.000551
0.00055746
0.00055961
0.00054819
0.00057426
0.00056474
0.00054336
0.00053474
0.00057052
0.00056483
0.00057088
0.00053384
0.00056276
0.00058227
0.00058405
0.00053586
0.0005542
0.00056252
0.00055
0.00055025
0.00056571
0.00056815
0.00057
0.00054356
0.00054348
0.00055159
0.00054008
0.00058819
0.00053893
0.00056649
0.00054296
0.00055574
0.00054185
0.00056172
0.00055439
0.00057023
0.0005399
0.00054789
0.00056844
0.00055845
0.00055211
0.00055526
0.00055194
0.00054569
0.00055986
0.00054768
0.00056512
0.00054601
0.00053724
0.000562
0.00054374
0.00056695
0.00055369
0.00058424
0.00053559
0.00055422
0.0005496
0.00058507
0.00051973
0.00052869
0.00054687
0.00055475
0.0005576
0.00053938
0.00051694
0.00055595
0.00052519
0.0005244
0.00055928
0.00055483
0.00056523
0.00055012
0.00056709
0.00056155
0.00056717
0.00059387
0.00054794
0.00057373
0.00052265
0.00058847
0.0005782
0.00055979
0.00053144
0.00056262
0.00054038
0.00053855
0.00057148
0.00053557
0.00054331
0.0005591
0.00055898
0.00058912
0.00057441
0.00056248
0.00057442
0.00053875
0.00059738
0.00055339
0.00054119
0.00056156
0.00055687
0.00055524
0.00054427
0.00058176
0.00055144
0.00056656
0.00056283
0.00054787
0.00058443
0.00054008
0.00056674
0.00052724
0.00056155
0.00054402
0.00053658
0.0005356
0.00053304
0.00056701
0.0005455
0.00056989
0.00054684
0.00057259
0.0005636
0.00056642
0.00053997
0.00059633
0.000565
0.00056364
0.00056451
0.00051947
0.00059816
0.00055856
0.00055567
0.00053706
0.00052806
0.00056475
0.00053312
0.00056526
0.0005696
0.00056804
0.00055277
0.00055629
0.00057723
0.00051812
0.00056728
0.00057892
0.00058194
0.00058025
0.00056594
0.00052896
0.00053437
0.00052504
0.0005792
0.00052868
0.0005189
0.00057002
0.00056467
0.000548
0.00057943
0.00053963
0.000552
0.00054292
0.0005346
0.00053682
0.0005449
0.0005365
0.00052571
0.00056617
0.00054356
0.00056156
0.00055969
0.00053969
0.00054779
0.00053425
0.0005912
0.00055692
0.00054406
0.00054257
0.00053728
0.00055
0.00056096
0.00055586
0.00057063
0.00057161
0.00054029
0.00055663
0.00054356
0.00053551
0.00056038
0.00055765
0.0005312
0.00054033
0.00052902
0.00053386
0.00055134
0.00060327
0.00053848
0.00055733
0.00054567
0.00058366
0.00051629
0.00055696
0.00057727
0.0005543
0.0005441
0.00057842
0.00055704
0.00054761
0.00054714
