6.641736	0.4	12.	13.71	1.256978	0.23
6.896791	0.4	12.	27.41	15.98	-145.319004
4.682478	0.4	12.	12.07	14.220849	-142.77
4.816768	0.4	12.	32.31	4.879784	-142.77
4.698952	0.4	12.	48.62	12.07	-141.548472
5.55152	0.4	12.	-3.76882	36.21	-140.77
4.885493	0.4	12.	-0.818939	48.93	-140.77
4.862592	0.4	12.	-11.335449	49.25	-140.77
6.146697	0.4	12.	8.16	56.610489	-140.77
7.75868	0.4	12.	32.63	-12.72	-146.751125
7.28102	0.4	12.	57.76	-5.98717	-137.77
7.130685	0.4	12.	4.512289	-3.26	-137.77
5.514885	0.4	12.	19.91	-0.727903	-140.77
4.849635	0.4	12.	-10.184671	17.94	-140.77
4.771466	0.4	12.	-10.44	6.2	-144.179296
7.199806	0.4	12.	-4.24	64.486778	-140.77
6.522173	0.4	12.	28.72	114.54151	-140.77
6.917674	0.4	12.	15.66	121.471774	-140.77
4.861129	0.4	12.	73.42	75.382856	-140.77
5.440434	0.4	12.	61.873674	82.2	-140.77
7.541838	0.4	12.	82.56	96.913778	-140.77
4.941688	0.4	12.	35.57	71.11	-143.659727
5.883799	0.4	12.	24.15	79.59	-143.289817
6.091788	0.4	12.	28.39	97.531407	-138.77
4.80451	0.4	12.	80.93	11.042864	-138.77
6.745818	0.4	12.	75.38	-1.316335	-138.77
5.661257	0.4	12.	82.163993	23.81	-138.77
5.383634	0.4	12.	51.648775	43.05	-138.77
6.053744	0.4	12.	47.76433	64.91	-138.77
8.20274	0.4	12.	6.85	99.48	-140.968823
6.235474	0.4	12.	0.98	126.55	-144.007091
5.114299	0.4	12.	-6.85	115.14	-140.244566
4.842492	0.4	12.	15.99	-27.07	-141.418491
5.277894	0.4	12.	55.13953	-29.03	-135.77
5.251162	0.4	12.	-23.17	39.271311	-134.77
6.79018	0.4	12.	-34.92	48.27	-139.265463
6.555514	0.4	12.	10.77	-39.466737	-133.77
5.616346	0.4	12.	60.549833	-40.45	-133.77
6.362673	0.4	12.	55.48	-56.568504	-132.77
4.961504	0.4	12.	46.275233	-41.42	-132.77
4.593059	0.4	12.	29.04	-19.447797	-131.77
6.188942	0.4	12.	7.51	-21.665072	-131.77
5.497165	0.4	12.	24.273087	16.63	-131.77
5.126389	0.4	12.	34.26	10.76	-128.860527
5.407225	0.4	12.	44.548163	13.05	-131.77
5.179252	0.4	12.	9.79	17.81251	-131.77
5.01881	0.4	12.	1.96	10.533721	-131.77
5.108041	0.4	12.	1.96	70.1851	-130.77
4.918331	0.4	12.	-10.44	75.756866	-130.77
4.551184	0.4	12.	-9.46	91.03607	-129.77
4.793058	0.4	12.	-13.416268	37.18	-129.77
6.70051	0.4	12.	-15.01	22.536542	-129.77
5.466269	0.4	12.	-17.95	0.98	-135.091826
5.227286	0.4	12.	-6.85	52.51	-129.924741
4.645654	0.4	12.	9.79	55.45	-127.446806
7.357045	0.4	12.	80.28	78.802953	-129.77
5.877167	0.4	12.	64.29	74.793648	-128.77
5.101433	0.4	12.	79.62	100.105564	-128.77
4.585781	0.4	12.	23.17	113.83	-130.745981
5.103199	0.4	12.	18.367255	126.23	-128.77
6.240479	0.4	12.	45.03	134.818242	-127.77
6.288985	0.4	12.	75.892991	23.48	-127.77
4.933836	0.4	12.	42.75	43.599736	-128.77
5.451525	0.4	12.	14.36	82.2	-124.741854
6.103247	0.4	12.	3.59	83.428867	-128.77
4.719152	0.4	12.	-17.95	50.23	-132.709303
4.915861	0.4	12.	26.43	-0.803707	-129.77
6.906641	0.4	12.	41.44	-12.72	-133.024819
5.149963	0.4	12.	63.31	-18.59	-133.16463
5.314088	0.4	12.	86.8	-1.96	-126.033947
5.448157	0.4	12.	35.24	68.550799	-127.77
5.300729	0.4	12.	26.313523	82.2	-127.77
4.569253	0.4	12.	3.92	120.36	-131.414639
5.909347	0.4	12.	71.47	108.960749	-127.77
5.985087	0.4	12.	62.98	117.986238	-127.77
4.728071	0.4	12.	59.01876	107.64	-127.77
6.932651	0.4	12.	61.423954	92.31	-127.77
6.67293	0.4	12.	92.68	66.147499	-127.77
5.634943	0.4	12.	81.91	8.047696	-126.77
5.631253	0.4	12.	75.71	-0.65	-122.994675
4.650634	0.4	12.	11.1	-2.867471	-126.77
4.817466	0.4	12.	-1.041006	-3.91	-126.77
5.46234	0.4	12.	-10.44	1.96	-126.355362
5.218577	0.4	12.	-24.900888	30.33	-126.77
4.726984	0.4	12.	-21.21	61.551602	-126.77
5.107839	0.4	12.	-4.57	115.14	-126.420232
4.696341	0.4	12.	32.63	107.649713	-126.77
5.715726	0.4	12.	40.79	115.14	-129.304434
4.781353	0.4	12.	72.12	-36.21	-129.462991
5.058898	0.4	12.	-36.22	22.18	-130.816734
5.924577	0.4	12.	-33.61	38.437593	-125.77
4.559718	0.4	12.	-2.94	59.69	-122.5634
5.783911	0.4	12.	29.37	120.851822	-125.77
4.705548	0.4	12.	67.88	-49.906142	-125.77
5.04839	0.4	12.	29.04	-38.815746	-125.77
4.64492	0.4	12.	85.17	-45.66	-130.11629
5.194411	0.4	12.	79.95	-33.92	-122.643585
4.594397	0.4	12.	77.618344	-50.88	-125.77
5.479254	0.4	12.	1.493726	35.23	-125.77
7.498309	0.4	12.	79.95	-13.05	-120.304505
5.72714	0.4	12.	67.402373	-26.09	-125.77
6.192384	0.4	12.	86.15	-27.4	-130.624965
5.408814	0.4	12.	96.27	-17.747296	-125.77
4.598353	0.4	12.	103.157111	-7.18	-125.77
7.137787	0.4	12.	96.39762	12.39	-124.77
4.931072	0.4	12.	56.894151	-28.38	-124.77
5.30123	0.4	12.	17.95	-28.38	-128.327451
4.682713	0.4	12.	67.22	50.199436	-124.77
5.483616	0.4	12.	69.576442	64.58	-124.77
5.049894	0.4	12.	19.25	25.77	-125.029797
5.154677	0.4	12.	-27.500163	8.81	-123.77
4.733494	0.4	12.	-31.	49.765567	-123.77
5.306617	0.4	12.	-2.28	96.55	-121.724229
4.831202	0.4	12.	23.17	102.578058	-122.77
4.81978	0.4	12.	61.596441	-41.42	-122.77
7.938311	0.4	12.	-8.48	-14.68	-130.237679
5.228998	0.4	12.	11.485792	-15.66	-122.77
4.681992	0.4	12.	11.348721	-37.18	-122.77
5.508283	0.4	12.	46.01	-45.810254	-121.77
4.65555	0.4	12.	57.705858	-51.54	-121.77
4.503372	0.4	12.	-43.08	50.56	-125.439396
5.051735	0.4	12.	-44.38	44.03	-116.935065
4.733184	0.4	12.	-11.1	106.718259	-121.77
4.627336	0.4	12.	27.41	-30.33	-118.593928
4.861748	0.4	12.	42.783617	1.96	-120.77
5.073347	0.4	12.	24.8	18.366314	-120.77
5.340118	0.4	12.	8.48	5.898036	-120.77
5.020438	0.4	12.	-2.547122	8.48	-120.77
5.466269	0.4	12.	7.83	21.342133	-120.77
5.256289	0.4	12.	58.74	43.199718	-119.77
6.650474	0.4	12.	-15.01	72.74	-117.760921
5.03154	0.4	12.	-9.653695	28.05	-119.77
4.669403	0.4	12.	-44.907497	33.27	-119.77
4.762876	0.4	12.	-24.15	42.08	-120.729553
4.904781	0.4	12.	12.07	-25.564197	-118.77
5.547654	0.4	12.	53.19	-13.044411	-118.77
5.097822	0.4	12.	42.42	-8.48	-115.351155
4.87897	0.4	12.	27.74	2.206935	-118.77
5.10111	0.4	12.	-9.491642	50.56	-118.77
4.682731	0.4	12.	-10.44	88.39	-116.880028
5.499335	0.4	12.	75.71	73.76	-118.77
4.98237	0.4	12.	16.64	120.588367	-117.77
5.081503	0.4	12.	11.1	133.204666	-117.77
5.047079	0.4	12.	78.97	95.57	-116.149776
4.49833	0.4	12.	82.89	105.232123	-117.77
4.865662	0.4	12.	62.	78.28	-114.284883
5.079808	0.4	12.	8.16	53.988746	-117.77
4.765745	0.4	12.	42.223146	41.1	-117.77
4.504949	0.4	12.	92.784731	-5.22	-117.77
5.291542	0.4	12.	55.15	-37.84	-112.528034
5.06478	0.4	12.	-20.23	51.86	-122.442526
5.00717	0.4	12.	-15.34	37.806111	-117.77
5.190929	0.4	12.	-15.66	9.826182	-117.77
5.261386	0.4	12.	-17.286267	-12.39	-116.77
5.460886	0.4	12.	34.448357	73.39	-116.77
6.251372	0.4	12.	34.26	85.518192	-116.77
4.676817	0.4	12.	63.63	120.951736	-116.77
4.788827	0.4	12.	61.35	89.37	-115.303425
6.168022	0.4	12.	93.66	76.551924	-116.77
7.394542	0.4	12.	93.065341	92.31	-116.77
4.780975	0.4	12.	70.81	103.887207	-116.77
4.556804	0.4	12.	47.97	127.324376	-116.77
6.207483	0.4	12.	28.777808	134.38	-116.77
4.720167	0.4	12.	4.89	124.92	-120.206746
5.251254	0.4	12.	-10.632262	125.9	-116.77
5.275876	0.4	12.	-16.118607	116.12	-116.77
5.108688	0.4	12.	84.19	19.24	-115.662597
6.721482	0.4	12.	81.91	32.186007	-116.77
5.982496	0.4	12.	-28.72	-11.010272	-116.77
4.603024	0.4	12.	17.95	-52.207478	-116.77
5.403539	0.4	12.	37.2	-41.641891	-116.77
4.867627	0.4	12.	44.817267	-33.6	-116.77
6.039217	0.4	12.	93.98	58.810462	-115.77
5.270443	0.4	12.	-5.297104	116.77	-115.77
5.677508	0.4	12.	-21.21	102.826876	-115.77
5.514568	0.4	12.	-20.56	60.142297	-115.77
4.513261	0.4	12.	-31.65	59.04	-116.441767
5.142226	0.4	12.	6.53	-3.784032	-115.77
4.816129	0.4	12.	-4.24	-3.26	-112.810698
4.98288	0.4	12.	-13.71	-0.506945	-115.77
5.487518	0.4	12.	7.83	-46.32	-115.112883
4.516792	0.4	12.	84.85	7.304243	-115.77
5.131287	0.4	12.	17.95	1.95226	-115.77
4.961064	0.4	12.	83.21	-48.386724	-114.77
5.663893	0.4	12.	76.03	-56.661515	-114.77
4.706196	0.4	12.	69.18	-37.51	-115.435968
5.226153	0.4	12.	-31.02624	15.33	-114.77
5.583946	0.4	12.	-40.14	21.53	-115.46045
5.283217	0.4	12.	29.7	-49.573846	-114.77
4.483942	0.4	12.	-0.65	54.999441	-113.77
5.66632	0.4	12.	-33.94	37.51	-113.97103
8.172393	0.4	12.	-35.9	77.3	-121.642541
5.306573	0.4	12.	-40.14	67.84	-111.023226
5.1764	0.4	12.	11.42	112.86	-113.157875
5.25534	0.4	12.	84.52	64.876968	-113.77
4.658187	0.4	12.	71.79	63.6	-113.120984
5.809361	0.4	12.	98.22	-15.33	-114.020021
4.597231	0.4	12.	73.75	-29.43788	-113.77
4.672798	0.4	12.	89.74	-39.572565	-113.77
4.667214	0.4	12.	65.898029	-60.67	-113.77
4.860489	0.4	12.	61.02	-28.507705	-113.77
4.495428	0.4	12.	17.46879	-31.96	-113.77
4.651655	0.4	12.	-13.38	-25.44	-116.816275
6.912945	0.4	12.	-2.291184	-37.51	-113.77
4.529344	0.4	12.	62.98	55.048622	-113.77
7.124502	0.4	12.	-0.305859	39.79	-113.77
4.7194	0.4	12.	-26.120337	4.89	-112.77
5.385051	0.4	12.	-32.63	49.757343	-112.77
4.817683	0.4	12.	-9.14	101.850549	-112.77
5.394154	0.4	12.	6.53	84.15	-114.800578
5.813334	0.4	12.	90.945735	-26.75	-112.77
4.785513	0.4	12.	56.547853	106.98	-112.77
5.209314	0.4	12.	33.579338	116.44	-112.77
5.855236	0.4	12.	62.33	-49.499799	-111.77
4.55631	0.4	12.	1.96	-11.838137	-110.77
4.754365	0.4	12.	53.52	-59.794559	-110.77
4.523358	0.4	12.	47.64	-45.01	-106.992615
6.149663	0.4	12.	78.579683	84.48	-110.77
6.076295	0.4	12.	43.603431	5.54	-109.77
5.336477	0.4	12.	20.484282	13.37	-109.77
4.561753	0.4	12.	34.92	34.57	-113.487976
5.685776	0.4	12.	-1.342326	9.13	-109.77
5.184425	0.4	12.	-7.51	-14.859853	-109.77
5.116802	0.4	12.	12.505383	-38.81	-108.77
4.865326	0.4	12.	-14.03	65.444746	-108.77
5.990768	0.4	12.	-41.44	8.15	-109.530349
6.030568	0.4	12.	61.68	41.915861	-108.77
6.142665	0.4	12.	52.21	-21.856606	-107.77
6.284714	0.4	12.	27.176405	-36.21	-107.77
6.162492	0.4	12.	26.43	2.962636	-107.77
5.502219	0.4	12.	-43.261895	29.36	-107.77
4.575158	0.4	12.	-43.73	56.511037	-107.77
4.640802	0.4	12.	65.59	84.504767	-106.77
5.012524	0.4	12.	68.53	74.937375	-106.77
5.254804	0.4	12.	83.54	104.346592	-106.77
5.594013	0.4	12.	11.736603	123.29	-106.77
5.174755	0.4	12.	12.4	134.361201	-106.77
8.082685	0.4	12.	-34.92	98.18	-113.978764
5.753055	0.4	12.	-17.398648	28.05	-106.77
6.1104	0.4	12.	-17.11292	14.03	-106.77
4.504655	0.4	12.	12.73	56.43	-105.821083
4.585658	0.4	12.	31.98	57.580195	-106.77
4.991909	0.4	12.	-11.65303	84.8	-105.77
5.797509	0.4	12.	-16.64	124.205038	-105.77
5.337447	0.4	12.	1.31	126.552609	-105.77
5.108169	0.4	12.	63.31	114.16	-107.919883
5.047866	0.4	12.	96.92	73.39	-106.003737
4.75466	0.4	12.	92.897742	16.31	-105.77
5.856149	0.4	12.	13.38	-57.538032	-105.77
5.010832	0.4	12.	-20.56	-13.53929	-105.77
5.031472	0.4	12.	-33.29	-14.927921	-105.77
6.413741	0.4	12.	88.11	-4.411331	-105.77
5.426269	0.4	12.	33.29	71.141493	-105.77
4.596352	0.4	12.	35.495974	81.22	-105.77
5.082319	0.4	12.	78.779719	94.59	-105.77
4.699117	0.4	12.	90.07	88.266066	-105.77
5.824315	0.4	12.	14.68	-23.81	-105.060083
6.033972	0.4	12.	-45.36	40.874075	-104.77
4.575291	0.4	12.	42.42	-38.49	-103.170508
4.813158	0.4	12.	5.847723	-46.64	-104.77
5.609511	0.4	12.	79.95	7.5	-105.670726
5.6689	0.4	12.	68.2	-7.624783	-104.77
4.566317	0.4	12.	4.24	76.	-107.336189
4.6856	0.4	12.	-19.58	106.489058	-104.77
5.231478	0.4	12.	-7.18	117.413601	-104.77
7.645601	0.4	12.	63.96	97.87491	-104.77
5.191847	0.4	12.	74.08	113.346093	-104.77
6.487932	0.4	12.	37.2	-55.224249	-104.77
6.124532	0.4	12.	-10.77	0.80239	-104.77
5.339252	0.4	12.	90.72	6.85	-102.074514
5.28383	0.4	12.	-20.56	50.429537	-104.77
5.658484	0.4	12.	-32.26923	21.53	-103.77
4.492363	0.4	12.	-49.18083	19.9	-103.77
5.37261	0.4	12.	82.89	-52.303464	-103.77
4.670079	0.4	12.	72.77	-40.174513	-103.77
5.093055	0.4	12.	71.79	-51.260423	-103.77
4.507826	0.4	12.	43.08	-67.27127	-103.77
5.575214	0.4	12.	3.26	-3.3031	-103.77
5.288656	0.4	12.	10.12	11.64714	-103.77
5.428443	0.4	12.	-10.12	47.234942	-103.77
6.129596	0.4	12.	-33.61	60.67	-103.123669
5.251869	0.4	12.	77.67	19.407706	-103.77
4.575381	0.4	12.	71.14	13.37	-108.083417
4.787228	0.4	12.	21.21	28.05	-107.134421
4.561789	0.4	12.	-33.61	38.59771	-102.77
5.403415	0.4	12.	78.067793	65.23	-102.77
4.608137	0.4	12.	90.232419	62.3	-102.77
4.574981	0.4	12.	82.430031	-35.23	-102.77
5.131255	0.4	12.	69.83	-22.34556	-102.77
7.533532	0.4	12.	98.145447	-37.18	-102.77
4.908704	0.4	12.	60.846867	-63.6	-102.77
4.654055	0.4	12.	2.739773	-36.86	-102.77
4.803004	0.4	12.	-14.36	-22.18	-103.80125
4.985735	0.4	12.	-0.33	53.966945	-102.77
5.736162	0.4	12.	13.05	108.02613	-102.77
7.005581	0.4	12.	36.22	132.75	-96.378245
4.586664	0.4	12.	98.88	-9.18253	-102.77
4.580013	0.4	12.	-38.18	78.61	-100.703093
4.954772	0.4	12.	-27.813961	74.37	-101.77
4.714774	0.4	12.	-4.57	-45.911797	-101.77
4.629499	0.4	12.	89.41	78.905052	-101.77
5.39594	0.4	12.	-8.48	95.054274	-101.77
6.082715	0.4	12.	5.565654	85.46	-101.77
5.096798	0.4	12.	21.21	-43.05	-100.541555
5.140778	0.4	12.	62.33	-38.87208	-101.77
4.995683	0.4	12.	88.285816	-27.4	-101.77
6.600584	0.4	12.	30.35	-68.82	-105.148386
5.395204	0.4	12.	-2.61	-54.47	-107.076635
7.257046	0.4	12.	82.23	52.252339	-101.77
5.056783	0.4	12.	66.57	56.679153	-101.77
4.973269	0.4	12.	1.96	138.116671	-101.77
4.860914	0.4	12.	-44.71	66.21	-99.018314
5.262116	0.4	12.	-10.537454	-31.64	-101.77
4.485766	0.4	12.	59.72	-48.562193	-100.77
6.819719	0.4	12.	67.55	126.55	-104.172734
6.306532	0.4	12.	50.178404	-57.41	-99.77
5.344749	0.4	12.	-35.599076	-0.98	-99.77
5.117362	0.4	12.	24.15	-54.47	-98.801111
4.67926	0.4	12.	80.93	85.46	-99.103774
4.88289	0.4	12.	-8.48	-13.843912	-98.77
5.830555	0.4	12.	57.327877	78.61	-98.77
4.70434	0.4	12.	38.18	-0.33	-98.437772
5.084701	0.4	12.	32.31	34.9	-96.455898
5.758206	0.4	12.	95.94	31.96	-97.641789
5.406737	0.4	12.	12.201847	-32.94	-97.77
5.138327	0.4	12.	-21.122025	4.89	-97.77
5.058281	0.4	12.	32.63	9.674506	-97.77
5.317232	0.4	12.	60.7	23.81	-101.519689
4.514974	0.4	12.	61.02	44.241169	-97.77
4.642869	0.4	12.	53.460837	107.31	-97.77
5.351339	0.4	12.	33.29	-30.151327	-96.77
4.549909	0.4	12.	25.78	-20.22	-99.269259
5.622312	0.4	12.	55.905355	-13.37	-96.77
6.542036	0.4	12.	16.786491	4.57	-96.77
4.664163	0.4	12.	-38.285127	28.7	-96.77
5.004159	0.4	12.	-42.293965	12.39	-96.77
5.615165	0.4	12.	-42.42	55.980103	-96.77
6.621424	0.4	12.	-23.649671	113.83	-96.77
4.733042	0.4	12.	-25.13	63.877671	-96.77
5.02749	0.4	12.	-34.757221	98.18	-95.77
5.581267	0.4	12.	9.088772	120.36	-95.77
5.029709	0.4	12.	15.157566	137.97	-95.77
5.404112	0.4	12.	85.547061	102.42	-95.77
4.990787	0.4	12.	8.196924	57.73	-95.77
5.775733	0.4	12.	29.648394	56.1	-95.77
4.737773	0.4	12.	13.38	79.59	-96.692675
4.897759	0.4	12.	68.697002	80.24	-95.77
5.685144	0.4	12.	33.29	-43.38	-99.649681
4.781696	0.4	12.	3.26	-26.42	-99.921251
5.368923	0.4	12.	-11.1	21.2	-99.364051
5.743989	0.4	12.	-15.01	34.237631	-95.77
5.0727	0.4	12.	-21.309802	19.57	-95.77
5.698537	0.4	12.	51.89	-41.628704	-95.77
4.7924	0.4	12.	90.07	89.162412	-94.77
6.038017	0.4	12.	12.4	-52.51	-94.616186
5.456021	0.4	12.	-35.046803	-13.7	-94.77
5.677945	0.4	12.	68.243528	-10.44	-93.77
4.733246	0.4	12.	85.111431	2.94	-93.77
4.497976	0.4	12.	96.713613	5.54	-93.77
4.67943	0.4	12.	76.231749	6.52	-93.77
4.924178	0.4	12.	42.42	-35.510449	-93.77
5.282051	0.4	12.	1.561251	-46.64	-93.77
4.831122	0.4	12.	36.55	-58.492755	-93.77
4.514917	0.4	12.	-47.509035	38.16	-93.77
4.900787	0.4	12.	-16.32	122.31	-93.285432
4.54402	0.4	12.	-1.089326	123.62	-93.77
6.026133	0.4	12.	73.75	119.161362	-93.77
5.339411	0.4	12.	71.14	92.671184	-93.77
5.029869	0.4	12.	-14.03	-5.273243	-93.77
5.330829	0.4	12.	-18.93	-16.31	-95.811788
4.681102	0.4	12.	2.40606	76.32	-93.77
5.739976	0.4	12.	-18.93	50.686526	-93.77
5.407591	0.4	12.	-24.47	100.55778	-93.77
4.498513	0.4	12.	-3.59	-5.671822	-93.77
4.555391	0.4	12.	-10.77	3.91	-91.057764
5.057494	0.4	12.	-31.475598	49.58	-93.77
4.627192	0.4	12.	82.663468	-49.58	-92.77
4.626776	0.4	12.	74.08	-45.01	-91.508771
5.62146	0.4	12.	68.717184	-55.12	-92.77
5.036821	0.4	12.	49.28	-67.84	-91.523839
5.920051	0.4	12.	38.18	-75.530277	-92.77
6.080551	0.4	12.	-47.637712	22.83	-92.77
4.488258	0.4	12.	82.23	13.9298	-92.77
4.910352	0.4	12.	62.65	68.92455	-92.77
5.517241	0.4	12.	31.287393	119.05	-92.77
5.151886	0.4	12.	23.651701	127.53	-92.77
5.204558	0.4	12.	-15.152557	92.96	-92.77
5.0584	0.4	12.	-30.445441	23.16	-92.77
4.864421	0.4	12.	89.74	-6.666316	-92.77
4.503184	0.4	12.	-34.26	62.95	-92.215345
6.098247	0.4	12.	87.70956	-40.12	-91.77
5.068805	0.4	12.	75.622212	-33.27	-91.77
5.391509	0.4	12.	61.780099	-64.26	-91.77
4.591907	0.4	12.	-7.553609	-22.83	-91.77
5.20991	0.4	12.	-4.24	55.973934	-91.77
4.793908	0.4	12.	-35.9	40.252588	-91.77
6.080702	0.4	12.	-26.258854	-25.12	-91.77
5.839045	0.4	12.	21.86	-31.594528	-91.77
4.832497	0.4	12.	67.22	-21.901531	-91.77
4.684613	0.4	12.	102.79	-15.33	-92.447886
6.431952	0.4	12.	90.07	63.69694	-91.77
4.754653	0.4	12.	22.84	-42.939678	-90.77
5.279598	0.4	12.	66.507302	-38.49	-90.77
4.609358	0.4	12.	57.449685	-34.25	-90.77
5.612657	0.4	12.	96.061713	-30.66	-90.77
4.928972	0.4	12.	-34.92	74.69	-90.653645
6.578986	0.4	12.	-47.171573	75.67	-90.77
4.725751	0.4	12.	-14.36	-32.662592	-90.77
5.447988	0.4	12.	-4.442807	99.48	-90.77
5.824107	0.4	12.	1.96	137.562323	-90.77
4.790571	0.4	12.	92.557618	79.26	-90.77
4.981828	0.4	12.	5.22	-37.278022	-89.77
4.485294	0.4	12.	61.68	-48.27	-87.868464
4.654449	0.4	12.	-34.26	-6.52	-86.974029
5.72226	0.4	12.	-27.637686	5.54	-88.77
4.985471	0.4	12.	2.94	-56.428624	-88.77
4.803175	0.4	12.	28.72	-64.91	-88.280829
5.05636	0.4	12.	55.860889	-56.43	-87.77
5.312675	0.4	12.	94.206804	26.75	-86.77
5.026574	0.4	12.	45.457386	3.91	-86.77
5.971066	0.4	12.	30.67	7.771367	-86.77
5.602886	0.4	12.	24.7759	-53.82	-86.77
4.851755	0.4	12.	-6.53	-53.82	-89.757767
4.829732	0.4	12.	-16.64525	-46.64	-86.77
4.796996	0.4	12.	49.28	106.98	-84.96453
5.707801	0.4	12.	-33.61	109.27	-86.106818
5.431847	0.4	12.	-54.778177	30.99	-86.77
5.170108	0.4	12.	70.49	7.83	-83.654539
6.73076	0.4	12.	64.61	51.54	-89.185223
5.478358	0.4	12.	22.84	-14.703477	-85.77
4.879496	0.4	12.	10.77	-14.68	-89.176185
4.671346	0.4	12.	-42.8541	12.39	-85.77
5.059254	0.4	12.	-45.033915	50.56	-85.77
4.650332	0.4	12.	-42.75	66.160095	-85.77
4.551236	0.4	12.	24.8	56.43	-85.94624
5.286775	0.4	12.	18.340738	81.87	-84.77
5.136522	0.4	12.	-25.78	119.94507	-84.77
4.642875	0.4	12.	-39.433146	98.5	-84.77
5.207119	0.4	12.	10.77	123.481913	-84.77
4.815895	0.4	12.	9.46	142.329462	-84.77
4.65264	0.4	12.	63.96	127.53	-85.984843
6.174058	0.4	12.	78.011091	103.72	-84.77
4.625428	0.4	12.	52.54	-44.03	-84.694701
5.304489	0.4	12.	11.42	-29.398169	-84.77
4.979586	0.4	12.	1.63	-21.793413	-84.77
4.693743	0.4	12.	-15.01	20.55	-86.570805
5.586446	0.4	12.	-4.57	12.72	-89.942571
5.000689	0.4	12.	-22.385965	29.36	-84.77
5.31959	0.4	12.	-28.06	38.16	-85.56867
4.796921	0.4	12.	-37.632679	2.61	-84.77
5.378356	0.4	12.	77.67	66.87	-88.684102
6.432086	0.4	12.	72.619385	81.22	-84.77
6.133352	0.4	12.	19.91	116.44	-88.152901
6.328712	0.4	12.	49.28	-6.863615	-84.77
4.67566	0.4	12.	35.465683	-2.94	-84.77
5.632055	0.4	12.	92.68	93.29	-84.87744
4.543273	0.4	12.	82.56	93.071484	-83.77
4.512816	0.4	12.	-29.7	-17.274895	-83.77
5.559671	0.4	12.	-28.508477	68.5	-83.77
5.890841	0.4	12.	65.27	113.939641	-82.77
4.72401	0.4	12.	0.	121.99	-82.551537
4.642687	0.4	12.	-17.95	127.694903	-82.77
5.967085	0.4	12.	-21.86	107.335338	-82.77
4.634189	0.4	12.	70.53386	92.31	-82.77
6.483022	0.4	12.	81.980662	-3.59	-82.77
5.336308	0.4	12.	96.097542	3.59	-82.77
5.01504	0.4	12.	67.55	-5.003617	-82.77
6.311048	0.4	12.	83.21	-20.509243	-82.77
5.147766	0.4	12.	36.769433	-38.81	-82.77
4.691813	0.4	12.	10.44	-47.95	-83.545811
4.986042	0.4	12.	-5.22	-13.37	-80.13353
4.76402	0.4	12.	-13.71	-8.15	-81.349984
5.375635	0.4	12.	36.8149	-61.32	-82.77
4.786555	0.4	12.	0.65	-44.69	-81.635057
4.922597	0.4	12.	-46.99	40.874753	-82.77
5.255279	0.4	12.	-20.23	58.06	-81.382138
5.237361	0.4	12.	72.12	-48.6	-76.955782
6.258506	0.4	12.	82.89	-57.805512	-81.77
4.495369	0.4	12.	37.2	-71.374425	-81.77
6.308435	0.4	12.	13.38	-63.87006	-81.77
4.596575	0.4	12.	-42.42	21.85	-80.449048
4.63008	0.4	12.	-40.79	29.68	-85.957987
4.777625	0.4	12.	82.618808	16.63	-81.77
4.827003	0.4	12.	62.98	70.78	-80.469359
5.44941	0.4	12.	-19.25	90.526051	-81.77
5.319771	0.4	12.	-34.26	57.156178	-81.77
4.533051	0.4	12.	-31.	24.880415	-81.77
6.333715	0.4	12.	-16.32	-19.033688	-81.77
4.977396	0.4	12.	5.87	83.281911	-81.77
4.585804	0.4	12.	55.8	-67.52	-84.194925
4.918624	0.4	12.	68.2	-62.213553	-80.77
4.769693	0.4	12.	87.78	-43.689019	-80.77
5.00727	0.4	12.	78.32	-39.126804	-80.77
4.963838	0.4	12.	88.43	70.78	-81.886415
5.357579	0.4	12.	18.27	136.99	-84.146855
4.912948	0.4	12.	-28.39	-30.920727	-80.77
6.04943	0.4	12.	106.532977	-14.35	-79.77
4.735316	0.4	12.	71.47	-30.173101	-79.77
4.706831	0.4	12.	66.24	-40.741499	-79.77
6.825333	0.4	12.	48.905078	132.1	-79.77
5.157142	0.4	12.	-31.33	78.579283	-79.77
4.495953	0.4	12.	-39.81	73.950091	-79.77
5.134682	0.4	12.	90.07	-31.703463	-79.77
6.225117	0.4	12.	57.43	-27.863885	-79.77
4.638061	0.4	12.	62.	-52.581615	-78.77
4.830511	0.4	12.	-14.03	-33.469675	-78.77
4.976917	0.4	12.	-25.45	47.62	-74.455168
5.646333	0.4	12.	-36.22	44.404808	-78.77
4.723195	0.4	12.	91.737742	-9.79	-78.77
5.003129	0.4	12.	-29.118221	-1.63	-77.77
6.149241	0.4	12.	-41.033183	-11.42	-77.77
4.849706	0.4	12.	3.59	-53.82	-76.294283
6.149726	0.4	12.	-2.94	133.589097	-77.77
4.668584	0.4	12.	48.967627	-58.06	-76.77
4.997836	0.4	12.	27.74	-71.442463	-76.77
5.530768	0.4	12.	-6.675008	70.13	-76.77
5.188502	0.4	12.	-15.266915	40.45	-76.77
4.518167	0.4	12.	-31.	10.810375	-76.77
5.638609	0.4	12.	-6.2	-23.940925	-76.77
4.523626	0.4	12.	45.36	-67.52	-76.532563
4.757497	0.4	12.	-6.033435	-54.8	-75.77
6.883434	0.4	12.	-20.601993	-45.34	-75.77
5.746131	0.4	12.	41.44	3.088361	-75.77
4.777764	0.4	12.	29.830119	8.81	-75.77
6.031666	0.4	12.	55.567315	106.01	-75.77
5.080157	0.4	12.	78.428016	57.73	-75.77
4.521386	0.4	12.	20.88	-52.27231	-75.77
6.000901	0.4	12.	-56.665526	27.07	-75.77
5.047871	0.4	12.	-30.67	110.853772	-75.77
5.940293	0.4	12.	-48.037289	11.74	-74.77
4.646163	0.4	12.	-42.784567	56.1	-74.77
4.958051	0.4	12.	-41.415255	65.89	-74.77
5.167176	0.4	12.	45.36	98.18	-75.460049
4.971636	0.4	12.	64.357912	59.69	-74.77
4.867825	0.4	12.	14.128211	-14.68	-74.77
4.843439	0.4	12.	3.59	-16.686907	-74.77
5.176657	0.4	12.	61.883824	3.91	-74.77
5.813888	0.4	12.	65.570923	-19.24	-74.77
4.708685	0.4	12.	61.35	-67.330351	-74.77
4.547488	0.4	12.	-2.61	87.09	-79.264872
4.803927	0.4	12.	-16.64	19.801422	-73.77
4.713151	0.4	12.	-31.	36.069865	-73.77
4.561326	0.4	12.	-36.22	102.178889	-73.77
4.973534	0.4	12.	-22.52	116.892978	-73.77
4.906801	0.4	12.	21.86	124.217688	-73.77
5.997833	0.4	12.	9.79	126.998799	-73.77
4.754321	0.4	12.	62.169108	126.23	-73.77
4.999406	0.4	12.	78.32	80.032481	-73.77
5.413935	0.4	12.	88.756612	82.85	-73.77
4.602418	0.4	12.	71.79	106.429951	-73.77
6.497978	0.4	12.	85.50862	106.33	-73.77
5.157524	0.4	12.	3.253866	-32.29	-73.77
5.846653	0.4	12.	57.883652	-9.46	-73.77
5.285458	0.4	12.	29.7	-12.01097	-73.77
5.879245	0.4	12.	-5.424285	-0.65	-73.77
5.098664	0.4	12.	18.27	2.94	-72.868108
5.188581	0.4	12.	-23.17	29.36	-73.598017
4.715714	0.4	12.	55.48	-43.091009	-73.77
4.58187	0.4	12.	15.01	-32.29	-75.54382
4.609908	0.4	12.	32.67383	-41.1	-73.77
6.507101	0.4	12.	83.54	30.641916	-73.77
4.816619	0.4	12.	-44.38	1.63	-77.051727
5.066467	0.4	12.	68.85	51.21	-77.911
5.598285	0.4	12.	80.586875	69.47	-73.77
5.196905	0.4	12.	56.13	66.54	-72.643271
5.930304	0.4	12.	96.640943	93.29	-72.77
5.542951	0.4	12.	85.17	93.751523	-72.77
4.515817	0.4	12.	9.029538	78.61	-72.77
4.488162	0.4	12.	-25.78	67.230479	-72.77
4.590662	0.4	12.	-46.99	49.9	-69.104843
4.641469	0.4	12.	26.76	111.016487	-72.77
4.98879	0.4	12.	86.525975	-1.63	-71.77
5.47473	0.4	12.	82.56	-25.462048	-71.77
5.33727	0.4	12.	35.57	-60.99	-72.075053
4.735704	0.4	12.	0.33	-43.154112	-71.77
4.600216	0.4	12.	-34.26	-21.47456	-71.77
4.736062	0.4	12.	-46.01	35.173041	-71.77
5.696986	0.4	12.	66.613969	81.54	-71.77
4.653611	0.4	12.	74.4	95.175451	-71.77
5.04451	0.4	12.	-35.832031	85.13	-71.77
4.738053	0.4	12.	0.33	119.71	-72.81089
5.409775	0.4	12.	61.838695	114.81	-71.77
5.271306	0.4	12.	29.781694	-50.88	-71.77
5.13803	0.4	12.	-18.239694	-9.46	-71.77
4.83336	0.4	12.	42.1	-39.68942	-71.77
4.880845	0.4	12.	80.28	-15.290966	-71.77
5.110896	0.4	12.	19.25	-64.58	-71.690971
5.1583	0.4	12.	95.056518	7.18	-71.77
4.806376	0.4	12.	7.83	-61.147615	-70.77
4.652635	0.4	12.	76.36	-57.813108	-70.77
5.351533	0.4	12.	36.55	-74.540638	-70.77
4.720299	0.4	12.	-44.553267	22.51	-70.77
4.767525	0.4	12.	-16.32	94.763277	-70.77
5.798749	0.4	12.	63.96	96.87	-69.131588
5.066746	0.4	12.	-14.03	124.351192	-70.77
4.970953	0.4	12.	-36.079748	28.05	-70.77
4.995271	0.4	12.	-37.101317	15.33	-70.77
4.723135	0.4	12.	82.23	16.63	-70.963334
4.954446	0.4	12.	-14.03	61.32	-73.472468
4.816674	0.4	12.	-30.462573	56.1	-70.77
4.606379	0.4	12.	81.91	-46.339256	-69.77
4.929355	0.4	12.	73.1	-41.284457	-69.77
4.651425	0.4	12.	-28.356047	-30.33	-69.77
5.584314	0.4	12.	68.634187	68.17	-69.77
5.536313	0.4	12.	-22.35414	106.01	-69.77
4.859626	0.4	12.	34.26	99.16	-72.666274
5.898276	0.4	12.	35.9	110.9	-66.149283
4.791357	0.4	12.	67.22	-60.163909	-69.77
6.37656	0.4	12.	93.09744	-41.75	-69.77
4.575773	0.4	12.	74.73	23.813723	-68.77
5.707583	0.4	12.	62.65	-35.801611	-68.77
4.906777	0.4	12.	82.89	-35.789254	-68.77
4.710245	0.4	12.	-30.35	76.65	-69.317902
4.526993	0.4	12.	-39.718776	76.32	-68.77
4.967174	0.4	12.	1.63	69.28733	-68.77
5.302199	0.4	12.	6.53	90.68	-69.022521
4.92497	0.4	12.	72.44	-29.186479	-67.77
4.565226	0.4	12.	64.62619	-48.93	-67.77
4.613586	0.4	12.	-14.03	-26.639578	-67.77
4.501931	0.4	12.	25.78	60.356885	-67.77
5.580304	0.4	12.	-6.53	-12.410216	-67.77
4.839476	0.4	12.	-5.694849	12.39	-67.77
4.500851	0.4	12.	-3.26	56.43	-71.979746
4.875295	0.4	12.	-19.25	52.845876	-67.77
4.693069	0.4	12.	-34.468792	46.64	-67.77
6.280242	0.4	12.	12.4	50.56	-72.529324
5.510681	0.4	12.	40.46	13.37	-70.110826
4.584914	0.4	12.	57.11	76.	-69.540397
6.152113	0.4	12.	97.9	-14.001908	-67.77
5.105237	0.4	12.	92.35	-28.566702	-67.77
5.352547	0.4	12.	-26.947188	-3.26	-66.77
5.196825	0.4	12.	6.080512	-50.56	-66.77
4.576479	0.4	12.	-35.57	-11.898524	-66.77
7.307403	0.4	12.	16.64	141.159394	-66.77
7.329212	0.4	12.	54.5	134.22906	-66.77
4.557347	0.4	12.	-16.19393	42.08	-65.77
5.070576	0.4	12.	-9.79	69.76657	-65.77
4.962355	0.4	12.	47.64	-63.93	-63.871534
4.884343	0.4	12.	-26.11	8.626744	-65.77
5.397271	0.4	12.	57.43	-56.43	-69.537442
4.693501	0.4	12.	26.76	-69.15	-66.170833
4.771334	0.4	12.	74.37871	86.11	-65.77
4.524905	0.4	12.	41.12	-21.226523	-65.77
5.158958	0.4	12.	-1.31	-23.32026	-65.77
4.502035	0.4	12.	-24.8	85.696902	-65.77
4.847461	0.4	12.	-5.55	-51.032455	-64.77
6.119363	0.4	12.	-4.89	-64.428769	-64.77
7.754886	0.4	12.	55.48	-76.680593	-64.77
4.554265	0.4	12.	26.345946	-57.41	-64.77
4.852474	0.4	12.	15.34	-54.634731	-64.77
4.799377	0.4	12.	-35.24	4.922876	-64.77
4.714152	0.4	12.	-23.922655	-39.79	-64.77
5.163861	0.4	12.	36.87	2.824155	-64.77
5.654593	0.4	12.	-31.	106.33	-61.707511
4.517996	0.4	12.	-51.91815	30.33	-64.77
4.667282	0.4	12.	-35.262631	68.17	-63.77
4.636188	0.4	12.	-45.429011	60.02	-63.77
4.516132	0.4	12.	58.74	-64.445517	-63.77
4.835384	0.4	12.	17.266222	-12.72	-63.77
4.835553	0.4	12.	-3.217659	80.24	-63.77
5.095307	0.4	12.	68.2	55.28217	-62.77
5.52834	0.4	12.	85.103417	76.32	-62.77
6.607317	0.4	12.	66.71714	126.55	-62.77
6.282617	0.4	12.	18.6	126.974833	-62.77
5.543259	0.4	12.	-31.367495	94.92	-62.77
4.546488	0.4	12.	-25.701365	35.23	-62.77
5.337592	0.4	12.	-16.700147	-47.62	-62.77
4.597691	0.4	12.	65.27	1.3	-65.252198
4.549162	0.4	12.	55.48	34.9	-63.466411
4.886261	0.4	12.	55.858755	-41.75	-61.77
5.296692	0.4	12.	60.771803	64.26	-61.77
4.733022	0.4	12.	87.142764	90.35	-61.77
6.420404	0.4	12.	93.775149	101.77	-61.77
4.870439	0.4	12.	74.4	101.777174	-61.77
4.531879	0.4	12.	24.47	111.028023	-61.77
4.736263	0.4	12.	-25.950784	64.91	-61.77
4.73215	0.4	12.	35.48723	17.61	-61.77
4.942728	0.4	12.	78.97	55.589656	-60.77
4.697139	0.4	12.	79.3	65.23	-63.404321
4.865028	0.4	12.	83.54	-23.401451	-60.77
6.95798	0.4	12.	13.05	-70.794562	-60.77
6.047329	0.4	12.	34.92	-63.884591	-60.77
4.569825	0.4	12.	-45.36	37.435625	-60.77
7.293637	0.4	12.	-1.31	133.834068	-60.77
5.027732	0.4	12.	-17.526094	-13.7	-60.77
5.092424	0.4	12.	-32.96	26.75	-55.365988
5.547971	0.4	12.	-32.31	-24.027458	-59.77
4.619384	0.4	12.	-15.66	90.405601	-59.77
4.487361	0.4	12.	51.458252	96.55	-59.77
4.689572	0.4	12.	81.681559	12.39	-59.77
6.38882	0.4	12.	90.07	-6.85	-58.30853
5.489036	0.4	12.	35.9	-78.940956	-59.77
4.882899	0.4	12.	7.62062	-59.36	-59.77
5.123946	0.4	12.	81.064819	-58.06	-59.77
4.809595	0.4	12.	-40.988867	16.31	-59.77
7.132476	0.4	12.	-41.931164	83.83	-59.77
5.21796	0.4	12.	54.5	-11.42	-61.558536
5.554773	0.4	12.	63.96	96.87	-54.427996
5.103512	0.4	12.	-44.693078	26.09	-59.77
4.879408	0.4	12.	-34.59	37.282313	-59.77
4.701374	0.4	12.	84.19	-47.801936	-58.77
4.587803	0.4	12.	74.73	-48.492176	-58.77
4.969067	0.4	12.	70.452235	-57.08	-58.77
5.199856	0.4	12.	66.9	-68.088419	-58.77
5.174385	0.4	12.	37.2	99.48	-60.162891
5.413914	0.4	12.	-18.6	103.669211	-58.77
4.48441	0.4	12.	-21.86	-23.823209	-58.77
5.192334	0.4	12.	70.580666	67.19	-58.77
4.620496	0.4	12.	69.51	-39.03722	-58.77
4.651402	0.4	12.	80.587692	-36.53	-57.77
5.229119	0.4	12.	73.75	21.045237	-57.77
5.819511	0.4	12.	-27.078036	75.02	-57.77
5.385878	0.4	12.	3.968396	67.19	-57.77
5.235773	0.4	12.	39.16	-50.56	-56.646484
4.56759	0.4	12.	46.01	-70.45	-53.915579
4.999004	0.4	12.	-31.	15.98	-60.341613
5.171078	0.4	12.	-36.87	47.95	-53.894366
4.640974	0.4	12.	13.05	51.54	-53.454498
4.644067	0.4	12.	26.76	54.47	-59.535673
5.431758	0.4	12.	35.9	64.980892	-56.77
5.074562	0.4	12.	-30.35	-3.63257	-55.77
5.214671	0.4	12.	-39.488312	-9.46	-55.77
4.941788	0.4	12.	4.89	-50.23	-50.879819
7.369766	0.4	12.	5.587891	100.79	-55.77
5.309697	0.4	12.	79.037299	81.54	-54.77
4.944186	0.4	12.	75.38	-13.30973	-54.77
4.683737	0.4	12.	74.08	-30.01	-52.935482
5.169583	0.4	12.	54.82	-52.113364	-54.77
4.628213	0.4	12.	44.05	-59.69	-52.151428
5.116433	0.4	12.	27.09	-70.042854	-54.77
5.433613	0.4	12.	0.	-30.99	-56.316034
4.978518	0.4	12.	-13.250753	-24.79	-54.77
6.103075	0.4	12.	-22.136823	42.73	-54.77
5.085766	0.4	12.	-12.4	72.924287	-54.77
4.794503	0.4	12.	68.53	77.3	-58.379477
4.992988	0.4	12.	65.59	86.76	-59.529754
5.034019	0.4	12.	5.87	13.05	-58.442446
4.68074	0.4	12.	64.417391	-48.93	-54.77
4.508352	0.4	12.	17.582232	-60.02	-54.77
4.678261	0.4	12.	0.	-20.138367	-54.77
5.168394	0.4	12.	83.54	28.38	-59.206039
4.524009	0.4	12.	64.61	-30.317191	-54.77
5.384826	0.4	12.	27.41	-48.93	-59.278193
4.490826	0.4	12.	-0.98	18.92	-52.949048
5.128427	0.4	12.	-2.94	8.45204	-54.77
5.018689	0.4	12.	-28.06	51.54	-58.398716
4.522558	0.4	12.	-8.549379	63.6	-54.77
6.543014	0.4	12.	94.96	-44.050621	-54.77
5.507135	0.4	12.	93.983326	-30.01	-54.77
4.559854	0.4	12.	-20.56	14.35	-57.432994
5.521276	0.4	12.	45.03	-18.734005	-54.77
4.521577	0.4	12.	14.36	-46.250888	-53.77
5.650865	0.4	12.	-19.25	-35.488078	-53.77
4.843436	0.4	12.	-4.57	-54.47	-55.53282
6.560156	0.4	12.	-42.356882	4.89	-53.77
5.576687	0.4	12.	35.11054	10.11	-53.77
5.596639	0.4	12.	-1.63	79.065229	-52.77
4.633773	0.4	12.	-25.13	7.174708	-52.77
4.735318	0.4	12.	58.09	-67.756494	-52.77
5.8495	0.4	12.	65.59	52.906945	-51.77
5.098977	0.4	12.	63.31	117.40312	-51.77
6.269275	0.4	12.	47.21931	117.75	-51.77
4.640587	0.4	12.	-29.37	95.89	-52.330639
5.308383	0.4	12.	23.17	130.183337	-51.77
5.370537	0.4	12.	14.090165	121.99	-51.77
4.552049	0.4	12.	56.13	30.42351	-51.77
4.656132	0.4	12.	48.62	35.23	-55.910158
4.653254	0.4	12.	48.62	41.1	-48.194417
4.960588	0.4	12.	49.93	66.949457	-51.77
5.769676	0.4	12.	41.665187	74.69	-51.77
5.13746	0.4	12.	-5.87	-40.12	-51.677205
4.862267	0.4	12.	23.82	-53.49	-49.336705
4.766243	0.4	12.	62.226341	20.55	-50.77
4.651966	0.4	12.	60.7	-44.36	-46.908641
4.827059	0.4	12.	56.78	-36.53	-53.622482
4.695162	0.4	12.	-11.938043	-47.95	-50.77
5.535272	0.4	12.	-29.7	64.578068	-50.77
5.561639	0.4	12.	39.81	27.103878	-50.77
6.064083	0.4	12.	18.93	105.53301	-50.77
5.391548	0.4	12.	-2.61	114.611609	-50.77
4.650933	0.4	12.	24.8	8.15	-52.897142
5.160878	0.4	12.	15.01	11.09	-53.635658
5.682447	0.4	12.	-18.6	-1.477987	-50.77
5.373428	0.4	12.	90.303272	82.2	-50.77
4.565361	0.4	12.	82.018128	90.35	-50.77
6.846547	0.4	12.	81.91	104.941113	-50.77
5.160507	0.4	12.	-23.82	84.8	-51.747888
4.542164	0.4	12.	35.57	-66.286579	-49.77
4.775082	0.4	12.	33.981554	-55.78	-49.77
4.671969	0.4	12.	72.752361	61.32	-49.77
5.142571	0.4	12.	76.69	72.74	-48.508466
5.810005	0.4	12.	-20.56	-13.7	-46.651197
4.831448	0.4	12.	18.93	-72.762873	-49.77
6.312291	0.4	12.	41.995695	106.01	-49.77
5.958571	0.4	12.	87.46	-17.376683	-49.77
4.547319	0.4	12.	8.70418	38.49	-49.77
5.400413	0.4	12.	44.293065	-1.96	-49.77
4.914595	0.4	12.	31.	1.63	-48.696802
6.359666	0.4	12.	62.98	67.84	-48.727108
4.695861	0.4	12.	-43.08	36.217682	-49.77
4.531163	0.4	12.	86.8	42.974614	-48.77
5.557371	0.4	12.	-14.03	93.48053	-48.77
4.495798	0.4	12.	53.751808	100.13	-48.77
5.753074	0.4	12.	69.032001	105.35	-48.77
5.555834	0.4	12.	6.337383	-61.32	-48.77
5.144333	0.4	12.	36.87	-77.081143	-48.77
4.656882	0.4	12.	75.71	-53.82	-50.107562
5.305803	0.4	12.	-41.007617	26.42	-48.77
4.878012	0.4	12.	-29.830595	-19.9	-48.77
4.738098	0.4	12.	81.26	15.00714	-48.77
5.637374	0.4	12.	-32.099761	38.49	-48.77
5.579245	0.4	12.	-35.57	76.15925	-48.77
4.541772	0.4	12.	-34.92	89.281138	-48.77
5.614735	0.4	12.	56.13	89.305462	-48.77
4.528757	0.4	12.	68.351169	-38.81	-47.77
4.820713	0.4	12.	76.613289	-43.38	-47.77
5.442525	0.4	12.	64.94	-61.565607	-47.77
4.54509	0.4	12.	85.5	-48.6	-49.507656
5.216651	0.4	12.	52.86	-8.48	-50.898165
4.481961	0.4	12.	-22.525709	-26.75	-47.77
4.666725	0.4	12.	8.48	76.5348	-47.77
5.28801	0.4	12.	31.640794	101.11	-47.77
5.005021	0.4	12.	71.47	23.48	-46.746383
4.531939	0.4	12.	82.56	-33.6	-49.195989
5.325703	0.4	12.	6.53	-39.873466	-46.77
4.562373	0.4	12.	-27.09	72.41	-44.323282
5.171063	0.4	12.	15.66	58.794102	-45.77
5.231445	0.4	12.	-29.37	14.68	-46.688442
5.076511	0.4	12.	43.08	-67.52	-43.754312
4.521613	0.4	12.	70.81	93.29	-44.517064
4.523866	0.4	12.	36.87	64.58	-45.056855
4.508867	0.4	12.	31.98	57.41	-50.208537
4.791585	0.4	12.	-12.4	-34.10662	-44.77
4.982258	0.4	12.	-13.38	56.204948	-44.77
4.548883	0.4	12.	10.77	100.145141	-44.77
5.07615	0.4	12.	2.066241	-19.24	-43.77
4.611511	0.4	12.	-1.63	-33.665677	-43.77
5.281655	0.4	12.	-26.76	-5.22	-41.316913
4.831463	0.4	12.	52.25082	-61.65	-43.77
4.754229	0.4	12.	55.15	-51.841056	-43.77
4.523625	0.4	12.	72.927935	-30.66	-43.77
5.006628	0.4	12.	77.760364	-18.59	-43.77
4.839518	0.4	12.	84.85	25.371306	-43.77
4.706563	0.4	12.	68.53	78.61	-46.624903
5.22788	0.4	12.	76.359711	84.15	-43.77
4.726034	0.4	12.	-13.908045	45.34	-43.77
5.026976	0.4	12.	1.31	13.7	-44.56809
4.726609	0.4	12.	-8.81	20.87	-42.369392
6.113188	0.4	12.	38.095884	-11.09	-43.77
5.580832	0.4	12.	49.28	-15.905997	-43.77
4.637042	0.4	12.	26.11	-43.173768	-43.77
4.701532	0.4	12.	41.44	-56.353332	-43.77
4.852836	0.4	12.	25.45	-66.264791	-43.77
4.73039	0.4	12.	-10.77	-24.14	-43.964507
5.38338	0.4	12.	-3.504575	66.54	-43.77
5.752953	0.4	12.	-15.66	69.989485	-43.77
5.454019	0.4	12.	78.32	50.137072	-43.77
7.221101	0.4	12.	56.192797	110.57	-43.77
5.54741	0.4	12.	-22.52	107.076797	-43.77
5.389453	0.4	12.	-3.504449	-0.98	-43.77
6.59055	0.4	12.	-41.149592	13.37	-43.77
5.136381	0.4	12.	-7.236376	-51.54	-42.77
4.672356	0.4	12.	44.38	18.371656	-42.77
4.982133	0.4	12.	10.44	18.257742	-42.77
4.612927	0.4	12.	-33.61	2.071183	-42.77
4.848457	0.4	12.	63.63	-25.560084	-42.77
4.884782	0.4	12.	69.409143	-48.93	-42.77
4.666469	0.4	12.	13.71	-48.902542	-42.77
5.088989	0.4	12.	42.1	-24.14	-43.319398
5.365714	0.4	12.	64.29	84.8	-37.911227
4.607881	0.4	12.	-21.54	-36.704725	-42.77
4.528057	0.4	12.	-0.33	75.883672	-41.77
5.753644	0.4	12.	-26.11	25.460923	-41.77
7.02877	0.4	12.	-28.033044	51.54	-41.77
4.810535	0.4	12.	76.03	30.33	-39.928901
5.553164	0.4	12.	77.01	-10.11	-37.117531
5.071841	0.4	12.	69.038639	60.34	-40.77
5.143315	0.4	12.	39.147342	73.71	-40.77
4.676863	0.4	12.	51.56	33.6	-42.208991
4.519766	0.4	12.	61.35	-46.64	-37.47847
5.331617	0.4	12.	-14.03	-43.71	-40.995921
4.628094	0.4	12.	19.91	-58.466732	-39.77
6.463604	0.4	12.	-34.506887	64.91	-39.77
4.967732	0.4	12.	-26.43	87.529039	-39.77
5.128311	0.4	12.	21.387007	99.81	-39.77
4.904671	0.4	12.	20.88	9.13	-43.662408
4.876846	0.4	12.	-15.01	1.63	-41.266173
4.794413	0.4	12.	63.720824	20.87	-39.77
4.854654	0.4	12.	48.088353	64.91	-39.77
4.585082	0.4	12.	17.62782	-22.51	-38.77
4.921976	0.4	12.	32.31	-56.75	-39.060572
4.590007	0.4	12.	16.32	-68.079758	-38.77
4.604608	0.4	12.	77.01	74.04	-38.712959
4.558217	0.4	12.	67.22	73.792158	-38.77
4.936592	0.4	12.	-21.357216	-21.53	-38.77
5.016535	0.4	12.	-21.21	-12.07	-35.486247
4.68729	0.4	12.	5.22	-52.84	-36.902882
5.767508	0.4	12.	52.978081	-36.86	-38.77
5.176163	0.4	12.	4.24	36.618618	-38.77
4.771062	0.4	12.	27.41	5.87	-36.455221
4.847741	0.4	12.	53.84	90.025613	-37.77
5.580467	0.4	12.	-10.44	97.85	-32.472546
4.988844	0.4	12.	-15.01	87.74	-38.65505
4.940625	0.4	12.	-34.769434	82.52	-37.77
6.09007	0.4	12.	-38.18	44.168244	-37.77
5.624606	0.4	12.	-39.81	27.471981	-37.77
4.937213	0.4	12.	7.695459	-62.95	-37.77
6.317764	0.4	12.	76.03	-58.183228	-37.77
4.974051	0.4	12.	-1.898548	-59.69	-37.77
5.067299	0.4	12.	21.21	22.09283	-37.77
4.487669	0.4	12.	76.03	17.683248	-37.77
4.80087	0.4	12.	18.83605	35.88	-37.77
4.554228	0.4	12.	-22.48885	12.07	-37.77
4.75108	0.4	12.	-32.986105	-15.98	-37.77
4.778138	0.4	12.	51.56	-3.67492	-37.77
4.603125	0.4	12.	58.09	69.47	-38.429527
5.920803	0.4	12.	46.313302	104.05	-37.77
4.718326	0.4	12.	47.64	80.24	-39.145459
4.95244	0.4	12.	67.22	5.54	-33.399835
4.973611	0.4	12.	13.38	3.91	-39.230064
5.020822	0.4	12.	44.168934	29.03	-37.77
4.589317	0.4	12.	58.41	-17.29	-37.909245
4.90242	0.4	12.	18.244094	64.58	-37.77
4.554777	0.4	12.	-2.94	-11.631927	-37.77
4.887163	0.4	12.	-31.65	34.591521	-37.77
4.852502	0.4	12.	33.61	-74.244218	-37.77
4.816062	0.4	12.	7.135447	82.2	-36.77
6.256438	0.4	12.	29.7	-16.31	-33.373657
4.852724	0.4	12.	80.0916	-41.42	-36.77
4.795484	0.4	12.	34.59	105.342171	-35.77
4.957097	0.4	12.	78.64	-30.511116	-35.77
4.783539	0.4	12.	64.61	-56.43	-34.486831
5.443956	0.4	12.	8.16	-42.520688	-35.77
4.921664	0.4	12.	39.025619	64.58	-34.77
5.326224	0.4	12.	29.37	55.98927	-34.77
4.966831	0.4	12.	-12.07	-36.123701	-33.77
4.845771	0.4	12.	56.13	-9.13	-30.767765
5.167416	0.4	12.	-25.45	74.469974	-33.77
5.34175	0.4	12.	-34.01457	15.98	-32.77
6.1041	0.4	12.	-34.99696	-2.28	-32.77
4.976786	0.4	12.	0.	-36.096849	-32.77
4.68302	0.4	12.	-0.98	-20.87	-30.806221
4.778189	0.4	12.	22.577673	-44.36	-32.77
5.832087	0.4	12.	42.530527	-60.99	-32.77
4.788356	0.4	12.	26.76	-64.885549	-32.77
5.041513	0.4	12.	86.922522	28.38	-32.77
4.554723	0.4	12.	71.47	25.44	-32.526768
5.024561	0.4	12.	-17.3	47.800328	-32.77
5.125795	0.4	12.	-16.64	67.19	-30.627894
6.470983	0.4	12.	79.756303	62.62	-32.77
4.885304	0.4	12.	53.252139	-57.08	-32.77
5.311855	0.4	12.	69.215394	-37.51	-32.77
4.832183	0.4	12.	46.66	-10.418022	-32.77
4.857332	0.4	12.	1.31	8.348736	-32.77
5.088294	0.4	12.	52.808251	50.23	-32.77
4.759682	0.4	12.	14.248006	-34.9	-32.77
4.533501	0.4	12.	72.12	-24.266431	-32.77
4.721838	0.4	12.	-10.44	10.76	-35.706981
4.988715	0.4	12.	61.02	-26.75	-30.786053
5.328561	0.4	12.	39.81	-26.31789	-31.77
5.481141	0.4	12.	14.7173	-51.54	-31.77
5.327592	0.4	12.	-8.16	-50.88	-29.574423
4.87825	0.4	12.	10.12	15.98	-32.713537
4.498282	0.4	12.	-31.33	7.18	-28.078635
4.939802	0.4	12.	72.77	51.017292	-31.77
4.950525	0.4	12.	-2.690174	17.94	-31.77
5.222129	0.4	12.	43.600191	17.94	-31.77
4.578391	0.4	12.	53.84	-46.942908	-31.77
5.452261	0.4	12.	-9.685502	-26.09	-31.77
5.002058	0.4	12.	-11.42	-14.969316	-31.77
5.189177	0.4	12.	38.027917	36.53	-31.77
4.918159	0.4	12.	-21.330674	22.83	-31.77
5.439313	0.4	12.	1.31	64.58	-27.217395
7.456557	0.4	12.	-5.864619	75.35	-30.77
4.644974	0.4	12.	28.39	27.716557	-29.77
4.667049	0.4	12.	63.63	55.908729	-29.77
5.487789	0.4	12.	65.27	66.531756	-29.77
4.610615	0.4	12.	40.5127	75.02	-28.77
4.664047	0.4	12.	54.5	60.425559	-28.77
4.742574	0.4	12.	48.62	30.450928	-28.77
4.799288	0.4	12.	61.68	21.53	-26.222703
4.620738	0.4	12.	78.298183	31.96	-28.77
5.087064	0.4	12.	68.85	-47.182417	-28.77
4.786627	0.4	12.	19.58	9.79	-31.915924
4.56221	0.4	12.	-5.22	-3.26	-24.237142
4.995813	0.4	12.	-11.75	0.	-31.098462
4.575371	0.4	12.	-22.020817	3.26	-28.77
4.792649	0.4	12.	13.71	41.75	-30.280535
4.733371	0.4	12.	31.98	-42.4	-29.182148
4.515676	0.4	12.	25.327815	-53.49	-28.77
5.232732	0.4	12.	51.23	-30.820376	-28.77
4.768691	0.4	12.	13.05	24.14	-27.533449
6.828863	0.4	12.	18.27	98.83	-23.04216
4.492322	0.4	12.	34.628269	-56.43	-27.77
4.904372	0.4	12.	2.378136	35.55	-27.77
4.793774	0.4	12.	26.76	1.738734	-27.77
5.456638	0.4	12.	-19.25	-12.39	-22.5471
4.697003	0.4	12.	-25.78	-5.763652	-27.77
4.694894	0.4	12.	7.413385	-24.79	-27.77
4.545366	0.4	12.	60.04	-36.53	-28.977064
4.683157	0.4	12.	60.37	-17.61	-24.503613
4.504692	0.4	12.	48.343126	10.11	-26.77
4.542691	0.4	12.	40.46	27.07	-24.735333
5.360362	0.4	12.	19.576411	33.6	-26.77
5.668551	0.4	12.	21.54	18.27	-23.754061
4.711476	0.4	12.	9.14	6.52	-27.469288
4.713164	0.4	12.	-1.270554	-11.42	-26.77
6.189028	0.4	12.	20.23	-24.233329	-26.77
5.175683	0.4	12.	-21.21	14.053252	-26.77
5.248612	0.4	12.	5.87	-44.69	-25.370086
4.843306	0.4	12.	10.12	32.29	-22.743558
5.869602	0.4	12.	70.81	18.92	-20.655042
5.316349	0.4	12.	65.59	-61.496081	-24.77
6.933849	0.4	12.	36.22	69.15	-19.397804
4.977656	0.4	12.	8.715446	-55.45	-23.77
5.793072	0.4	12.	55.15	0.585819	-22.77
5.387106	0.4	12.	31.98	55.45	-17.422163
4.723735	0.4	12.	80.28	-34.25	-23.606922
4.943844	0.4	12.	53.791534	-56.75	-21.77
4.84644	0.4	12.	43.4	-61.016306	-21.77
4.530726	0.4	12.	19.527826	-37.18	-21.77
4.899998	0.4	12.	6.85	-34.9	-22.161109
4.615761	0.4	12.	51.559541	-12.72	-21.77
6.017283	0.4	12.	40.79	-13.526897	-21.77
6.537423	0.4	12.	90.457099	24.46	-21.77
4.585066	0.4	12.	-9.46	6.52	-20.76728
4.923272	0.4	12.	-10.77	15.66	-18.295852
4.672628	0.4	12.	-2.61	-37.712959	-21.77
5.199311	0.4	12.	-1.63	-24.14	-18.202999
5.252305	0.4	12.	71.311169	-27.4	-21.77
5.158894	0.4	12.	8.564875	15.	-20.77
5.200781	0.4	12.	60.467763	-48.93	-20.77
5.254394	0.4	12.	17.035197	-46.97	-20.77
5.325289	0.4	12.	41.12	-27.923108	-20.77
4.932657	0.4	12.	-11.75	-25.44	-19.480563
7.815741	0.4	12.	75.130958	59.69	-18.77
5.083158	0.4	12.	77.99	28.05	-16.754075
4.667937	0.4	12.	60.04	-26.079633	-17.77
5.917802	0.4	12.	31.65	18.825323	-17.77
5.081983	0.4	12.	15.66	6.146066	-17.77
5.026654	0.4	12.	31.33	-37.18	-18.925081
4.595417	0.4	12.	22.19	-55.78	-18.733373
4.527262	0.4	12.	-17.62	0.	-19.486706
5.052775	0.4	12.	45.256245	-3.26	-17.77
4.555402	0.4	12.	12.4	24.189157	-17.77
4.493321	0.4	12.	56.866844	22.51	-17.77
5.644519	0.4	12.	24.47	-2.610668	-16.77
5.205899	0.4	12.	33.649502	3.59	-16.77
4.744504	0.4	12.	24.47	10.11	-14.054194
5.046905	0.4	12.	1.63	35.882651	-16.77
6.316234	0.4	12.	63.787169	-36.86	-16.77
4.760205	0.4	12.	35.328756	-53.17	-16.77
4.766461	0.4	12.	26.76	-46.32	-16.580045
5.650853	0.4	12.	52.21	-32.908171	-16.77
5.243128	0.4	12.	60.7	-17.94	-10.80866
4.90077	0.4	12.	21.005088	32.94	-15.77
5.606232	0.4	12.	43.08	21.324371	-15.77
5.320014	0.4	12.	47.64	10.923754	-15.77
5.818957	0.4	12.	25.45	-17.679557	-15.77
4.846351	0.4	12.	17.62	-27.07	-13.823374
5.28897	0.4	12.	-4.89	-12.015736	-15.77
4.760242	0.4	12.	4.215685	6.85	-15.77
4.78785	0.4	12.	69.51	-46.707464	-15.77
5.976613	0.4	12.	40.14	35.956154	-15.77
5.882827	0.4	12.	60.37	59.69	-15.626045
5.152712	0.4	12.	-21.579966	11.09	-15.77
6.379013	0.4	12.	48.718875	-21.2	-14.77
5.574814	0.4	12.	-8.16	-1.63	-13.034104
5.210619	0.4	12.	2.130761	-45.34	-12.77
6.99672	0.4	12.	28.39	-60.34	-5.726182
6.925517	0.4	12.	55.15	-5.812557	-10.77
5.286836	0.4	12.	70.659287	-28.7	-10.77
4.810112	0.4	12.	42.75	-50.723828	-10.77
4.788137	0.4	12.	62.65	-58.23615	-10.77
5.325879	0.4	12.	74.025152	-39.14	-10.77
6.806115	0.4	12.	46.34	-65.640807	-10.77
5.178717	0.4	12.	4.468916	-57.73	-10.77
5.481187	0.4	12.	13.05	-36.21	-6.090062
4.617953	0.4	12.	-2.94	-37.048168	-10.77
4.824412	0.4	12.	-14.68	-14.813223	-10.77
4.940183	0.4	12.	-9.79	11.74	-8.837266
5.236322	0.4	12.	16.32	-50.811467	-9.77
4.804233	0.4	12.	58.74	-47.691178	-9.77
4.777694	0.4	12.	54.17	-55.78	-6.406137
5.620821	0.4	12.	-9.14	-25.44	-7.449638
4.542256	0.4	12.	7.213628	14.03	-9.77
5.349621	0.4	12.	4.12878	-28.7	-7.77
6.798769	0.4	12.	17.3	24.472974	-6.77
6.078966	0.4	12.	42.326723	-5.87	-6.77
4.64083	0.4	12.	38.868485	-41.42	-6.77
6.169486	0.4	12.	84.948335	27.72	-6.77
4.882325	0.4	12.	61.35	-35.55	-4.424125
5.006894	0.4	12.	25.13	2.233348	-5.77
4.682692	0.4	12.	25.45	-46.651107	-5.77
6.170022	0.4	12.	29.810478	13.7	-4.77
4.911251	0.4	12.	59.07	-16.96	-0.764
4.550887	0.4	12.	67.800818	-49.58	-4.77
4.813645	0.4	12.	-4.24	-15.528433	-3.77
5.553469	0.4	12.	46.388642	-26.09	-3.77
5.941036	1.	11.	35.24	28.159743	-145.77
5.167229	1.	11.	42.1	108.358077	-139.77
4.389728	1.	11.	54.82	30.33	-141.486798
5.717759	1.	11.	6.770996	43.05	-134.77
4.536554	1.	11.	36.505266	27.07	-134.77
4.864903	1.	11.	47.32	26.82012	-134.77
5.567043	1.	11.	44.969282	87.74	-134.77
4.891269	1.	11.	14.03	106.66	-132.320891
4.50585	1.	11.	26.76	33.603754	-132.77
6.46652	1.	11.	17.95	48.683115	-132.77
6.152311	1.	11.	-0.98	22.51	-136.167137
4.469513	1.	11.	25.45	67.381891	-131.77
4.584139	1.	11.	15.34	75.02	-135.91567
4.714661	1.	11.	13.71	91.98	-131.628051
5.278924	1.	11.	51.89	71.025716	-129.77
4.721472	1.	11.	41.44	33.361021	-129.77
5.701347	1.	11.	15.056199	36.53	-129.77
4.61844	1.	11.	30.35	-9.882888	-128.77
5.47497	1.	11.	41.44	54.8	-127.908308
4.349207	1.	11.	45.36	104.280176	-128.77
4.396936	1.	11.	10.44	101.11	-124.254188
5.272304	1.	11.	56.13	27.721512	-125.77
4.727426	1.	11.	8.48	42.08	-121.79065
5.83313	1.	11.	46.458076	86.76	-120.77
4.739654	1.	11.	30.02	30.09782	-120.77
4.575333	1.	11.	19.91	70.45	-121.316363
4.755939	1.	11.	14.68	34.784862	-117.77
4.447448	1.	11.	13.05	75.35	-117.676169
5.076395	1.	11.	1.96	66.563859	-117.77
4.577627	1.	11.	-3.26	76.65	-122.27784
5.239931	1.	11.	51.807245	75.67	-117.77
4.575386	1.	11.	44.38	105.212557	-117.77
4.689052	1.	11.	55.8	27.07	-112.044082
5.362768	1.	11.	44.71	27.72	-120.120382
4.423927	1.	11.	14.146679	101.11	-114.77
4.596808	1.	11.	31.65	-14.03	-119.163978
4.416957	1.	11.	31.98	-21.53	-110.989495
5.082699	1.	11.	0.560605	-24.14	-114.77
4.988257	1.	11.	17.627372	44.36	-114.77
5.13963	1.	11.	22.84	78.28	-114.511175
5.193094	1.	11.	22.84	91.33	-111.59952
4.971062	1.	11.	-27.74	85.481451	-112.77
5.087556	1.	11.	43.73	59.268434	-112.77
5.139946	1.	11.	39.396497	22.51	-110.77
4.576308	1.	11.	43.4	-22.83	-114.497514
5.365087	1.	11.	2.61	20.622342	-109.77
4.764058	1.	11.	45.03	74.259101	-108.77
6.396962	1.	11.	45.260384	89.37	-108.77
4.410667	1.	11.	-30.055258	-2.94	-107.77
4.488047	1.	11.	-20.699253	-2.61	-107.77
5.302266	1.	11.	50.25	42.73	-107.108594
4.626912	1.	11.	10.77	33.901812	-106.77
4.472848	1.	11.	9.14	44.553771	-106.77
4.636608	1.	11.	15.01	69.573709	-106.77
4.576523	1.	11.	15.66	78.801288	-106.77
4.726293	1.	11.	-6.53	73.39	-108.969024
4.838692	1.	11.	10.12	97.297921	-103.77
5.141657	1.	11.	32.31	-11.927464	-103.77
5.590607	1.	11.	50.58	53.111627	-103.77
5.21297	1.	11.	-0.33	68.5	-100.237192
4.564994	1.	11.	27.74	26.75	-100.422274
4.712784	1.	11.	19.875847	43.05	-102.77
4.345088	1.	11.	50.58	22.18809	-102.77
5.340485	1.	11.	21.21	88.39	-99.786057
4.648937	1.	11.	24.278855	75.67	-102.77
4.369168	1.	11.	70.49	29.930373	-101.77
5.928627	1.	11.	60.7	7.83	-106.301562
5.945687	1.	11.	-31.	86.44	-101.841094
5.273702	1.	11.	39.879148	53.17	-99.77
5.616323	1.	11.	45.69	31.819403	-99.77
4.638815	1.	11.	35.24	43.71	-102.353618
5.286313	1.	11.	41.44	15.07828	-99.77
4.715054	1.	11.	37.320422	25.12	-99.77
5.240312	1.	11.	39.81	-23.81	-104.519569
4.89472	1.	11.	9.420841	24.14	-98.77
4.831824	1.	11.	1.346407	30.01	-98.77
4.514557	1.	11.	20.56	67.84	-97.865196
5.598752	1.	11.	45.03	78.780414	-97.77
5.455339	1.	11.	-18.6	81.54	-97.611259
5.778496	1.	11.	-12.376305	65.56	-96.77
4.618592	1.	11.	-23.5	-6.2	-98.918471
4.808407	1.	11.	-29.04	12.359642	-96.77
4.811592	1.	11.	-25.837375	-36.21	-96.77
4.507235	1.	11.	18.93	56.490399	-95.77
4.51334	1.	11.	50.91	40.808616	-95.77
5.419303	1.	11.	4.456927	41.1	-95.77
4.386874	1.	11.	41.77	-17.29	-92.174655
4.422523	1.	11.	11.225015	68.17	-95.77
5.005171	1.	11.	51.56	87.41	-95.806006
5.403352	1.	11.	-0.692258	110.25	-95.77
4.718263	1.	11.	44.38	68.420278	-94.77
6.34207	1.	11.	31.98	96.006562	-94.77
4.651255	1.	11.	28.39	65.56	-91.2125
5.382052	1.	11.	14.887719	35.55	-93.77
5.145991	1.	11.	51.885636	-23.81	-92.77
4.603966	1.	11.	61.567564	36.53	-92.77
4.923934	1.	11.	41.12	87.74	-92.782671
4.516025	1.	11.	6.85	100.365078	-91.77
4.452817	1.	11.	15.99	45.899774	-91.77
4.413702	1.	11.	-2.94	68.82	-90.081149
4.708422	1.	11.	15.34	91.371057	-91.77
4.669603	1.	11.	52.497445	62.95	-90.77
4.584073	1.	11.	23.17	22.215478	-90.77
4.330292	1.	11.	72.12	15.556721	-89.77
4.55172	1.	11.	63.016169	10.44	-89.77
4.544054	1.	11.	91.37	15.98	-88.267308
5.46247	1.	11.	72.67915	30.66	-89.77
4.357188	1.	11.	32.31	25.473952	-88.77
4.941359	1.	11.	6.366696	-5.54	-88.77
5.038869	1.	11.	-3.562589	-32.29	-88.77
4.505294	1.	11.	-8.16	-42.4	-86.627555
4.359394	1.	11.	44.05	-47.61075	-91.77
4.346769	1.	11.	34.92	-49.9	-89.67248
5.023015	1.	11.	25.643482	45.99	-91.77
4.447573	1.	11.	12.491548	15.66	-90.77
4.455152	1.	11.	40.623024	43.71	-89.77
4.617277	1.	11.	22.84	101.091466	-88.77
4.982496	1.	11.	40.79	20.479218	-87.77
4.357853	1.	11.	10.345226	25.44	-87.77
4.97754	1.	11.	15.957173	70.13	-86.77
4.845797	1.	11.	51.89	54.269941	-86.77
5.480398	1.	11.	-32.63	85.78	-88.546705
4.699163	1.	11.	-6.85	111.995463	-86.77
5.362719	1.	11.	46.66	77.597811	-86.77
4.757181	1.	11.	-1.63	22.18	-85.606957
5.666177	1.	11.	62.98	21.300718	-85.77
5.200789	1.	11.	-23.82	-5.87	-85.710718
4.369764	1.	11.	2.94	30.66	-82.879963
4.431948	1.	11.	7.51	65.89	-86.795809
4.34461	1.	11.	15.99	57.230542	-84.77
4.465602	1.	11.	41.44	-17.29	-82.890435
4.42576	1.	11.	51.89	39.080528	-84.77
6.135408	1.	11.	8.48	47.62	-84.207429
4.576447	1.	11.	-11.1	34.764268	-83.77
5.496911	1.	11.	-19.58	75.02	-86.784601
5.273511	1.	11.	65.27	34.865223	-81.77
4.461731	1.	11.	50.58	-18.854728	-81.77
4.677342	1.	11.	43.444589	-26.75	-81.77
4.37454	1.	11.	9.14	35.55	-78.993125
4.766677	1.	11.	16.97	94.86097	-80.77
4.785066	1.	11.	12.4	105.076078	-80.77
4.856785	1.	11.	41.44	85.459323	-80.77
4.981759	1.	11.	27.671851	48.93	-80.77
4.378261	1.	11.	21.86	39.47	-78.661007
4.674471	1.	11.	14.68	28.38	-79.662541
5.259686	1.	11.	-4.57	50.296206	-80.77
5.319418	1.	11.	42.75	-47.62	-82.135177
4.417902	1.	11.	16.811887	-40.77	-80.77
5.042283	1.	11.	22.52	-28.714817	-80.77
4.345935	1.	11.	-15.01	10.76	-84.248172
4.597226	1.	11.	-19.057145	2.28	-80.77
4.897084	1.	11.	-22.52	15.869099	-80.77
5.513225	1.	11.	31.451665	18.59	-80.77
5.044116	1.	11.	15.66	17.581679	-80.77
4.628983	1.	11.	0.223474	39.47	-80.77
4.996566	1.	11.	55.15	79.918619	-79.77
4.814278	1.	11.	-3.92	96.55	-79.104283
5.153534	1.	11.	1.009144	108.29	-79.77
4.74273	1.	11.	6.2	59.785273	-79.77
5.76342	1.	11.	33.61	37.51	-82.984701
4.392802	1.	11.	25.13	29.36	-83.67737
6.173809	1.	11.	54.459092	11.74	-78.77
4.366232	1.	11.	90.484603	13.05	-78.77
5.279137	1.	11.	68.2	15.33	-73.809167
4.374023	1.	11.	73.75	30.441365	-78.77
4.501833	1.	11.	59.07	46.455277	-77.77
4.377168	1.	11.	36.61522	28.38	-77.77
5.681729	1.	11.	7.51	-6.85	-77.489631
4.893771	1.	11.	5.55	7.55194	-77.77
4.330188	1.	11.	-7.51	-40.313643	-77.77
4.666449	1.	11.	35.15251	-25.12	-76.77
4.604819	1.	11.	16.481592	65.89	-76.77
5.384504	1.	11.	-26.11	97.85	-77.604823
5.358117	1.	11.	-9.46	81.54	-74.379471
6.015045	1.	11.	77.99	44.03	-75.864414
4.996164	1.	11.	47.64	73.574866	-75.77
5.220676	1.	11.	39.49	46.64	-79.789434
4.722639	1.	11.	74.73	115.741098	-74.77
4.697957	1.	11.	55.8	34.745694	-73.77
4.663858	1.	11.	49.632399	42.08	-73.77
4.378625	1.	11.	-7.51	30.66	-76.049021
4.528863	1.	11.	17.62	83.905509	-70.77
5.311517	1.	11.	78.013832	6.52	-70.77
4.863692	1.	11.	64.94	36.844651	-70.77
4.398673	1.	11.	7.83	37.84	-68.815316
4.673687	1.	11.	49.28	-17.61	-72.577221
5.04692	1.	11.	50.028203	-29.03	-70.77
5.258051	1.	11.	23.5	-38.791901	-70.77
4.934016	1.	11.	3.59	29.018334	-70.77
4.332686	1.	11.	38.18	53.17	-68.537204
5.194797	1.	11.	38.83	62.62	-72.50093
5.240401	1.	11.	27.09	74.880659	-70.77
5.067246	1.	11.	26.76	87.536387	-70.77
4.676099	1.	11.	52.624702	50.88	-70.77
4.807364	1.	11.	4.468414	19.24	-70.77
5.995186	1.	11.	50.91	23.16	-74.40128
4.637682	1.	11.	57.142712	88.07	-70.77
4.961879	1.	11.	-7.83	116.44	-66.99363
5.291165	1.	11.	70.16	-4.24	-71.888219
5.816205	1.	11.	15.828235	22.51	-69.77
4.404598	1.	11.	20.115119	31.96	-69.77
4.654033	1.	11.	42.75	86.76	-70.040043
4.511939	1.	11.	17.62	93.61	-70.723696
4.612058	1.	11.	12.002087	102.09	-69.77
4.361187	1.	11.	-20.56	76.98	-71.740064
4.450258	1.	11.	27.41	49.01627	-69.77
4.375203	1.	11.	20.794619	41.1	-69.77
4.431627	1.	11.	2.75295	46.64	-69.77
4.93569	1.	11.	-4.380095	38.16	-69.77
4.366989	1.	11.	45.36	-48.27	-68.373648
4.568834	1.	11.	30.35	-26.75	-66.93575
4.659423	1.	11.	21.54	-22.51	-72.33184
4.82939	1.	11.	-2.61	-36.21	-65.572707
4.737565	1.	11.	-17.3	3.91	-68.197671
4.364966	1.	11.	-26.878687	18.59	-69.77
4.365431	1.	11.	-14.36	32.803295	-69.77
4.814902	1.	11.	-8.81	46.874413	-69.77
5.271284	1.	11.	39.028785	34.25	-68.77
5.163855	1.	11.	-1.96	105.518605	-68.77
4.526537	1.	11.	74.24778	35.88	-67.77
4.395884	1.	11.	62.98	22.057894	-67.77
4.596395	1.	11.	56.13	7.5	-67.045544
5.018737	1.	11.	10.12	63.154667	-67.77
4.381636	1.	11.	38.18	-31.413206	-67.77
4.441828	1.	11.	32.96	25.268801	-66.77
4.58562	1.	11.	60.7	47.210139	-66.77
4.47351	1.	11.	6.85	5.54	-67.300468
4.741757	1.	11.	8.81	-6.128843	-66.77
4.854396	1.	11.	39.81	-10.613649	-66.77
4.53987	1.	11.	-22.19	-19.551507	-66.77
4.639911	1.	11.	-14.613952	-36.21	-66.77
5.22479	1.	11.	67.88	-12.72	-61.959775
4.370501	1.	11.	-7.148801	22.18	-66.77
4.38007	1.	11.	15.01	-43.540884	-65.77
4.705188	1.	11.	17.95	65.56	-62.259359
4.432542	1.	11.	17.62	71.76	-69.956167
5.872911	1.	11.	23.5	11.998233	-65.77
5.118918	1.	11.	54.82	17.238249	-65.77
4.867238	1.	11.	70.81	44.448034	-64.77
5.076031	1.	11.	70.16	113.83	-62.135286
5.154634	1.	11.	41.197169	43.38	-63.77
4.721232	1.	11.	5.87	112.982018	-63.77
4.875619	1.	11.	-5.401318	93.61	-63.77
4.563073	1.	11.	62.	-23.121013	-62.77
4.734257	1.	11.	12.07	-31.770007	-62.77
4.934103	1.	11.	-16.181952	21.2	-62.77
4.710596	1.	11.	-26.76	24.815576	-62.77
4.556376	1.	11.	83.578173	37.84	-62.77
4.421912	1.	11.	52.362869	43.38	-62.77
5.078145	1.	11.	14.36	43.600169	-62.77
4.428153	1.	11.	7.634957	52.51	-62.77
4.354463	1.	11.	31.629184	44.69	-62.77
4.4463	1.	11.	29.37	34.25	-61.260059
4.34116	1.	11.	69.098715	28.38	-62.77
4.640322	1.	11.	35.57	89.485344	-61.77
4.66753	1.	11.	10.645965	73.71	-61.77
4.410737	1.	11.	9.14	82.956786	-61.77
4.343827	1.	11.	54.17	-0.65	-61.262007
5.216328	1.	11.	75.841637	0.98	-60.77
4.899704	1.	11.	18.27	80.831999	-59.77
4.437859	1.	11.	24.705461	73.06	-59.77
5.152003	1.	11.	54.915545	85.46	-59.77
5.44708	1.	11.	-5.87	27.4	-57.732687
4.387285	1.	11.	-11.058049	36.53	-59.77
4.965361	1.	11.	50.900176	26.09	-59.77
4.421034	1.	11.	3.59	29.521309	-59.77
4.517469	1.	11.	21.54	-39.821132	-59.77
4.738459	1.	11.	36.87	-40.45	-62.765779
4.796245	1.	11.	3.634389	-43.38	-59.77
4.384087	1.	11.	25.95271	-9.46	-59.77
4.881104	1.	11.	16.97	-2.94	-60.24112
4.57009	1.	11.	48.62	-31.707538	-59.77
4.56319	1.	11.	53.52	-21.396151	-59.77
5.146318	1.	11.	65.27	36.53	-57.407669
4.811233	1.	11.	31.225124	80.56	-59.77
5.416822	1.	11.	39.49	52.764384	-58.77
5.129243	1.	11.	14.221248	30.99	-58.77
4.453497	1.	11.	-1.96	38.390707	-58.77
4.60512	1.	11.	3.26	46.32	-55.391789
4.844409	1.	11.	25.78	-29.045736	-58.77
4.448883	1.	11.	45.69	-42.877503	-58.77
4.540437	1.	11.	16.374614	-21.53	-58.77
4.553123	1.	11.	65.27	10.869578	-58.77
5.317005	1.	11.	44.05	87.09	-55.118034
5.549913	1.	11.	18.93	91.61984	-58.77
4.560899	1.	11.	14.36	106.98	-61.159928
4.518806	1.	11.	-17.825905	30.01	-58.77
4.431271	1.	11.	16.97	20.926236	-58.77
4.330836	1.	11.	50.632943	51.54	-58.77
5.601607	1.	11.	22.84	45.01	-55.459714
4.621379	1.	11.	36.87	-33.046675	-56.77
5.723436	1.	11.	33.94	-22.386156	-56.77
4.35949	1.	11.	91.672861	17.94	-56.77
4.42604	1.	11.	55.866176	76.	-56.77
4.546753	1.	11.	-4.24	52.19	-59.619597
5.128674	1.	11.	-8.16	45.34	-53.349892
5.662367	1.	11.	-20.23	59.69	-54.341611
4.571505	1.	11.	59.427032	44.69	-55.77
4.782324	1.	11.	21.54	62.3	-53.213873
4.616812	1.	11.	31.895957	33.92	-51.77
4.428429	1.	11.	33.29	43.38	-47.653114
5.220305	1.	11.	73.42	43.05	-54.032665
4.482188	1.	11.	16.096972	-35.23	-51.77
4.832667	1.	11.	6.819374	-13.7	-51.77
4.354032	1.	11.	-3.59	-10.44	-50.120171
4.333024	1.	11.	-11.1	-7.5	-53.93289
4.51444	1.	11.	-12.4	9.46	-52.502365
5.025423	1.	11.	60.307206	-20.22	-50.77
5.448177	1.	11.	65.27	-1.96	-54.105172
5.06914	1.	11.	69.980863	13.7	-50.77
5.183032	1.	11.	50.496309	8.15	-50.77
4.339771	1.	11.	46.34	57.794697	-50.77
4.381621	1.	11.	41.44	46.845275	-50.77
4.50511	1.	11.	13.71	69.120311	-50.77
4.843748	1.	11.	-17.95	21.20255	-50.77
6.243842	1.	11.	26.726306	24.14	-50.77
5.009615	1.	11.	51.626994	21.85	-48.77
4.359398	1.	11.	19.91	80.56	-46.287174
4.571367	1.	11.	27.784943	69.47	-48.77
4.337261	1.	11.	29.301814	78.61	-48.77
5.195448	1.	11.	81.91	-1.596587	-48.77
5.023364	1.	11.	-5.581789	33.27	-47.77
4.43999	1.	11.	-15.34	30.231858	-47.77
4.400128	1.	11.	13.71	32.62	-45.220671
4.693268	1.	11.	66.24	32.94	-46.040683
5.052749	1.	11.	37.2	89.747249	-47.77
5.711024	1.	11.	24.15	89.857965	-47.77
4.548769	1.	11.	11.1	110.9	-44.133356
4.424916	1.	11.	48.95	-46.161854	-47.77
4.929141	1.	11.	44.526186	-36.53	-47.77
5.803385	1.	11.	19.25	-7.352942	-47.77
4.792824	1.	11.	66.526113	43.38	-46.77
4.579878	1.	11.	14.36	24.14	-50.518468
4.948562	1.	11.	37.2	-33.27	-41.298191
5.357944	1.	11.	36.55	-45.970021	-45.77
5.749652	1.	11.	93.920253	15.66	-45.77
5.633817	1.	11.	91.232607	4.24	-45.77
4.377469	1.	11.	0.98	42.460704	-45.77
4.59962	1.	11.	-4.24	53.292197	-45.77
5.217702	1.	11.	27.74	-33.6	-47.969482
4.552998	1.	11.	57.11	79.52403	-44.77
4.551731	1.	11.	58.423289	47.62	-44.77
4.519563	1.	11.	11.42	46.501742	-43.77
4.425205	1.	11.	36.22	9.345575	-42.77
4.419073	1.	11.	20.56	50.56	-46.891143
4.342244	1.	11.	-19.43524	38.16	-42.77
5.091109	1.	11.	2.61	26.544068	-42.77
4.475292	1.	11.	35.9	53.166064	-41.77
5.493144	1.	11.	3.273297	91.	-41.77
4.761333	1.	11.	54.5	57.601727	-40.77
4.672634	1.	11.	80.93	8.784144	-40.77
4.987679	1.	11.	9.170305	-12.72	-40.77
5.486781	1.	11.	7.18	-2.94	-44.858461
4.382979	1.	11.	-0.65	-44.743268	-40.77
4.379078	1.	11.	28.635802	-26.75	-40.77
4.533606	1.	11.	40.14	44.49419	-39.77
4.732114	1.	11.	27.41	46.64	-41.34853
4.405545	1.	11.	45.03	52.399819	-39.77
4.759286	1.	11.	73.1	41.922724	-39.77
4.330718	1.	11.	-10.789901	-7.18	-39.77
5.025059	1.	11.	71.47	-1.96	-43.206216
4.646214	1.	11.	62.	5.54	-42.389034
4.461007	1.	11.	68.85	12.698037	-39.77
4.879152	1.	11.	25.45	71.43	-38.01488
4.436231	1.	11.	17.424142	76.32	-37.77
4.491224	1.	11.	23.071009	83.5	-37.77
4.698585	1.	11.	54.5	24.46	-38.450297
4.978502	1.	11.	59.906071	37.18	-36.77
4.380807	1.	11.	-14.36	29.03	-36.242445
5.025325	1.	11.	-9.46	38.240736	-36.77
4.333817	1.	11.	20.56	-2.935689	-36.77
4.465488	1.	11.	67.88	40.12	-31.923579
4.505497	1.	11.	43.08	-41.42	-39.714525
4.429706	1.	11.	50.69429	40.12	-35.77
4.674846	1.	11.	0.65	46.382057	-34.77
5.063454	1.	11.	-3.59	58.230865	-34.77
4.432956	1.	11.	86.8	12.89664	-34.77
4.419373	1.	11.	39.16	-36.21	-32.038512
5.037179	1.	11.	23.82	-34.57	-35.152422
4.547506	1.	11.	42.1	-50.56	-33.057382
5.147249	1.	11.	38.83	0.079657	-33.77
4.404127	1.	11.	79.3	0.46639	-33.77
4.76214	1.	11.	90.07	0.035923	-33.77
5.204096	1.	11.	27.355412	91.65	-33.77
6.199994	1.	11.	7.988852	106.98	-33.77
4.677398	1.	11.	-5.55	27.469111	-33.77
4.395407	1.	11.	62.	47.714585	-33.77
4.376735	1.	11.	35.132766	84.15	-33.77
4.83867	1.	11.	30.02	76.32	-28.98528
4.592214	1.	11.	58.09	76.32	-30.27609
4.467375	1.	11.	16.32	91.109038	-33.77
4.682131	1.	11.	34.59	27.07	-36.760201
4.742108	1.	11.	27.287601	38.49	-33.77
5.862048	1.	11.	8.063073	53.82	-32.77
4.871659	1.	11.	31.65	-31.31	-28.016478
6.083546	1.	11.	22.19	56.75	-24.857906
4.55008	1.	11.	20.56	47.29	-34.888566
5.055556	1.	11.	-19.91	36.53	-31.308312
4.591812	1.	11.	33.94	8.623517	-29.77
4.781796	1.	11.	32.692026	18.92	-29.77
4.465555	1.	11.	6.53	-4.867085	-29.77
4.794616	1.	11.	7.18	-14.927368	-29.77
4.687001	1.	11.	63.96	-4.24	-34.18771
4.520101	1.	11.	37.85	45.66	-26.619983
4.765207	1.	11.	45.03	55.12	-26.517251
4.54247	1.	11.	28.06	48.27	-28.205749
4.906847	1.	11.	81.766416	42.4	-28.77
5.276919	1.	11.	69.51	-4.24	-23.27666
4.649386	1.	11.	81.91	10.44	-23.168902
5.183058	1.	11.	55.48	13.7	-32.886935
4.353468	1.	11.	23.17	84.270116	-26.77
6.281243	1.	11.	11.55941	78.28	-26.77
4.797272	1.	11.	22.52	71.11	-23.841736
4.635429	1.	11.	58.09	33.790933	-26.77
4.747192	1.	11.	3.26	24.14	-25.331662
5.207362	1.	11.	16.32	-8.720795	-25.77
4.632642	1.	11.	-14.03	25.77	-23.338896
4.676599	1.	11.	48.62	40.351287	-24.77
4.575499	1.	11.	45.087365	-37.18	-23.77
4.59785	1.	11.	41.350527	-49.9	-23.77
4.615554	1.	11.	67.736418	39.47	-22.77
5.267983	1.	11.	58.41	45.463472	-22.77
5.287028	1.	11.	2.873972	44.69	-22.77
5.452643	1.	11.	-8.277644	51.54	-22.77
4.703112	1.	11.	-4.89	23.81	-18.251245
4.572984	1.	11.	41.976455	4.89	-21.77
6.019095	1.	11.	5.55	-5.336897	-16.77
6.136971	1.	11.	26.76	61.97	-120.937065
5.43231	1.	11.	15.66	62.62	-114.993186
5.110024	1.	11.	10.44	68.17	-123.476335
5.408258	1.	11.	53.74772	12.72	-115.77