0.122416
0.130411
0.129648
0.146898
0.145471
0.151275
0.119986
0.149134
0.156118
0.133746
0.133776
0.151527
0.12426
0.166933
0.118145
0.140691
0.112486
0.128745
0.129306
0.166899
0.12244
0.139361
0.136681
0.159251
0.111049
0.157311
0.142447
0.112729
0.140831
0.136737
0.139482
0.149593
0.140322
0.154512
0.166631
0.15796
0.136264
0.115419
0.166014
0.132703
0.155535
0.158228
0.158254
0.145748
0.129499
0.154901
0.138588
0.140935
0.138806
0.135441
0.120561
0.126833
0.16266
0.162431
0.139375
0.146377
0.153061
0.118401
0.144983
0.1217
0.1138
0.113834
0.166392
0.141211
0.119007
0.148796
0.145027
0.12874
0.150329
0.133823
0.123171
0.124449
0.133183
0.11201
0.130803
0.143123
0.143506
0.114009
0.144916
0.138551
0.149716
0.157166
0.121402
0.167691
0.142104
0.164871
0.14874
0.119208
0.113131
0.110903
0.121782
0.141663
0.11886
0.114388
0.14329
0.168877
0.119772
0.119396
0.11982
0.114709
0.153104
0.136776
0.140607
0.146309
0.162984
0.117315
0.127415
0.113741
0.118612
0.114078
0.121105
0.156121
0.163861
0.141096
0.160678
0.123725
0.135702
0.132097
0.151763
0.166663
0.123073
0.15518
0.14119
0.155604
0.162852
0.124249
0.166382
0.111629
0.143691
0.163427
0.120019
0.135515
0.129614
0.144055
0.159619
0.133501
0.147281
0.167909
0.159708
0.158804
0.167306
0.120987
0.150226
0.154136
0.159173
0.150861
0.129804
0.112082
0.117211
0.127023
0.160294
0.164081
0.136997
0.169312
0.112027
0.161567
0.141713
0.168528
0.162633
0.11968
0.131203
0.11348
0.136647
0.136466
0.129602
0.164864
0.139673
0.152614
0.149878
0.159907
0.125482
0.156154
0.134634
0.113339
0.162239
0.168338
0.117019
0.140499
0.155334
0.116599
0.112032
0.136466
0.117787
0.168296
0.166409
0.165987
0.169025
0.151582
0.152149
0.132279
0.113846
0.136607
0.142579
0.14241
0.157177
0.146085
0.166821
0.147873
0.16273
0.117361
0.158813
0.168656
0.123875
0.164764
0.150582
0.153504
0.151147
0.157803
0.141778
0.155278
0.140213
0.164422
0.117417
0.161134
0.120503
0.15585
0.13756
0.146364
0.131842
0.134117
0.153804
0.167308
0.162728
0.146584
0.168066
0.148048
0.156636
0.16391
0.123594
0.116076
0.159696
0.135468
0.153626
0.166205
0.127792
0.128732
0.142982
0.143155
0.148424
0.145799
0.11967
0.135075
0.132143
0.114816
0.124178
0.16966
0.164558
0.157447
0.118109
0.14302
0.11323
0.150593
0.159337
0.164684
0.118832
0.128292
0.156792
0.139234
0.14295
0.162693
0.169297
0.111149
0.131079
0.142079
0.154869
0.168201
0.151709
0.126396
0.167068
0.16446
0.137445
0.15399
0.143494
0.169634
0.133358
0.162901
0.163596
0.13316
0.153653
0.164759
0.164248
0.114887
0.112
0.144345
0.110557
0.1219
0.111241
0.157536
0.12145
0.167125
0.156214
0.158994
0.135563
0.128013
0.150817
0.161511
0.162308
0.163824
0.160615
0.139109
0.139312
0.11392
0.137419
0.145733
0.116605
0.130627
0.125844
0.144811
0.136123
0.134906
0.113253
0.125582
0.124651
0.152546
0.149531
0.117151
0.117753
0.114678
0.154114
0.143369
0.160062
0.116367
0.125394
0.113247
0.149393
0.126646
0.152548
0.117818
0.14144
0.112753
0.116078
0.138136
0.152639
0.146081
0.122295
0.147127
0.151949
0.12889
0.158287
0.120681
0.124478
0.145684
0.162094
0.15912
0.145405
0.110137
0.166672
0.157549
0.13396
0.162407
0.150464
0.124542
0.120107
0.161667
0.129598
0.129509
0.13401
0.15581
0.119844
0.151297
0.148599
0.159281
0.132713
0.116714
0.161569
0.152791
0.144501
0.154468
0.15522
0.143305
0.158055
0.150221
0.142106
0.151156
0.167311
0.147665
0.159148
0.121338
0.155089
0.123295
0.134987
0.157452
0.133998
0.112707
0.122063
0.112572
0.14835
0.125106
0.135193
0.12031
0.163067
0.130461
0.122307
0.157723
0.111468
0.112387
0.141789
0.166002
0.146133
0.146071
0.148632
0.165316
0.123155
0.163094
0.112929
0.158722
0.111956
0.134903
0.14568
0.121808
0.157765
0.122659
0.120465
0.146831
0.166463
0.149694
0.122894
0.164815
0.132812
0.112099
0.123641
0.164413
0.162139
0.144948
0.143647
0.110065
0.117612
0.122878
0.159609
0.133257
0.129085
0.125707
0.127791
0.135691
0.121544
0.144049
0.14946
0.151135
0.131224
0.167407
0.124624
0.154896
0.133414
0.160685
0.132319
0.152456
0.130739
0.162629
0.155032
0.136066
0.13404
0.132376
0.136595
0.132818
0.114363
0.136417
0.146392
0.128287
0.134399
0.116061
0.138613
0.127545
0.110977
0.163065
0.122619
0.151019
0.119263
0.168459
0.14016
0.163484
0.153589
0.139831
0.146433
0.130957
0.141573
0.157815
0.126421
0.127561
0.130889
0.162558
0.115599
0.122401
0.128166
0.131091
0.153605
0.16318
0.113116
0.114714
0.110869
0.1216
0.111577
0.138126
0.124603
0.165195
0.15295
0.139319
0.114684
0.141804
0.149963
0.146463
0.135173
0.116648
0.158997
0.124958
0.140551
0.158248
0.14059
0.128162
0.161716
0.113444
0.153845
0.164053
0.137843
0.138162
0.119229
0.167708
0.162575
0.139318
0.134425
0.117595
0.165526
0.110335
0.121183
0.129444
0.113011
0.118672
0.153762
0.138937
0.130284
0.124206
0.137052
0.121127
0.129455
0.125838
0.159805
0.151782
0.130012
0.144814
0.12727
0.125838
0.125594
0.150625
0.14119
0.114605
0.113351
0.125524
0.136396
0.127057
0.150726
0.166975
0.156437
0.148168
0.155215
0.154809
0.145162
0.156383
0.133549
0.146317
0.124846
0.127412
0.11116
0.130839
0.118508
0.134692
0.119184
0.159741
0.154352
0.115932
0.159238
0.123627
0.116416
0.149767
0.167275
0.158874
0.147395
0.129696
0.126642
0.136063
0.131018
0.162666
0.110369
0.151787
0.130284
0.128299
0.148886
0.165269
0.163584
0.169831
0.114373
0.117777
0.168894
0.115415
0.15117
0.165738
0.118509
0.163065
0.111186
0.130561
0.124298
0.169074
0.160796
0.157671
0.164017
0.156806
0.160191
0.129266
0.154565
0.14987
0.127351
0.130242
0.164518
0.111935
0.151781
0.122526
0.159449
0.123094
0.115979
0.14717
0.116229
0.157944
0.164176
0.128751
0.126895
0.110407
0.139752
0.169309
0.154276
0.128643
0.146024
0.156901
0.116692
0.14476
0.162222
0.151387
0.124578
0.130563
0.142726
0.114054
0.134627
0.124251
0.139338
0.158364
0.132671
0.141079
0.115676
0.164546
0.122458
0.132924
0.149617
0.155502
0.120384
0.141043
0.16972
0.152457
0.114834
0.112598
0.139469
0.136796
0.139208
0.119953
0.131639
0.162843
0.154661
0.135006
0.164441
0.115658
0.12088
0.166795
0.116051
0.133282
0.127353
0.114385
0.121676
0.135049
0.127576
0.152128
0.124383
0.167569
0.128328
0.119295
0.143331
0.157433
0.136632
0.169749
0.136195
0.128266
0.124791
0.16765
0.123373
0.133737
0.123471
0.126201
0.135106
0.169864
0.164662
0.143026
0.14578
0.114749
0.144598
0.16389
0.137799
0.133904
0.116268
0.149134
0.169502
0.150684
0.135709
0.149288
0.145325
0.154703
0.148452
0.140221
0.166282
0.146321
0.148335
0.152159
0.161657
0.13278
0.152727
0.141411
0.131809
0.136081
0.151256
0.123611
0.16874
0.16854
0.127371
0.130306
0.169787
0.157338
0.157695
0.147942
0.158687
0.136886
0.159837
0.1176
0.140796
0.152956
0.124889
0.141914
0.132933
0.158106
0.150252
0.168972
0.166209
0.144576
0.114811
0.134829
0.120851
0.169738
0.141223
0.163117
0.148895
0.137975
0.115717
0.168069
0.147207
0.11936
0.133902
0.16295
0.142341
0.142621
0.136547
0.121025
0.124954
0.127107
0.141771
0.14359
0.134909
0.164341
0.128309
0.148986
0.127327
0.125315
0.131491
0.158355
0.142336
0.145404
0.123869
0.116117
0.148679
0.168808
0.116103
0.121272
0.110563
0.160298
0.138881
0.138112
0.164513
0.135029
0.142648
0.151941
0.114743
0.140565
0.139214
0.161353
0.146864
0.117045
0.146412
0.119851
0.133942
0.141941
0.162513
0.149542
0.157258
0.117562
0.141498
0.163969
0.116545
0.148074
0.114851
0.134674
0.152758
0.116025
0.158597
0.148269
0.163884
0.147309
0.134876
0.148853
0.139356
0.115625
0.148239
0.167016
0.138583
0.146168
0.145489
0.123516
0.150106
0.119393
0.156455
0.122783
0.120147
0.153545
0.125371
0.119766
0.147547
0.125045
0.125779
0.160636
0.133845
0.116275
0.121631
0.131784
0.162472
0.145986
0.125487
0.131506
0.163252
0.164032
0.136877
0.126131
0.143229
0.120731
0.161582
0.123919
0.120086
0.111603
0.129346
0.14331
0.159472
0.158255
0.111464
0.13229
0.139512
0.137963
0.112503
0.14702
0.144682
0.127929
0.13614
0.118198
0.127983
0.155682
0.112118
0.12617
0.169776
0.136817
0.119167
0.163174
0.111883
0.116962
0.125051
0.15558
0.163899
0.123405
0.150398
0.159127
0.166936
0.162459
0.133624
0.166218
0.136214
0.119751
0.128589
0.150867
0.166043
0.166843
0.145945
0.166932
0.134241
0.112462
0.12763
0.111916
0.161871
0.135953
0.115569
0.118268
0.124518
0.123381
0.162064
0.155851
0.130683
0.133087
0.145692
0.142107
0.130013
0.161281
0.125939
0.166036
0.13339
0.150984
0.126501
0.111677
0.166437
0.142038
0.15027
0.146452
0.155052
0.168879
0.15366
0.161439
0.169511
0.155568
0.118762
0.129578
0.111727
0.151673
0.167525
0.153743
0.154205
0.120477
0.131325
0.144479
0.137597
0.160023
0.158927
0.129437
0.137701
0.150438
0.145714
0.118063
0.11117
0.117507
0.123397
0.136948
0.142072
0.169423
0.153041
0.168803
0.113224
0.148212
0.167623
0.126195
0.166964
0.164134
0.121679
0.154037
0.120492
0.116308
0.128847
0.130926
0.133938
0.127035
0.128835
0.153097
0.166679
0.115267
0.126772
0.14577
0.159706
0.156929
0.143434
0.112177
0.150162
0.160939
0.113928
0.131646
0.125483
0.135956
0.128364
0.167995
0.117796
0.123046
0.163604
0.147302
0.13389
0.131365
0.148794
0.153985
0.153902
0.167491
0.112757
0.135462
0.110541
0.152228
0.156854
0.14389
0.111398
0.110454
0.169338
0.122099
0.1594
0.131657
0.137675
0.116603
0.156876
0.137207
0.127826
0.131504
0.138946
0.135873
0.151929
0.150504
0.110412
0.114739
0.137638
0.156652
0.159006
0.147883
0.131893
0.16325
0.125056
0.113967
0.153629
0.156008
0.1639
0.15601
0.166813
0.142144
0.167587
0.168691
0.141326
0.160722
0.163882
0.165874
0.137458
0.15555
0.166328
0.158642
0.165824
0.136817
0.160033
0.169267
0.132178
0.120246
0.15939
0.145223
0.167697
0.139348
0.125211
0.150693
0.16487
0.147024
0.12935
0.139431
0.134447
0.115036
0.145518
0.162741
0.143198
0.127968
0.16382
0.157658
0.156549
0.145938
0.143433
0.127982
0.142859
0.16951
0.139005
0.151086
0.138801
0.154791
0.122685
0.124909
0.11587
0.15252
0.161345
0.157342
0.154571
0.116271
0.141252
0.160798
0.160617
0.132665
0.126326
0.117518
0.151481
0.143308
0.110508
0.134962
0.136347
0.157062
0.1598
0.145376
0.118524
0.145599
0.153572
0.135703
0.122648
0.125923
0.169591
0.138845
0.159665
0.146194
0.159071
0.167333
0.149023
0.147659
0.148794
0.113728
0.166292
0.163923
0.151692
0.128624
0.130613
0.114574
0.14119
0.146527
0.15363
0.110004
0.120186
0.137797
0.131711
0.167124
0.165932
0.167484
0.122392
0.119582
0.144306
0.145575
0.151917
0.128349
0.133631
0.130213
0.11774
0.115216
0.142937
0.129064
0.169565
0.153414
0.144326
0.153034
0.168594
0.135619
0.164781
0.163839
0.160114
0.112877
0.131557
0.127745
0.147748
0.118171
0.132443
0.161887
0.125016
0.11177
0.169967
0.146309
0.124652
0.136292
0.154106
0.143479
0.1363
0.146213
0.12086
0.158527
0.159144
0.139234
0.155303
0.134262
0.153541
0.119241
0.140544
0.150082
0.119155
0.113762
0.130227
0.136757
0.155459
0.117832
0.164091
0.12322
0.132713
0.135365
0.168361
0.120621
0.162937
0.143075
0.12929
0.163991
0.142527
0.137773
0.158478
0.131649
0.16826
0.143331
0.156189
0.150807
0.122312
0.160077
0.161928
0.112491
0.146852
0.126397
0.154802
0.139272
0.157543
0.141468
0.145851
0.123202
0.131841
0.127835
0.161097
0.168421
0.147417
0.163537
0.168854
0.148819
0.157929
0.134292
0.138942
0.113834
0.158176
0.131064
0.160956
0.169508
0.139059
0.131382
0.113262
0.164845
0.152298
0.136285
0.168087
0.153429
0.149408
0.140886
0.162623
0.11361
0.138289
0.128661
0.121682
0.119063
0.164085
0.114239
0.167503
0.151993
0.110721
0.110293
0.161197
0.138037
0.160203
0.123237
0.158358
0.124915
0.169896
0.166274
0.143237
0.164762
0.148129
0.156806
0.144033
0.121506
0.164375
0.140891
0.169939
0.13264
0.122367
0.153797
0.128806
0.117055
0.163316
0.151587
0.166394
0.13503
0.158946
0.158291
0.131624
0.164829
0.127299
0.1199
0.137352
0.124569
0.110115
0.146921
0.149674
0.14962
0.150829
0.161039
0.112239
0.150847
0.144268
0.151413
0.163734
0.126012
0.114113
0.128816
0.157351
0.1399
0.136222
0.120104
0.125874
0.151033
0.158998
0.152331
0.144592
0.169644
0.137672
0.139601
0.126438
0.149306
0.134423
0.127998
0.146326
0.15747
0.168254
0.156403
0.145999
0.136944
0.119208
0.122674
0.152021
0.167371
0.148128
0.163476
0.122977
0.151013
0.128904
0.111523
0.159215
0.13596
0.115322
0.166105
0.133447
0.145276
0.12439
0.149214
0.131992
0.138875
0.134101
0.130028
0.126055
0.156071
0.124423
0.167677
0.165413
0.126455
0.123397
0.125127
0.12482
0.124375
0.135695
0.159556
0.147031
0.121632
0.158485
0.169138
0.118916
0.161182
0.124316
0.135016
0.129344
0.136042
0.129645
0.115938
0.15027
0.112962
0.12206
0.139948
0.126525
0.135176
0.14582
0.112949
0.163201
0.161498
0.115104
0.120645
0.110804
0.145399
0.152472
0.155535
0.122838
0.16797
0.139063
0.113748
0.120708
0.130296
0.162829
0.112563
0.131324
0.148444
0.159673
0.112677
0.15745
0.113069
0.127786
0.126329
0.164807
0.146328
0.140133
0.154196
0.116727
0.163069
0.141773
0.11033
0.119772
0.12574
0.112332
0.150924
0.111692
0.139997
0.138842
0.126712
0.14543
0.127245
0.165197
0.110364
0.143872
0.132122
0.132282
0.111272
0.151235
0.143274
0.155926
0.15748
0.124794
0.121988
0.132016
0.153174
0.117522
0.135794
0.110981
0.114261
0.152618
0.158177
0.164612
0.164727
0.147772
0.11789
0.113728
0.156653
0.154529
0.147556
0.153746
0.122181
0.1577
0.168474
0.135209
0.124743
0.138807
0.150138
0.161143
0.166719
0.117724
0.151799
0.114805
0.116214
0.117872
0.140903
0.138907
0.136753
0.157891
0.141736
0.150131
0.139
0.129961
0.125528
0.168422
0.125862
0.157396
0.139824
0.129247
0.146977
0.110414
0.113776
0.165201
0.16437
0.159892
0.16482
0.150749
0.156624
0.15162
0.121931
0.137143
0.157333
0.110115
0.143335
0.135995
0.113505
0.136518
0.160376
0.147095
0.154496
0.166138
0.129519
0.154759
0.162374
0.135997
0.141294
0.14916
0.138141
0.120998
0.12356
0.134717
0.110918
0.15504
0.113727
0.135901
0.142567
0.146609
0.136174
0.114864
0.127037
0.114394
0.153799
0.130783
0.149132
0.138905
0.132956
0.129613
0.116182
0.132225
0.132646
0.138908
0.157737
0.151484
0.160987
0.140737
0.161302
0.137926
0.125891
0.147769
0.143764
0.142469
0.133599
0.135228
0.118227
0.127531
0.110439
0.165962
0.146556
0.163511
0.135249
0.134011
0.143236
0.145776
0.140377
0.145233
0.117969
0.155696
0.149069
0.131065
0.128756
0.126455
0.118972
0.130061
0.159982
0.124015
0.114154
0.139684
0.117329
0.134157
0.115473
0.153233
0.130541
0.143978
0.149271
0.14915
0.152051
0.128066
0.115128
0.148006
0.125986
0.163655
0.128016
0.152903
0.129821
0.131892
0.145541
0.164311
0.125872
0.16699
0.154324
0.110268
0.161044
0.151734
0.143746
0.130263
0.129968
0.114639
0.137498
0.149431
0.144317
0.134127
0.166082
0.131632
0.166863
0.111807
0.136466
0.152043
0.15218
0.14061
0.146735
0.154782
0.158086
0.130203
0.143846
0.161316
0.14535
0.140494
0.161206
0.151028
0.11638
0.140117
0.11115
0.136557
0.164431
0.11268
0.166711
0.120823
0.132194
0.122314
0.115735
0.135964
0.126654
0.116051
0.139935
0.124342
0.130976
0.143496
0.142884
0.135276
0.13313
0.13284
0.126844
0.120795
0.117637
0.110941
0.155185
0.140297
0.153327
0.155666
0.126137
0.121617
0.113849
0.135522
0.152129
0.168639
0.143095
0.112628
0.144929
0.126703
0.142532
0.136599
0.117032
0.132796
0.15589
0.165102
0.151562
0.168237
0.11757
0.148785
0.133211
0.143741
0.121901
0.133636
0.130415
0.131389
0.132382
0.116922
0.140073
0.159015
0.13061
0.139912
0.117081
0.144531
0.140928
0.131317
0.161801
0.130641
0.137413
0.124285
0.15627
0.126404
0.1415
0.141867
0.162403
0.166257
0.112923
0.168731
0.14794
0.114358
0.122709
0.131593
0.135601
0.155489
0.164945
0.147784
0.167355
0.155307
0.141567
0.161007
0.158962
0.117928
0.155643
0.147034
0.133859
0.160476
0.112299
0.115772
0.166886
0.133761
0.141936
0.164219
0.130402
0.149834
0.153642
0.123381
0.143327
0.137314
0.146616
0.142639
0.141101
0.127163
0.162741
0.166193
0.158373
0.168145
0.141454
0.116772
0.149014
0.121453
0.161416
0.166571
0.116207
0.127786
0.157942
0.136503
0.139551
0.111771
0.144359
0.144348
0.154501
0.114596
0.15723
0.12161
0.141856
0.165448
0.169163
0.168518
0.128286
0.155218
0.122381
0.161683
0.149471
0.116132
0.144828
0.167809
0.160692
0.155186
0.152183
0.124797
0.112396
0.137727
0.117042
0.119697
0.135185
0.149967
0.168389
0.126779
0.141884
0.165842
0.12
0.157355
0.116178
0.163017
0.141334
0.168448
0.155366
0.153354
0.110156
0.122337
0.125622
0.114797
0.15412
0.159359
0.130603
0.118168
0.149953
0.159826
0.150417
0.118368
0.13273
0.150702
0.140956
0.168683
0.126063
0.162015
0.132425
0.118198
0.114961
0.154329
0.132324
0.132831
0.12813
0.127672
0.125589
0.137809
0.169271
0.133105
0.166594
0.12002
0.1655
0.15526
0.161396
0.146143
0.116442
0.137328
0.149275
0.113452
0.111276
0.127388
0.165889
0.140841
0.162518
0.132686
0.163071
0.142086
0.163556
0.116166
0.122723
0.152096
0.131681
0.110084
0.133059
0.129209
0.133601
0.120875
0.122563
0.145623
0.145668
0.120348
0.16598
0.113373
0.122103
0.140495
0.155553
0.118763
0.165864
0.135317
0.11339
0.150452
0.126789
0.156805
0.16777
0.151295
0.139905
0.115942
0.127265
0.142287
0.11068
0.126971
0.145374
0.120323
0.120206
0.150581
0.144176
0.1431
0.168046
0.147705
0.129473
0.141261
0.161896
0.169646
0.160309
0.130844
0.154965
0.166365
0.150085
0.138872
0.12717
0.145709
0.130184
0.167573
0.136525
0.16772
0.150583
0.152365
0.167462
0.166393
0.160025
0.119314
0.159826
0.137848
0.127921
0.141398
0.159898
0.142348
0.12559
0.131242
0.121204
0.131039
0.121383
0.160141
0.133049
0.11057
0.128541
0.160205
0.12688
0.156881
0.141891
0.119235
0.141515
0.126994
0.152892
0.154063
0.136978
0.120925
0.118132
0.126366
0.148139
0.158371
0.150073
0.127195
0.118546
0.124753
0.151514
0.114305
0.13992
0.16916
0.164294
0.144512
0.155991
0.154806
0.15172
0.150639
0.126944
0.144912
0.147132
0.158854
0.110959
0.122861
0.169272
0.15904
0.147925
0.150929
0.158493
0.12678
0.149898
0.111759
0.142663
0.141738
0.16239
0.121256
0.165888
0.168581
0.129872
0.147423
0.141624
0.137545
0.131514
0.130056
0.114992
0.133424
0.124361
0.139176
0.152006
0.118236
0.159588
0.165803
0.159724
0.139097
0.149586
0.137384
0.135108
0.112058
0.165611
0.112603
0.138564
0.133145
0.142044
0.16989
0.164148
0.110885
0.156831
0.139117
0.133413
0.159385
0.162465
0.169901
0.12174
0.162198
0.128449
0.134674
0.15898
0.132095
0.135573
0.115473
0.15005
0.153878
0.128049
0.13028
0.154059
0.169127
0.151926
0.115396
0.138244
0.148122
0.141516
0.11848
0.126531
0.169226
0.1577
0.166
0.130902
0.122548
0.150822
0.131325
0.136302
0.164527
0.160015
0.133483
0.154039
0.12744
0.127528
0.127808
0.111491
0.165071
0.151162
0.124057
0.139841
0.157435
0.132814
0.123115
0.15336
0.15637
0.151597
0.14718
0.155738
0.140689
0.129764
0.110081
0.144839
0.12031
0.121694
0.119019
0.140325
0.111043
0.138272
0.112765
0.136536
0.119814
0.144326
0.159099
0.115121
0.12397
0.124763
0.131116
0.134545
0.116855
0.134433
0.150556
0.142581
0.131428
0.149696
0.150722
0.117894
0.136377
0.166232
0.144213
0.144658
0.155876
0.124817
0.151631
0.127692
0.144242
0.148088
0.133933
0.124933
0.16612
0.136934
0.141907
0.14809
0.150087
0.136341
0.120379
0.151663
0.165496
0.132236
0.148327
0.163381
0.138977
0.147789
0.137901
0.11655
0.116787
0.116474
0.136744
0.166331
0.148029
0.16578
0.113773
0.128416
0.166986
0.110622
0.12007
0.155316
0.160029
0.146352
0.141075
0.166571
0.154472
0.152065
0.154683
0.16243
0.167847
0.168915
0.165118
0.127009
0.113518
0.15926
0.120771
0.112096
0.15628
0.142432
0.129892
0.144693
0.16127
0.148543
0.135206
0.142755
0.120938
0.124176
0.122325
0.125581
0.166558
0.148494
0.159744
0.133326
0.120105
0.154407
0.162368
0.131331
0.12073
0.169785
0.167548
0.11936
0.165736
0.135474
0.123385
0.118184
0.125611
0.142668
0.114933
0.145888
0.111751
0.137295
0.12995
0.16662
0.128186
0.135693
0.149662
0.132865
0.11817
0.115798
0.12831
0.159433
0.147635
0.122356
0.168811
0.136266
0.160112
0.142351
0.111508
0.110409
0.157165
0.136844
0.127324
0.161791
0.149374
0.127082
0.148674
0.125815
0.120487
0.132117
0.142253
0.165584
0.154947
0.118864
0.110173
0.117621
0.165015
0.150327
0.116827
0.167614
0.117163
0.139545
0.131679
0.1382
0.113527
0.129801
0.125871
0.124755
0.166861
0.111947
0.164369
0.13211
0.149752
0.167217
0.115648
0.151119
0.134746
0.116707
0.13951
0.137693
0.162623
0.149614
0.126678
0.14943
0.148725
0.163833
0.16294
0.13011
0.13562
0.158226
0.165386
0.162003
0.139979
0.145069
0.165485
0.119967
0.132462
0.125564
0.159829
0.114211
0.126862
0.143303
0.147138
0.134587
0.125506
0.135005
0.132923
0.11578
0.117877
0.146594
0.149372
0.16046
0.139989
0.128432
0.120186
0.112926
0.123549
0.132018
0.144071
0.144183
0.156727
0.145414
0.11664
0.148441
0.114321
0.131951
0.127238
0.154486
0.114019
0.15543
0.124443
0.123855
0.110719
0.117948
0.122563
0.122851
0.164348
0.126666
0.115826
0.156969
0.150051
0.14676
0.130628
0.15142
0.124014
0.128482
0.131438
0.123002
0.150637
0.154161
0.110601
0.131355
0.124397
0.165657
0.155779
0.132763
0.151157
0.151932
0.145424
0.167723
0.156881
0.142306
0.115648
0.163161
0.12545
0.13781
0.129848
0.155406
0.158171
0.158187
0.162598
0.115248
0.150075
0.140145
0.130134
0.145314
0.131116
0.122403
0.125729
0.115919
0.119004
0.129261
0.145663
0.119224
0.113758
0.110467
0.156456
0.150923
0.11723
0.153155
0.119711
0.11721
0.150869
0.11869
0.11347
0.118097
0.110887
0.121347
0.114252
0.112272
0.128472
0.140944
0.133611
0.169712
0.136376
0.119086
0.156683
0.15447
0.115259
0.138226
0.12757
0.134411
0.135814
0.162276
0.152435
0.110858
0.111475
0.12422
0.145896
0.165572
0.130065
0.136582
0.115948
0.152909
0.153298
0.156948
0.166523
0.112854
0.158021
0.138007
0.126748
0.112683
0.157253
0.163947
0.156541
0.160247
0.130665
0.121472
0.132706
0.12538
0.111288
0.127597
0.124425
0.122155
0.130893
0.142229
0.117459
0.121564
0.139317
0.134421
0.154095
0.127994
0.158428
0.16482
0.155906
0.130053
0.15316
0.112016
0.146937
0.116731
0.113036
0.113313
0.111573
0.167326
0.141513
0.155375
0.145389
0.154334
0.129165
0.160888
0.139619
0.11689
0.158736
0.15001
0.132907
0.153129
0.135118
0.113356
0.1451
0.12793
0.134574
0.145165
0.128937
0.118842
0.169492
0.11645
0.130055
0.112278
0.165344
0.132389
0.16935
0.142607
0.143799
0.121274
0.12293
0.139118
0.12317
0.166212
0.126657
0.167186
0.158896
0.130976
0.111296
0.130461
0.133064
0.115597
0.168155
0.121403
0.119877
0.140422
0.140494
0.113089
0.132021
0.145088
0.169685
0.136108
0.15176
0.110989
0.119152
0.163972
0.112783
0.11176
0.144467
0.130424
0.123158
0.164239
0.150985
0.132299
0.134067
0.122298
0.124262
0.163062
0.165275
0.156899
0.124515
0.145016
0.122111
0.117624
0.15126
0.164644
0.155056
0.159375
0.123507
0.133205
0.135121
0.166147
0.116333
0.141877
0.147271
0.126821
0.121866
0.134503
0.131756
0.119714
0.163612
0.136429
0.150219
0.122626
0.138269
0.112995
0.139756
0.126183
0.15105
0.15488
0.133498
0.14353
0.153935
0.146697
0.144874
0.114236
0.132455
0.112015
0.134369
0.149477
0.144514
0.168557
0.136498
0.15667
0.144168
0.111266
0.140736
0.134453
0.12319
0.123828
0.136313
0.165194
0.129142
0.12706
0.131827
0.139959
0.158811
0.124089
0.111336
0.128067
0.127884
0.159556
0.118184
0.158875
0.161665
0.143177
0.111112
0.140469
0.152819
0.151865
0.163607
0.152071
0.166237
0.110654
0.159184
0.112056
0.14097
0.1492
0.155248
0.1268
0.146183
0.163327
0.148594
0.157164
0.139468
0.134208
0.162646
0.152491
0.159589
0.11064
0.115733
0.142597
0.161373
0.125861
0.156533
0.148275
0.153504
0.163679
0.156079
0.122411
0.112598
0.119214
0.153099
0.117719
0.123247
0.137214
0.137916
0.115387
0.140404
0.114591
0.119991
0.154863
0.130074
0.128303
0.159133
0.168923
0.168138
0.144597
0.124009
0.127526
0.150426
0.144424
0.121982
0.167492
0.130169
0.11898
0.129703
0.116786
0.156315
0.157554
0.145224
0.114751
0.121574
0.156524
0.131203
0.160337
0.118033
0.151889
0.121421
0.133808
0.130337
0.165362
0.160304
0.147771
0.161929
0.122977
0.113894
0.15068
0.142107
0.141041
0.125343
0.16117
0.159392
0.110994
0.138483
0.166647
0.137517
0.160998
0.142133
0.136046
0.111466
0.140262
0.162589
0.164495
0.127112
0.117962
0.110008
0.129078
0.141806
0.159751
0.150415
0.164781
0.155369
0.120111
0.167841
0.130896
0.145909
0.153884
0.162249
0.130004
0.137783
0.120013
0.137983
0.137382
0.117669
0.148396
0.163789
0.135646
0.120551
0.127694
0.113524
0.11361
0.1116
0.143028
0.143783
0.128276
0.155271
0.150266
0.16639
0.139109
0.141085
0.157352
0.14427
0.15599
0.16521
0.122618
0.146487
0.137944
0.147002
0.122186
0.150656
0.111039
0.123596
0.164868
0.156106
0.141999
0.114103
0.121975
0.110721
0.167994
0.159932
0.136719
0.16943
0.157657
0.139317
0.117835
0.122735
0.159867
0.129427
0.154326
0.119592
0.153888
0.113222
0.152863
0.117304
0.169043
0.145586
0.126173
0.13592
0.165831
0.140473
0.113846
0.149547
0.13695
0.11883
0.156514
0.141876
0.115274
0.164028
0.162089
0.113378
0.148403
0.163356
0.130863
0.150003
0.137268
0.136813
0.111022
0.161685
0.166269
0.138726
0.14419
0.169568
0.134248
0.12319
0.16199
0.151341
0.120288
0.110541
0.120145
0.122383
0.164097
0.152548
0.117916
0.135512
0.149687
0.129343
0.145846
0.122639
0.121377
0.122499
0.152801
0.125162
0.126201
0.138905
0.12324
0.13128
0.148264
0.154985
0.139545
0.147043
0.129167
0.12815
0.118507
0.160661
0.127289
0.16453
0.116793
0.146832
0.127034
0.140488
0.142333
0.113129
0.136225
0.123124
0.1651
0.151487
0.116956
0.131577
0.128363
0.128135
0.143687
0.157766
0.138197
0.15747
0.135126
0.154372
0.131451
0.166989
0.155009
0.111175
0.15531
0.164708
0.130865
0.114277
0.161305
0.115661
0.142974
0.164932
0.141321
0.113118
0.136455
0.151471
0.125683
0.163754
0.137583
0.123921
0.121757
0.160982
0.154497
0.149733
0.116425
0.16017
0.137295
0.149038
0.164265
0.116642
0.14623
0.110983
0.115473
0.16434
0.142857
0.148652
0.124153
0.147234
0.114739
0.148745
0.120578
0.147135
0.168219
0.150152
0.129909
0.137473
0.111497
0.141386
0.169352
0.153402
0.133817
0.145444
0.144391
0.14046
0.118733
0.127457
0.140069
0.118512
0.134383
0.145586
0.158563
0.138236
0.150447
0.155431
0.120926
0.147178
0.156196
0.135265
0.136339
0.139327
0.12301
0.159975
0.140093
0.116164
0.131862
0.159248
0.117371
0.148962
0.154197
0.15264
0.11632
0.167516
0.135422
0.143607
0.115927
0.138987
0.119217
0.128508
0.117855
0.130611
0.149784
0.140972
0.1578
0.144596
0.114012
0.124909
0.164521
0.163371
0.169388
0.129419
0.169245
0.146832
0.149125
0.146081
0.157868
0.146627
0.132634
0.120479
0.113595
0.119141
0.133005
0.110785
0.167922
0.129091
0.167336
0.111738
0.133831
0.126669
0.131711
0.156827
0.13674
0.113439
0.11288
0.141849
0.156006
0.146878
0.165946
0.156895
0.155294
0.129573
0.141319
0.148735
0.140674
0.149726
0.123879
0.168954
0.115155
0.134761
0.169117
0.139116
0.146712
0.110673
0.156113
0.154494
0.123041
0.133839
0.125754
0.114718
0.123207
0.139099
0.140918
0.160341
0.134789
0.134131
0.167161
0.130106
0.118025
0.151726
0.165366
0.139251
0.140342
0.110278
0.121308
0.156778
0.14665
0.157547
0.160274
0.151242
0.114886
0.158368
0.118087
0.144195
0.144481
0.110966
0.16609
0.146887
0.150114
0.135306
0.152166
0.138242
0.134534
0.169318
0.139115
0.117036
0.161485
0.130519
0.128983
0.132652
0.162193
0.141886
0.111509
0.124901
0.153421
0.135943
0.125687
0.121365
0.122869
0.139694
0.11198
0.132357
0.131401
0.126482
0.125864
