0.0641436
0.0596894
0.0254901
0.0671607
0.0711166
0.0635477
0.027133
0.0439093
0.060217
0.0614757
0.0362139
0.0384527
0.0586516
0.0488746
0.0561858
0.0368222
0.0338562
0.0664822
0.0633461
0.0717239
0.0303944
0.0341114
0.0299548
0.0494882
0.0346623
0.0697946
0.0299545
0.0272083
0.0528648
0.0636248
0.040597
0.0339491
0.0419478
0.0355073
0.0505076
0.0703182
0.0564462
0.0300767
0.0445427
0.0277308
0.0500641
0.0465861
0.074878
0.0655801
0.0492826
0.0697224
0.0318773
0.0445002
0.0713678
0.0708747
0.0606787
0.0559169
0.0421644
0.0718014
0.0312387
0.0615293
0.0573239
0.0666576
0.0449141
0.0624911
0.066761
0.041123
0.0526131
0.0739565
0.0524654
0.0415212
0.0559736
0.0430318
0.0628255
0.045695
0.0496173
0.0597372
0.0736367
0.0413877
0.0668902
0.0619536
0.0727087
0.0265961
0.0428434
0.0581327
0.0390751
0.0365192
0.0605564
0.0562286
0.0545304
0.0580219
0.0273777
0.0424392
0.047567
0.0370452
0.0607523
0.0678091
0.0390754
0.0615525
0.0318881
0.0668361
0.0319301
0.0544105
0.0433078
0.065338
0.050189
0.0494797
0.0688524
0.0426571
0.0474722
0.0731765
0.0271149
0.0736479
0.0344603
0.058356
0.054322
0.0587556
0.0430511
0.0560139
0.0655575
0.0259629
0.0291937
0.0737401
0.0575675
0.0365619
0.0451746
0.031101
0.0384219
0.0378923
0.0415833
0.0326117
0.0424004
0.0310829
0.0692077
0.0297139
0.071502
0.044951
0.0273701
0.0421187
0.0617983
0.0647341
0.0522453
0.0593112
0.0696816
0.0277396
0.0401831
0.0273096
0.0347738
0.0610083
0.0610877
0.06889
0.0541216
0.0285342
0.0711372
0.0650186
0.0392973
0.0521832
0.0742388
0.0607839
0.0669485
0.046663
0.0485312
0.0530357
0.0384546
0.0624509
0.0501944
0.0573405
0.0403873
0.0319362
0.0487786
0.043123
0.0644057
0.0640148
0.0584256
0.0316752
0.0260778
0.052992
0.040041
0.0719705
0.0740452
0.039331
0.065041
0.0698056
0.0548763
0.0692008
0.0721866
0.0524579
0.0614193
0.0538379
0.0262929
0.0473265
0.0573151
0.0510601
0.0436156
0.0718567
0.0664766
0.0674543
0.0436267
0.0546592
0.0686276
0.0716751
0.0584232
0.0353388
0.0576925
0.0286026
0.0453363
0.0583466
0.0716863
0.0655475
0.0492274
0.0628375
0.0458524
0.0735893
0.0743987
0.0682074
0.0444442
0.0477371
0.0373344
0.0642212
0.0691419
0.0706856
0.0529142
0.0549434
0.0324438
0.0699857
0.0475197
0.0352836
0.0699825
0.0631293
0.0691243
0.0392475
0.0586613
0.058214
0.0311407
0.0453659
0.0387643
0.0608335
0.0391692
0.0698099
0.0663289
0.0445013
0.0498951
0.0597403
0.0667185
0.0554815
0.0537369
0.0413021
0.0478212
0.0606898
0.0692203
0.0610428
0.0259306
0.0587388
0.0469254
0.046891
0.0308518
0.0657341
0.0412428
0.0373114
0.0421357
0.0437846
0.0523277
0.053096
0.0447911
0.0449065
0.0507684
0.0578765
0.0725458
0.0611174
0.045004
0.0665936
0.0317169
0.0280233
0.0292124
0.0331949
0.041211
0.0400863
0.025584
0.0519953
0.0297686
0.0323257
0.0565571
0.067966
0.0737111
0.0535419
0.0748425
0.0526771
0.0507729
0.0415341
0.0465001
0.0495903
0.0285519
0.069387
0.0282317
0.0468092
0.0663315
0.0447267
0.0556737
0.065932
0.0693118
0.0715556
0.0345392
0.0379291
0.0698933
0.0546681
0.050192
0.0556405
0.0659711
0.0515945
0.0351038
0.0476947
0.0463955
0.0733026
0.0560028
0.0597695
0.0610082
0.0423448
0.0508495
0.0528347
0.0328248
0.0531028
0.0597402
0.0463228
0.0668135
0.0615694
0.0430016
0.0477106
0.0443195
0.0637777
0.0617136
0.0465139
0.0596876
0.0722607
0.0642116
0.0602786
0.0304667
0.0444965
0.0545452
0.047969
0.027517
0.0364344
0.0667095
0.0257822
0.0681855
0.0289035
0.0584521
0.0500106
0.0358997
0.0535808
0.0311095
0.0585583
0.0549793
0.0277988
0.0278172
0.032625
0.0259811
0.0467588
0.0666111
0.0558695
0.0510065
0.0681934
0.0298849
0.0704026
0.0304008
0.0508498
0.0321578
0.0529685
0.025229
0.0633341
0.0674355
0.0708411
0.0743484
0.0502567
0.0385711
0.0300375
0.0503924
0.0542805
0.0631444
0.0291481
0.0580798
0.050849
0.0335524
0.0719279
0.0545242
0.0470317
0.0720959
0.0577957
0.0475973
0.0669849
0.0516312
0.0526944
0.0590033
0.0433595
0.0369645
0.0539462
0.0683444
0.0453388
0.0306308
0.0471923
0.0400092
0.0450693
0.0666682
0.0451814
0.0445088
0.0430224
0.0320128
0.0380065
0.0293408
0.0464699
0.0378641
0.0398778
0.0462429
0.0309604
0.0497533
0.0603204
0.0371787
0.0642535
0.0287045
0.0446942
0.0251697
0.0360338
0.025065
0.034459
0.0321242
0.0384038
0.0337446
0.0319324
0.0549443
0.0700529
0.071969
0.0360592
0.0491336
0.0438006
0.051189
0.0382436
0.0284179
0.0468164
0.0336927
0.0263054
0.0727339
0.0465298
0.0730779
0.0631207
0.0253674
0.0590019
0.0602975
0.0572564
0.0526155
0.0359054
0.0636183
0.0364014
0.0435432
0.0695464
0.0678188
0.0451217
0.040901
0.0554318
0.0705098
0.0704549
0.0545797
0.0416286
0.0676532
0.0471199
0.0702178
0.026659
0.0516213
0.0608249
0.0339651
0.0418266
0.0343856
0.0410964
0.0451928
0.0524283
0.0274369
0.0526366
0.0387406
0.0370751
0.0371573
0.032708
0.0728208
0.0717831
0.0659357
0.0614131
0.0337906
0.0430185
0.0344395
0.0250599
0.040821
0.0599808
0.0562628
0.0521531
0.0469519
0.0393714
0.050083
0.0630773
0.0631204
0.0538028
0.0623831
0.0572767
0.031161
0.0502199
0.0423631
0.0296074
0.0323925
0.0349085
0.0586135
0.0465756
0.0597202
0.0378392
0.0254879
0.0516142
0.0389696
0.0723115
0.0703222
0.0446342
0.0262428
0.0585718
0.0668585
0.073575
0.0278466
0.0475162
0.0541235
0.0593319
0.0609716
0.057502
0.0613457
0.0436924
0.0540791
0.0308059
0.0278827
0.0739883
0.0392412
0.0547487
0.0731081
0.0342889
0.034652
0.0420822
0.0716449
0.0445334
0.0386608
0.0325974
0.0448554
0.0437361
0.0315557
0.046752
0.0295757
0.0557313
0.025549
0.053663
0.0644865
0.0367683
0.047401
0.0534679
0.0280701
0.0498144
0.0571158
0.0360633
0.0668528
0.0735538
0.0673186
0.0503
0.0389438
0.0623309
0.0368465
0.0728673
0.056013
0.0550131
0.0336302
0.0295173
0.0377631
0.0679285
0.0705534
0.0599817
0.0612591
0.0364943
0.0538027
0.0655314
0.0451922
0.074422
0.0294999
0.0410471
0.0505704
0.0280303
0.0612844
0.0528278
0.051468
0.0664991
0.067938
0.0644514
0.0408917
0.0476104
0.0626114
0.0304931
0.0304871
0.0384942
0.0512319
0.0736326
0.0605204
0.040593
0.0395729
0.0675179
0.0705824
0.0569638
0.0377685
0.0294333
0.0669128
0.0542359
0.0724054
0.0280514
0.0542321
0.0392554
0.0663866
0.0345493
0.0471265
0.0446706
0.0663287
0.0588436
0.0353802
0.0409052
0.0316905
0.0585731
0.0535496
0.0334884
0.0323828
0.048804
0.0704051
0.0526088
0.026647
0.0276931
0.0652532
0.0475687
0.0441323
0.0644822
0.0432143
0.0516175
0.0605828
0.0685738
0.0414345
0.0575059
0.0737418
0.0287984
0.054351
0.0456943
0.0404568
0.0381917
0.0629383
0.0747608
0.0343286
0.0640573
0.0347899
0.0746179
0.0651131
0.0462113
0.0614432
0.0499177
0.0654495
0.0428254
0.0286622
0.0545496
0.0705094
0.0346883
0.0466184
0.062458
0.0269592
0.0723162
0.0631837
0.052941
0.0341921
0.0498974
0.0508923
0.0747122
0.0677426
0.0731202
0.0589471
0.0451751
0.071749
0.0489742
0.0365896
0.0448145
0.0602539
0.052928
0.0628315
0.0747741
0.0731216
0.0517534
0.0731935
0.0307813
0.0275724
0.0402174
0.0540096
0.0515482
0.0700604
0.0520275
0.046599
0.0521333
0.0606207
0.0258337
0.065046
0.0321255
0.0489237
0.0378418
0.0434546
0.0580882
0.0334804
0.0389392
0.0349111
0.0347536
0.041342
0.0690169
0.0485551
0.0451985
0.0339616
0.0734462
0.0453728
0.0672244
0.0557663
0.0438306
0.0688591
0.0642426
0.0482477
0.0656988
0.0699222
0.0464619
0.0417165
0.0548324
0.0700995
0.0601033
0.0438728
0.0617478
0.0727051
0.0521407
0.0520053
0.0405555
0.0285617
0.034099
0.0296494
0.0481745
0.0254666
0.0707513
0.0571371
0.025071
0.0265193
0.0354235
0.0477483
0.0313633
0.0254324
0.061354
0.0427058
0.0640223
0.0468328
0.0468277
0.0274607
0.0274816
0.029555
0.0547019
0.0370542
0.0670685
0.0678606
0.0731806
0.049445
0.0360155
0.0363104
0.0518394
0.0631055
0.0423784
0.0480616
0.0569662
0.0708668
0.0330786
0.0607818
0.0538869
0.0466649
0.0692121
0.0446526
0.0339488
0.0566667
0.0562
0.0413971
0.0651483
0.0749739
0.0740489
0.0313518
0.036612
0.0261816
0.0553716
0.0305405
0.045373
0.0692038
0.0524066
0.0434502
0.0354173
0.0470472
0.0728098
0.0312013
0.0485382
0.0678448
0.0271695
0.0595813
0.0739493
0.0391634
0.031689
0.059264
0.0704727
0.0555434
0.0699991
0.0346717
0.0627212
0.042313
0.0459313
0.032786
0.06595
0.0562462
0.061928
0.0652556
0.0283611
0.0725395
0.0498789
0.0627573
0.0621203
0.0665565
0.0328251
0.0478654
0.055905
0.0716092
0.0667544
0.0697712
0.0541259
0.0541373
0.0677463
0.0267433
0.069271
0.0453865
0.0268191
0.0623074
0.0327414
0.0321954
0.055298
0.037724
0.0412077
0.0450895
0.0453187
0.0443096
0.0554901
0.0333445
0.0344046
0.0297314
0.0411593
0.0634798
0.0367059
0.0620183
0.0596409
0.0662039
0.0663989
0.0396684
0.0404685
0.0511515
0.0412649
0.0665921
0.0655147
0.0528499
0.0381482
0.0590283
0.0366827
0.0478213
0.0442283
0.0519301
0.0745852
0.062761
0.0740227
0.0367391
0.051428
0.0275718
0.0628438
0.055099
0.0678584
0.0744139
0.0714742
0.0454757
0.0250171
0.0520439
0.0353865
0.0359642
0.0412903
0.0297975
0.0623767
0.0624254
0.052165
0.0419066
0.0666167
0.0526286
0.0728772
0.0696417
0.0428252
0.0523201
0.0423341
0.0561401
0.0648312
0.0622937
0.0312768
0.0661197
0.0262575
0.0457214
0.0615704
0.0640687
0.0433643
0.0622434
0.0696134
0.0371302
0.0314798
0.0362534
0.0425007
0.0393542
0.0713744
0.0275657
0.0546333
0.0331449
0.0669203
0.033378
0.05011
0.0749665
0.0427704
0.0273539
0.035683
0.044892
0.0416834
0.0364801
0.071806
0.0591594
0.0731057
0.0468987
0.0720168
0.0252917
0.0555154
0.0650538
0.0366491
0.0716234
0.0631631
0.0663225
0.0536732
0.0646291
0.0414521
0.0361731
0.0406193
0.0542262
0.0664957
0.0395231
0.0451277
0.0681029
0.055737
0.0745594
0.0351849
0.0663605
0.0587931
0.0374475
0.0487893
0.0449538
0.0549719
0.0650261
0.0302534
0.0660721
0.0670543
0.0427253
0.0465035
0.053612
0.0600412
0.0621235
0.0628942
0.0444564
0.0464651
0.0728172
0.0536486
0.0674861
0.0388173
0.0561162
0.0544181
0.0731734
0.0292951
0.0500249
0.0510795
0.0295083
0.0702333
0.0692194
0.0469495
0.0640861
0.0324233
0.0559908
0.0380312
0.0472828
0.0672
0.0348102
0.0401926
0.0491647
0.0418906
0.0649243
0.0743744
0.0329524
0.036844
0.0601118
0.0437736
0.0736852
0.0736153
0.0571849
0.0680049
0.0450942
0.0565965
0.0742618
0.0529739
0.0716796
0.0610172
0.0492019
0.0569516
0.0693818
0.0349368
0.0447683
0.0746088
0.0451176
0.0579428
0.0700674
0.0747691
0.0576582
0.0304218
0.0268057
0.0559046
0.0533572
0.0730982
0.0623053
0.0581258
0.0511657
0.0379947
0.0730997
0.0520102
0.0265135
0.0598157
0.0509858
0.0279515
0.0695018
0.0415101
0.0364851
0.0306974
0.0405461
0.0364216
0.0575999
0.028308
0.0387716
0.039091
0.0690033
0.0472165
0.0627957
0.0551648
0.0641633
0.0306965
0.0739282
0.0674298
0.0275323
0.0483101
0.0412827
0.0565103
0.036515
0.0539942
0.0551578
0.054994
0.0474214
0.0267712
0.0506907
0.0453865
0.0304023
0.0479938
0.0475441
0.052557
0.0652702
0.0600425
0.0686118
0.0276096
0.0359841
0.0479821
0.0729267
0.0645023
0.0475937
0.0416714
0.0279548
0.0620453
0.0503397
0.0349963
0.0463597
0.0334345
0.0625847
0.0434175
0.0720909
0.0258586
0.0664528
0.0563295
0.0519373
0.0575254
0.0613315
0.0297244
0.0688787
0.0257181
0.0397151
0.0339957
0.0713147
0.028409
0.0540547
0.0568576
0.0575635
0.0682311
0.0277976
0.0658428
0.0514461
0.0597175
0.0356202
0.052164
0.060126
0.0728217
0.0472271
0.0292699
0.027867
0.0564725
0.064809
0.0595596
0.0422654
0.0723408
0.0510095
0.0726907
0.0286798
0.0353516
0.0637514
0.0707094
0.0641275
0.0397767
0.0325923
0.0673955
0.0642427
0.0385416
0.0363905
0.0410512
0.0664781
0.0661091
0.0535341
0.0535915
0.0393009
0.0599567
0.0648129
0.0470795
0.0473108
0.0482831
0.038952
0.0587688
0.0701832
0.0704263
0.0623598
0.0380256
0.0594819
0.0315915
0.031175
0.0345451
0.0322866
0.0542522
0.0286681
0.0661163
0.0611451
0.0712929
0.0496319
0.0577441
0.0695062
0.0519263
0.0391103
0.0737979
0.0268213
0.0413122
0.0736507
0.0432516
0.0404575
0.0310456
0.0707883
0.0317739
0.0416059
0.069874
0.0499824
0.0557644
0.0541566
0.0599127
0.0264666
0.0513941
0.0266036
0.0663571
0.0419993
0.0673355
0.0373035
0.0540746
0.0718838
0.0273894
0.0276989
0.0260309
0.0590739
0.0549314
0.0307015
0.0648123
0.0558925
0.0285107
0.0284639
0.0318004
0.0644446
0.0296199
0.0368934
0.0371824
0.0302411
0.0679176
0.05991
0.0616871
0.0575265
0.0508135
0.0413194
0.0580888
0.0308783
0.0323909
0.0259882
0.0732146
0.0735186
0.031193
0.0483705
0.0578347
0.0395093
0.0627268
0.0529059
0.0463896
0.0383597
0.0626868
0.0699188
0.0614222
0.0453415
0.0719158
0.0377714
0.0516582
0.0727377
0.0383874
0.0375042
0.0713836
0.0284291
0.03997
0.0545792
0.035165
0.0567942
0.0649185
0.0500851
0.0575406
0.0647977
0.0366687
0.0550419
0.0306231
0.0507883
0.066892
0.0710395
0.0499114
0.0388806
0.057626
0.0708649
0.050492
0.0737096
0.0348639
0.0305592
0.0398677
0.0448209
0.0460378
0.0405738
0.0596922
0.0295936
0.0451044
0.039759
0.0403248
0.0302781
0.0546914
0.0391364
0.0327611
0.0250329
0.0391798
0.0525405
0.0685451
0.0271127
0.0702361
0.0315487
0.0666864
0.0650234
0.070894
0.0318652
0.0502366
0.0452479
0.0336786
0.0537592
0.0553109
0.0357223
0.0509966
0.0744593
0.0494958
0.0597437
0.0455711
0.0267388
0.0396416
0.0650721
0.0423251
0.0291658
0.0505553
0.0433417
0.061974
0.051237
0.065226
0.0658456
0.0344736
0.0311847
0.0660498
0.0568949
0.025806
0.0697977
0.0507688
0.0522261
0.0553221
0.0630218
0.0677673
0.0441434
0.0292325
0.0616937
0.0415995
0.0669875
0.0435862
0.0664108
0.0338259
0.031476
0.0689942
0.027204
0.059336
0.0616886
0.0468586
0.0439919
0.0739829
0.0449497
0.0470093
0.0328404
0.0413017
0.0407031
0.069725
0.0373512
0.040534
0.0454434
0.0604005
0.0321819
0.0685661
0.0291578
0.0480869
0.0265195
0.06266
0.0600021
0.0357256
0.0589952
0.0528646
0.0675339
0.0529283
0.0700887
0.0459759
0.0429064
0.0494494
0.0377981
0.0714585
0.0483378
0.0377004
0.0465609
0.0601265
0.0451165
0.034092
0.0678126
0.0542101
0.0436789
0.0360847
0.0359497
0.0511116
0.0466711
0.0620652
0.0285225
0.0673667
0.058994
0.0318326
0.0679201
0.0349917
0.055367
0.0521522
0.0331162
0.0252827
0.0635743
0.0632394
0.0460535
0.0278407
0.0542873
0.0337078
0.0614305
0.0517146
0.0376532
0.0708528
0.0629097
0.0693515
0.0284399
0.0341764
0.0618536
0.0598357
0.0638496
0.0500952
0.0462748
0.0555619
0.0677886
0.0585399
0.0511796
0.0399408
0.0601985
0.0440805
0.0533842
0.069393
0.0671475
0.0699399
0.0719502
0.0657718
0.0250679
0.0251545
0.0293734
0.0380364
0.0261399
0.0462042
0.0420532
0.0520677
0.0713085
0.039925
0.0419042
0.067974
0.0420239
0.031906
0.0503899
0.0678328
0.0442157
0.0597845
0.0563952
0.0475194
0.0486809
0.0724853
0.0291749
0.0389914
0.0473504
0.0543786
0.0688817
0.048455
0.0468709
0.0623092
0.0483955
0.0680414
0.0483256
0.0499052
0.0493715
0.0364734
0.0292776
0.0283692
0.0694195
0.0366584
0.0680798
0.0605868
0.0686406
0.0719001
0.0319845
0.044695
0.0740281
0.0572397
0.0698205
0.0491115
0.0257047
0.056144
0.0365548
0.0513717
0.0612496
0.0553708
0.0544183
0.0466717
0.0372086
0.046448
0.0255089
0.0554411
0.0728988
0.0297723
0.0267795
0.0693118
0.0373471
0.0254458
0.065746
0.032025
0.0689933
0.0297688
0.042628
0.054671
0.0542591
0.0583841
0.0574014
0.0466685
0.0319879
0.0625965
0.0370893
0.057523
0.0678687
0.0292185
0.0736045
0.026573
0.0667702
0.0667857
0.0274929
0.0522943
0.0721585
0.0410737
0.0653233
0.0550699
0.064481
0.0649593
0.0274782
0.0391599
0.0576728
0.0494828
0.0736426
0.0624245
0.0533921
0.0399482
0.0378055
0.0693282
0.04734
0.0657994
0.0299169
0.0679797
0.0263815
0.0699578
0.0699968
0.0512053
0.03101
0.0338897
0.0603054
0.066568
0.0267417
0.0628919
0.0728556
0.0421435
0.0569122
0.0421503
0.0358236
0.06431
0.0611545
0.0389419
0.0541216
0.0460503
0.0296034
0.0262014
0.0495573
0.0389134
0.0419879
0.0393675
0.0335452
0.0449632
0.0598825
0.0351838
0.0583163
0.0471533
0.0466648
0.033762
0.0346601
0.0558211
0.0384505
0.0529839
0.0722392
0.0607236
0.058961
0.072969
0.0637667
0.0553863
0.0724001
0.0279821
0.0384356
0.074334
0.0636103
0.0487677
0.059045
0.0458467
0.0440075
0.0356635
0.0441469
0.0264834
0.0486161
0.0416686
0.0737922
0.0527722
0.0673152
0.0454032
0.0481009
0.0663153
0.0745602
0.0511974
0.0712718
0.0619511
0.0533715
0.0734389
0.066225
0.0729805
0.0573173
0.0439787
0.0488287
0.0705945
0.0257427
0.0328347
0.0485784
0.0521496
0.0279846
0.0579015
0.0694818
0.0304816
0.0468887
0.0390115
0.0742623
0.0554379
0.0376875
0.0316307
0.0522502
0.0663902
0.0668503
0.0666674
0.0351858
0.0522209
0.0687471
0.03105
0.0678175
0.0699888
0.0358933
0.028849
0.0487108
0.0667514
0.0484697
0.0456885
0.0501373
0.031272
0.0316143
0.0685238
0.0551475
0.0382651
0.0682401
0.0279055
0.0478877
0.0611105
0.04195
0.045061
0.051349
0.0697118
0.063918
0.0284684
0.0389392
0.0439685
0.0682336
0.045998
0.0369939
0.0548827
0.0489702
0.0699274
0.0717355
0.0658943
0.0604454
0.062161
0.0699855
0.028262
0.0417956
0.0252168
0.0664048
0.0503718
0.0433081
0.036332
0.0517416
0.0394742
0.0284185
0.0292485
0.028417
0.0454908
0.0311691
0.0471508
0.069947
0.042682
0.0310089
0.0534556
0.0687516
0.0424287
0.0270961
0.032117
0.0288296
0.0620263
0.0478263
0.0584125
0.0599623
0.0535679
0.0564347
0.0688882
0.0581176
0.0687707
0.0483759
0.0320668
0.0284067
0.0607121
0.0403993
0.0585582
0.057621
0.0515524
0.0607554
0.0502405
0.0494
0.0498919
0.0717988
0.0444641
0.0308573
0.0370212
0.0592454
0.0669627
0.0735072
0.0357585
0.0630172
0.0542051
0.0451476
0.050502
0.0497822
0.0575684
0.0621853
0.0400977
0.0294806
0.0662983
0.0444794
0.0637652
0.0339685
0.0304681
0.0702579
0.0688176
0.0749896
0.0682127
0.0268439
0.0522341
0.0748808
0.0505504
0.0686756
0.0285111
0.0743769
0.0711357
0.053213
0.0465731
0.0418922
0.0610362
0.0256828
0.043703
0.0711343
0.052324
0.0486943
0.0498269
0.0404486
0.0725419
0.0740997
0.0506782
0.0746295
0.0477922
0.046302
0.0356607
0.0346625
0.0666377
0.0613319
0.0514873
0.066454
0.0505937
0.0525981
0.0356642
0.054391
0.0321382
0.0276112
0.0591654
0.055428
0.0359828
0.045314
0.0564954
0.0527654
0.031379
0.0334599
0.02505
0.0459081
0.0494243
0.0329934
0.0583419
0.025896
0.0309838
0.0726063
0.0737927
0.0265457
0.0496941
0.0681361
0.0371438
0.0667135
0.0656796
0.0564487
0.0251119
0.0439862
0.0702203
0.0590176
0.0439412
0.0565977
0.0371635
0.0535707
0.0740864
0.0674841
0.0391722
0.0591229
0.0429062
0.0743463
0.0291993
0.0375153
0.0655673
0.0292212
0.0515627
0.0650311
0.0619412
0.0320831
0.0468947
0.042519
0.0489249
0.0543702
0.0322903
0.0702665
0.0570097
0.033147
0.0532955
0.0715808
0.0641551
0.0592844
0.048311
0.0380159
0.0534634
0.0374385
0.0409651
0.0705401
0.069261
0.0647295
0.0712905
0.033942
0.0508771
0.0563503
0.0706591
0.0581984
0.0444596
0.0620004
0.0658817
0.0550172
0.0292499
0.0711179
0.0276799
0.0513512
0.0309427
0.0440071
0.0656416
0.0372048
0.0692211
0.0606323
0.0439074
0.037446
0.0376427
0.0633622
0.0274931
0.0592644
0.0560139
0.0623342
0.0738628
0.0441957
0.0380103
0.0688735
0.0653048
0.0480561
0.0295481
0.0532134
0.0343691
0.0515845
0.0427517
0.0407392
0.0613371
0.0507886
0.0645322
0.0352246
0.0589053
0.0276243
0.0650586
0.0589284
0.0723004
0.0295779
0.0704219
0.0504977
0.0557452
0.0408036
0.0288744
0.0675307
0.0322263
0.0435243
0.0561196
0.0748776
0.0508672
0.0745256
0.0363267
0.0449003
0.0598284
0.028232
0.0623831
0.04602
0.0655659
0.0439803
0.0409534
0.0743026
0.060909
0.0456592
0.0299315
0.061728
0.0568653
0.0286921
0.0310254
0.0740798
0.04984
0.0261207
0.0276916
0.0320437
0.0696737
0.048291
0.0530428
0.0497228
0.0283893
0.0698823
0.0394283
0.0384523
0.0547097
0.048794
0.0434156
0.0577806
0.07191
0.0560213
0.039142
0.0352591
0.0469567
0.0263625
0.0688092
0.0555046
0.0351796
0.0509958
0.0276912
0.0681094
0.0471467
0.0524005
0.053343
0.0590197
0.0435689
0.0289114
0.0478175
0.0273922
0.0619128
0.0269001
0.0727122
0.0621186
0.0718725
0.0506682
0.0370452
0.0379983
0.0629487
0.0746671
0.0428353
0.0626429
0.0305024
0.0548523
0.0465298
0.0615359
0.0380588
0.0297404
0.0475482
0.0570037
0.0316019
0.0476411
0.05761
0.0663499
0.0404038
0.0451182
0.0692116
0.060029
0.0370936
0.0629916
0.0395463
0.0388719
0.0253054
0.0437356
0.0468466
0.0402149
0.039543
0.0371258
0.0718342
0.0680095
0.0448614
0.048971
0.0532498
0.049481
0.0384906
0.074487
0.0341838
0.0680828
0.0266316
0.0415979
0.0624373
0.0572183
0.0334619
0.0726103
0.0521635
0.0375707
0.0539286
0.0707738
0.0697798
0.0491253
0.047137
0.0405877
0.0277657
0.0626896
0.0315974
0.0427961
0.0447935
0.0692761
0.026062
0.067204
0.0394035
0.0375171
0.049419
0.0614518
0.0351308
0.0358138
0.0738167
0.0546618
0.0402202
0.0733851
0.0697985
0.0345013
0.02509
0.0605882
0.0683863
0.0309154
0.0269511
0.0549097
0.0552157
0.0508216
0.0253754
0.0594467
0.072301
0.0686768
0.0306638
0.0427285
0.0370968
0.0530167
0.0556364
0.0400405
0.0649071
0.0647821
0.0640546
0.0425549
0.0277149
0.0604352
0.0746464
0.0331238
0.0306783
0.0706438
0.0490828
0.0675903
0.0654957
0.034338
0.03736
0.0277094
0.0554481
0.0638616
0.0505532
0.0263875
0.0745193
0.050047
0.0415999
0.0336942
0.0562818
0.0537567
0.0625493
0.0326759
0.0428394
0.0321975
0.0675304
0.0418935
0.0387598
0.0253005
0.0650956
0.0498704
0.0518921
0.0685456
0.0611422
0.0584043
0.0339414
0.0525248
0.0729938
0.0548011
0.0654285
0.0742266
0.0692962
0.0356919
0.0267315
0.0475562
0.0256897
0.0486855
0.0725599
0.0374476
0.0443211
0.0465717
0.0665443
0.0662323
0.0476499
0.044028
0.0712934
0.0620422
0.0618817
0.0723458
0.050505
0.064594
0.0476087
0.0674599
0.0445215
0.0619188
0.0738219
0.051165
0.0464958
0.0353579
0.0411701
0.0305435
0.0437605
0.0414952
0.0421053
0.0658559
0.0515843
0.0510561
0.0637155
0.0310131
0.0562725
0.0423324
0.041731
0.0537308
0.0681969
0.0349282
0.0586225
0.0700916
0.0349579
0.0399142
0.049826
0.0694952
0.0500707
0.0388498
0.0516979
0.0537125
0.0456402
0.0257382
0.0601382
0.0503374
0.0440633
0.0282466
0.042929
0.0367126
0.0351752
0.065689
0.0446717
0.0276788
0.0437526
0.0637497
0.0332649
0.0706109
0.0409603
0.041489
0.0352118
0.0633607
0.0284987
0.0725017
0.0329105
0.0393223
0.0593565
0.0320575
0.0506043
0.0610663
0.0714423
0.0616052
0.0624924
0.045366
0.0369746
0.0510425
0.0359539
0.0671194
0.0581466
0.0658118
0.0646939
0.0484553
0.0404762
0.059379
0.0743426
0.0634967
0.066479
0.0603042
0.0547668
0.0626437
0.0498361
0.0682566
0.0284014
0.0734273
0.0299378
0.0523489
0.0451485
0.030352
0.0612083
0.0556841
0.0641484
0.053331
0.065566
0.0538388
0.0722015
0.0685726
0.0503801
0.0644412
0.0486515
0.0664401
0.0411241
0.0738073
0.0389106
0.0286415
0.0625612
0.0665594
0.0711169
0.0413512
0.0652035
0.0519125
0.0481647
0.0660375
0.0725953
0.0288136
0.0604336
0.0367463
0.0449448
0.0384062
0.0666257
0.0747687
0.0574875
0.0601976
0.0716152
0.0593826
0.0534177
0.0440424
0.056729
0.0431614
0.045381
0.043435
0.0484199
0.0501707
0.0705268
0.0353216
0.0419302
0.0537063
0.0493466
0.0381109
0.0539797
0.0689164
0.0280475
0.0470438
0.0292129
0.0531619
0.0519655
0.0634029
0.0366545
0.0543681
0.0479487
0.0680491
0.0580418
0.042694
0.0423593
0.0376859
0.0726264
0.03991
0.0329203
0.0430649
0.0620815
0.060295
0.0600446
0.0253113
0.0437173
0.0700748
0.0409172
0.0548541
0.0398898
0.0312507
0.0444178
0.0658844
0.0740588
0.0680995
0.029191
0.0418856
0.0368065
0.0408903
0.0742224
0.0524125
0.0624626
0.0670926
0.0333445
0.0701549
0.0302562
0.0622547
0.0614686
0.0608735
0.0316716
0.0472894
0.0504394
0.0515245
0.0679859
0.0588862
0.0652919
0.0515621
0.0727948
0.0283338
0.0520759
0.039083
0.049045
0.0592432
0.0354129
0.055408
0.0413088
0.0690424
0.0316697
0.0301204
0.0729558
0.0326451
0.0326269
0.0327776
0.0294785
0.0477212
0.0584448
0.0665651
0.0645118
0.0606355
0.0486299
0.0604294
0.072903
0.0502888
0.0402527
0.0644906
0.0368193
0.0367151
0.048235
0.0559693
0.0557665
0.0311312
0.0311897
0.0392229
0.0617866
0.0455654
0.0664491
0.0717557
0.0449533
0.0276106
0.0535593
0.0623835
0.0410122
0.0496467
0.0360826
0.0719637
0.0491153
0.0519998
0.0360529
0.0297973
0.0280083
0.0659754
0.0635739
0.0347848
0.0697559
0.059215
0.0578423
0.0745191
0.0266846
0.0462127
0.0494992
0.0541752
0.0291635
0.0580077
0.0276153
0.0528415
0.0606013
0.0493955
0.05588
0.0356889
0.0572829
0.0440321
0.0301856
0.0438756
0.038143
0.0370643
0.0561462
0.0511464
0.0456619
0.0358896
0.0679277
0.0680504
0.039197
0.0557696
0.0639745
0.0727424
0.0709802
0.0442408
0.0331322
0.0648376
0.0306909
0.0329412
0.0427914
0.0673879
0.0541391
0.0543089
0.0712919
0.0537539
0.0254989
0.0654689
0.0554404
0.0489957
0.038422
0.0379048
0.0490505
0.0363671
0.0274301
0.0334621
0.0379223
0.0348955
0.0552847
0.0661852
0.0655307
0.0651119
0.0604057
0.0679689
0.0640542
0.0351898
0.0746672
0.0296812
0.0575309
0.0357588
0.0371937
0.0419844
0.0348931
0.0503417
0.0725379
0.0447304
0.0542232
0.0553269
0.0607321
0.0450768
0.0679346
0.0710242
0.0625419
0.0392796
0.0648408
0.0321383
0.0502275
0.0555344
0.0601898
0.044167
0.0614342
0.0693642
0.0277924
0.0319108
0.0681532
0.0460873
0.0455657
0.0729571
0.0625123
0.0740499
0.0366758
0.0298113
0.0442291
0.0500136
0.0535128
0.0738316
0.0496428
0.0450441
0.0747495
0.0380499
0.0582662
0.0732128
0.0585576
0.0399587
0.0515563
0.0250732
0.0691894
0.0452192
0.0400603
0.0725291
0.0480324
0.0393824
0.0292313
0.0541091
0.0326534
0.0286547
0.0540282
0.0393507
0.043096
0.0612412
0.0679156
0.0423958
0.0730873
0.0726785
0.0353019
0.0634122
0.0557766
0.0709461
0.0551269
0.0601069
0.0621837
0.0442551
0.0375752
0.026838
0.0486061
0.0572536
0.0389485
0.050893
0.0372833
0.0398754
0.0575237
0.0695697
0.0680553
0.0354958
0.0449547
0.0693942
0.0378264
0.0733401
0.0559579
0.0332673
0.06631
0.0577847
0.0523226
0.0375665
0.0270078
0.0366688
0.0430556
0.0566728
0.0743049
0.0353578
0.0628542
0.0693164
0.0486115
0.0329457
0.065546
0.0488254
0.0308144
0.068786
0.0567593
0.0298641
0.070422
0.0267508
0.0269875
0.0744284
0.0593091
0.0438345
0.0502162
0.0631748
0.0274437
0.0612964
0.0600664
0.0479445
0.0541147
0.0419545
0.0335313
0.0449597
0.0709889
0.0363023
0.0430503
0.0412281
0.0291791
0.0506333
0.0666432
0.0702307
0.0611798
0.0441498
0.0399009
0.0595856
0.0690228
0.0712274
0.0290626
0.0491337
0.0314133
0.0376456
0.0691981
0.0348138
0.0310677
0.0521847
0.040731
0.044102
0.064577
0.066959
0.0590118
0.0458461
0.0571445
0.0357041
0.0558635
0.0587596
0.0550512
0.0423155
0.0432201
0.0335741
0.0647681
0.0496333
0.0427311
0.0637531
0.0368402
0.0672417
0.0658263
0.0673114
0.0435093
0.0441615
0.0680667
0.0481955
0.0535274
0.0597653
0.0730459
0.0523156
0.0568288
0.0535446
0.0713556
0.0681883
0.033492
0.033935
0.0371752
0.062589
0.0349567
0.074147
0.0604819
0.0337718
0.0679149
0.0704706
0.0730832
0.05353
0.053144
0.0338331
0.050684
0.0524236
0.0332639
0.0496947
0.0517559
0.0349404
0.0561584
0.0263158
0.0409395
0.05165
0.0413387
0.0551095
0.0430966
0.031746
0.0706907
0.0570279
0.0579387
0.0587665
0.0622279
0.0671089
0.0508329
0.0325934
0.0440332
0.066051
0.0335682
0.0414988
0.0733236
0.0653146
0.0361094
0.0749887
0.0281869
0.0462742
0.0452169
0.0450146
0.0305961
0.0462155
0.0556773
0.0744031
0.035995
0.0427041
0.0383121
0.0395749
0.0344195
0.026143
0.0474702
0.037182
0.0684363
0.0514305
0.0707068
0.0736965
0.0542713
0.0309488
0.0713266
0.054678
0.0691808
0.0462238
0.0553629
0.0285382
0.0712386
0.057104
0.030225
0.0600113
0.0447902
0.0292452
0.0357239
0.0374399
0.0363327
0.0601502
0.0627076
0.0523643
0.0526742
0.0565286
0.0742728
0.0567139
0.0550228
0.0704593
0.0535418
0.041771
0.072857
0.0469962
0.0550771
0.0610131
0.0589389
0.035638
0.0290812
0.038724
0.0683759
0.0529679
0.0482314
0.046515
0.0636993
0.057696
0.0578865
0.033051
0.0466188
0.0502543
0.0437666
0.0490186
0.0421211
0.0638573
0.0441972
0.0605778
0.0490467
0.061459
0.071878
0.0508627
0.0701534
0.0359096
0.068661
0.0291346
0.0482702
0.0260965
0.065414
0.0339605
0.0332696
0.0340802
0.0595718
0.0356882
0.0399052
0.0634168
0.0500575
0.0704732
0.0278926
0.0468376
0.0536127
0.0532534
0.0661908
0.0313049
0.0400058
0.0251061
0.0725554
0.063315
0.0625652
0.0319432
0.042466
0.032567
0.049836
0.0654326
0.0566434
0.0594201
0.0569785
0.0614661
0.0679923
0.0563478
0.0340296
0.0536653
0.0331783
0.0703026
0.0288671
0.0419267
0.0540309
0.0487618
0.065266
0.0515389
0.0363655
0.0604742
0.0324316
0.0579058
0.0566991
0.0364653
0.0341114
0.0333176
0.0324804
0.0351374
0.0727479
0.0257954
0.0728757
0.0262846
0.0735555
0.0398798
0.0512537
0.068117
0.0698202
0.0344505
0.058036
0.0720615
0.0737854
0.0303968
0.033945
0.0623276
0.0274734
0.0285642
0.0494563
0.0674947
0.0748521
0.0252196
0.0521304
0.0680674
0.070457
0.0672675
0.0689436
0.0623091
0.0308745
0.0504511
0.0334416
0.0665556
0.0714005
0.0334742
0.0691869
0.0443931
0.0441285
0.0385726
0.0683942
0.0620751
0.0473936
0.0604819
0.0722166
0.0337059
0.0372298
0.0570465
0.0654306
0.0676686
0.0449059
0.0307747
0.029014
0.0430234
0.0664453
0.0357305
0.064552
0.0577344
0.0263073
0.0642888
0.0711282
0.0496157
0.0667006
0.0315677
0.0629892
0.0712868
0.0666354
0.0379701
0.0356511
0.0511157
0.0448679
0.0489555
0.0746952
0.0552239
0.0722454
0.0495221
0.0468973
0.0636328
0.0622033
0.0471452
0.02765
0.0293911
0.0648993
0.0577791
0.0266168
0.0528533
0.0609901
0.0305204
0.0358324
0.065551
0.0319331
0.069095
0.0711778
0.0256378
0.043858
0.0333906
0.0520111
0.0300831
0.0269634
0.0716615
0.0735796
0.0430464
0.0572103
0.0283974
0.0353956
0.0269802
0.048468
0.0325048
0.0745653
0.0463531
0.0727686
0.0612124
0.0540446
0.0520129
0.0602721
0.0252514
0.0641258
0.071343
0.0254148
0.0662314
0.0633668
0.0748568
0.0363827
0.0709771
0.0571
0.030266
0.038408
0.0631922
0.0652755
0.0302126
0.0484879
0.0359531
0.0711354
0.0410161
0.0678772
0.0379923
0.0689031
0.0344134
0.0629597
0.0265845
0.057117
0.0533435
0.0438205
0.0356274
0.0646078
0.0322722
0.0494571
0.0256423
0.0343306
0.0492615
0.0669113
0.0320528
0.0616108
0.0595533
0.0267246
0.0494429
0.0735695
0.0306226
0.0621607
0.0569271
0.0547091
0.0499311
0.0533926
0.0463252
0.028812
0.0395293
0.0530668
0.0566667
0.0715388
0.0738885
0.0296798
0.0580867
0.0551386
0.0486909
0.0428128
0.0487789
0.0585511
0.0729823
0.0294542
0.0648871
0.0545388
0.0706098
0.0300565
0.0396647
0.0275794
0.0502064
0.0634188
0.0391493
0.036268
0.0415645
0.0476626
0.0618692
0.0504943
0.0441257
0.0702742
0.0732629
0.0564134
0.0316016
0.0559151
0.044151
0.0745597
0.0393414
0.0603096
0.0517603
0.0346606
0.0594718
0.0275228
0.0342217
0.0272829
