7.289311	0.4	12.	217.99	-132.484506	0.
5.14891	0.4	12.	188.866626	-121.99	-143.
5.443178	0.4	12.	281.62	-160.371296	-143.
6.006028	0.4	12.	172.75256	-162.43	-143.
4.919811	0.4	12.	250.538817	-201.9	-142.
5.015161	0.4	12.	223.21	-175.742284	-141.
5.285961	0.4	12.	277.38	-184.29	-140.689561
5.764497	0.4	12.	229.73	-124.6	-146.233701
4.483821	0.4	12.	209.229289	-149.39	-140.
6.162279	0.4	12.	220.27	-145.15	-140.186817
6.569875	0.4	12.	208.2	-136.981086	-140.
5.00328	0.4	12.	199.39	-151.788759	-140.
4.901575	0.4	12.	178.882841	-121.99	-139.
5.517058	0.4	12.	179.394228	-136.99	-139.
5.405479	0.4	12.	166.43	-186.57	-142.085364
4.648727	0.4	12.	196.78	-221.47	-135.012217
5.160289	0.4	12.	280.31	-206.14	-141.400582
5.008476	0.4	12.	267.59	-211.403728	-139.
6.575556	0.4	12.	273.679158	-131.12	-139.
5.756145	0.4	12.	216.891826	-92.31	-138.
5.958901	0.4	12.	231.945273	-233.87	-138.
5.540635	0.4	12.	217.01	-210.71	-140.808635
6.031971	0.4	12.	233.98	-192.77	-143.268477
5.115646	0.4	12.	229.73	-181.03	-133.653282
5.585703	0.4	12.	166.932999	-202.23	-137.
5.935981	0.4	12.	149.78	-181.03	-141.227733
7.27835	0.4	12.	159.25	-138.488576	-137.
6.259601	0.4	12.	266.61	-146.12	-136.693356
6.17016	0.4	12.	264.	-189.36463	-136.
4.988238	0.4	12.	265.63	-232.89	-140.809933
5.642488	0.4	12.	291.74	-131.77	-138.679495
8.087634	0.4	12.	222.23	-77.623359	-135.
5.264954	0.4	12.	204.28	-236.95824	-135.
4.828003	0.4	12.	241.670934	-112.86	-135.
4.997593	0.4	12.	233.379616	-170.59	-134.
4.84651	0.4	12.	234.63	-145.241867	-134.
6.790149	0.4	12.	248.01	-140.387679	-134.
5.832718	0.4	12.	274.11	-222.061177	-133.
4.743639	0.4	12.	296.719978	-149.39	-133.
7.262546	0.4	12.	177.2	-86.44	-134.964399
5.511561	0.4	12.	151.74	-151.34	-136.068824
5.717156	0.4	12.	276.137799	-116.44	-133.
6.623089	0.4	12.	288.8	-108.94	-137.593845
4.69474	0.4	12.	290.37937	-156.89	-132.
5.818343	0.4	12.	278.03	-153.516124	-132.
4.720625	0.4	12.	171.97	-159.124655	-132.
5.583125	0.4	12.	145.87	-168.63	-130.539548
5.889215	0.4	12.	159.57	-177.44	-131.384277
5.446366	0.4	12.	260.08	-223.75	-133.022157
4.73004	0.4	12.	263.788905	-94.26	-131.
5.270344	0.4	12.	196.45	-82.52	-131.791344
4.527507	0.4	12.	274.11	-184.09574	-130.
5.718302	0.4	12.	223.21	-172.927218	-130.
5.00628	0.4	12.	281.298723	-164.06	-130.
5.509987	0.4	12.	228.567034	-123.62	-130.
5.055077	0.4	12.	190.062611	-121.34	-130.
4.542849	0.4	12.	186.01	-217.786432	-130.
6.541896	0.4	12.	248.99	-203.53	-130.411975
6.543134	0.4	12.	283.58	-190.16	-129.76863
6.02255	0.4	12.	255.19	-243.522876	-129.
6.592381	0.4	12.	148.723508	-109.27	-129.
4.912108	0.4	12.	235.001338	-91.65	-129.
5.016652	0.4	12.	239.2	-79.323916	-129.
5.234424	0.4	12.	276.916372	-207.77	-128.
6.022158	0.4	12.	242.453612	-241.37	-128.
6.152307	0.4	12.	148.15	-135.859682	-128.
5.233946	0.4	12.	159.25	-189.18	-133.177838
4.66742	0.4	12.	169.69	-184.94	-129.625989
4.755487	0.4	12.	170.34	-173.444656	-128.
4.548165	0.4	12.	283.784294	-132.43	-128.
5.357685	0.4	12.	287.49	-141.88	-131.99027
5.636714	0.4	12.	172.63	-123.768103	-128.
5.089821	0.4	12.	222.56	-98.5	-129.456788
4.861971	0.4	12.	210.939339	-94.59	-127.
6.915148	0.4	12.	193.51	-65.902214	-127.
6.344238	0.4	12.	184.37	-77.96	-126.762232
5.786911	0.4	12.	216.818412	-212.34	-127.
5.197339	0.4	12.	186.714756	-227.67	-127.
4.819962	0.4	12.	198.73	-226.69802	-127.
7.083305	0.4	12.	264.533348	-210.38	-127.
5.472999	0.4	12.	239.2	-230.251394	-127.
4.798727	0.4	12.	251.27	-231.573433	-127.
4.894131	0.4	12.	170.34	-199.072073	-126.
5.032818	0.4	12.	146.85	-181.065814	-126.
4.823835	0.4	12.	156.462043	-128.84	-126.
5.88621	0.4	12.	143.58	-149.39	-125.736399
7.844258	0.4	12.	292.39	-203.53	-133.214394
4.641984	0.4	12.	207.87	-78.437089	-126.
4.903641	0.4	12.	229.15022	-216.9	-126.
6.167609	0.4	12.	264.113761	-231.58	-125.
4.978516	0.4	12.	270.523368	-241.04	-125.
6.755044	0.4	12.	289.13	-174.766596	-125.
4.686852	0.4	12.	276.07	-167.65	-122.566388
4.602432	0.4	12.	291.201051	-128.84	-124.
5.076203	0.4	12.	238.87	-105.317642	-124.
6.067296	0.4	12.	207.308545	-237.45	-124.
6.233747	0.4	12.	193.19	-237.13	-126.029235
5.212165	0.4	12.	220.92	-88.871786	-124.
4.817987	0.4	12.	246.560463	-148.08	-123.
5.021989	0.4	12.	219.62	-152.	-125.209073
6.650055	0.4	12.	159.25	-149.041468	-123.
4.657198	0.4	12.	292.72	-147.777585	-122.
6.300362	0.4	12.	290.76	-107.103561	-122.
5.309706	0.4	12.	173.61	-85.406392	-122.
4.823628	0.4	12.	292.340638	-222.45	-122.
5.484381	0.4	12.	277.905024	-222.45	-122.
4.893361	0.4	12.	285.54	-158.429695	-121.
4.927545	0.4	12.	151.219709	-166.35	-121.
5.509177	0.4	12.	170.67	-161.311385	-121.
4.798697	0.4	12.	275.12488	-157.21	-121.
5.783524	0.4	12.	251.27	-87.171715	-121.
4.931288	0.4	12.	261.06	-132.894216	-121.
4.547544	0.4	12.	273.79	-136.771035	-121.
5.312619	0.4	12.	263.67	-92.31	-119.173106
4.721158	0.4	12.	179.48	-211.69	-117.674894
5.149368	0.4	12.	283.25	-122.31	-124.734483
5.393753	0.4	12.	196.878252	-82.52	-120.
5.373702	0.4	12.	226.465017	-75.35	-120.
5.191553	0.4	12.	273.370737	-180.7	-119.
4.946559	0.4	12.	265.0903	-192.77	-119.
5.084184	0.4	12.	144.56	-158.52	-119.377123
4.978525	0.4	12.	226.8	-182.19386	-118.
4.669045	0.4	12.	230.230975	-170.91	-118.
4.65795	0.4	12.	244.09	-203.56608	-118.
5.358973	0.4	12.	158.27	-195.38	-118.882314
5.497503	0.4	12.	154.68	-100.909923	-117.
6.036431	0.4	12.	257.01843	-242.67	-117.
4.566293	0.4	12.	299.55308	-131.77	-117.
5.502062	0.4	12.	238.87	-79.453285	-117.
4.539148	0.4	12.	185.35	-128.801398	-117.
4.927776	0.4	12.	175.24	-123.97588	-117.
5.036068	0.4	12.	164.565938	-185.92	-116.
4.855162	0.4	12.	173.61	-173.2	-117.919564
5.430035	0.4	12.	238.55	-231.698488	-116.
4.881566	0.4	12.	232.67	-244.3	-120.612707
5.508866	0.4	12.	248.99	-226.39904	-116.
4.919245	0.4	12.	306.770774	-163.09	-116.
5.593827	0.4	12.	296.96	-169.795916	-116.
4.85186	0.4	12.	297.631445	-157.54	-116.
5.044581	0.4	12.	214.72	-93.290245	-116.
4.70202	0.4	12.	188.927678	-76.65	-116.
6.78562	0.4	12.	189.6	-223.62422	-116.
5.623056	0.4	12.	212.77	-227.882068	-116.
4.503122	0.4	12.	296.63	-199.018623	-116.
5.027152	0.4	12.	218.97	-246.554713	-116.
5.79196	0.4	12.	146.19	-115.217802	-116.
5.568131	0.4	12.	146.85	-136.740582	-116.
4.556977	0.4	12.	163.82	-170.896716	-116.
4.767459	0.4	12.	239.52	-151.02	-114.07711
4.690637	0.4	12.	160.23	-126.35951	-115.
7.05702	0.4	12.	151.878407	-182.	-115.
6.148923	0.4	12.	169.003694	-200.6	-115.
5.236652	0.4	12.	222.56	-217.23	-112.922671
4.519567	0.4	12.	300.672905	-209.08	-115.
4.499895	0.4	12.	211.79	-76.32	-114.980514
4.778732	0.4	12.	139.28572	-150.04	-115.
4.988916	0.4	12.	241.81	-243.332517	-115.
5.071149	0.4	12.	281.780288	-138.62	-115.
5.043481	0.4	12.	265.862497	-228.97	-114.
4.580204	0.4	12.	281.95	-165.045658	-114.
5.383508	0.4	12.	270.85	-239.901795	-114.
4.853302	0.4	12.	239.85	-165.37	-113.241515
6.8091	0.4	12.	211.228099	-163.09	-114.
5.072582	0.4	12.	240.83	-112.2	-116.538319
5.1499	0.4	12.	206.227391	-242.35	-113.
5.185791	0.4	12.	194.402177	-238.11	-113.
4.965235	0.4	12.	221.58	-85.149127	-113.
4.559638	0.4	12.	208.754778	-85.78	-113.
4.62446	0.4	12.	220.6	-154.888258	-112.
5.461132	0.4	12.	149.640775	-147.1	-112.
4.869782	0.4	12.	250.62	-152.13799	-112.
4.815772	0.4	12.	287.726909	-131.12	-112.
6.029254	0.4	12.	293.37	-119.05	-117.686671
6.926527	0.4	12.	306.09	-179.72	-116.889447
4.589611	0.4	12.	296.994446	-107.64	-111.
6.34761	0.4	12.	284.313986	-106.66	-111.
6.236296	0.4	12.	177.2	-80.852909	-111.
5.290344	0.4	12.	166.75	-88.605948	-111.
6.588926	0.4	12.	290.1	-216.047737	-111.
4.57879	0.4	12.	279.540144	-233.87	-111.
4.61922	0.4	12.	296.96	-141.699562	-111.
4.761438	0.4	12.	275.75	-223.241502	-111.
5.663852	0.4	12.	289.78	-190.7728	-111.
5.226184	0.4	12.	295.33	-179.392344	-111.
5.022837	0.4	12.	254.21	-85.261817	-110.
4.61208	0.4	12.	272.81	-137.467096	-110.
4.594436	0.4	12.	263.02	-137.32	-111.226089
5.110624	0.4	12.	284.88	-155.717514	-110.
6.191901	0.4	12.	276.07	-147.821008	-110.
5.023111	0.4	12.	229.08	-77.312744	-110.
4.4835	0.4	12.	263.35	-95.24	-105.601524
5.940979	0.4	12.	201.02	-76.167455	-109.
5.084698	0.4	12.	176.87	-206.47	-107.60725
5.783993	0.4	12.	176.87	-220.596915	-109.
5.341136	0.4	12.	304.973428	-191.79	-109.
6.080947	0.4	12.	275.918105	-125.9	-109.
4.926836	0.4	12.	288.15	-145.8	-110.327857
4.883515	0.4	12.	145.54	-164.591053	-108.
5.879755	0.4	12.	133.641947	-170.91	-108.
5.511791	0.4	12.	227.45	-174.5	-106.492157
4.658976	0.4	12.	226.997208	-185.27	-107.
4.815456	0.4	12.	216.35	-201.886952	-107.
4.498061	0.4	12.	274.44	-162.83722	-107.
5.656821	0.4	12.	253.88	-235.845681	-106.
5.652398	0.4	12.	253.88	-247.938355	-106.
6.045708	0.4	12.	159.25	-202.263198	-106.
5.686919	0.4	12.	151.09	-190.16	-102.740336
5.446855	0.4	12.	186.379557	-129.16	-106.
6.127319	0.4	12.	148.731376	-130.79	-106.
5.156846	0.4	12.	236.91	-84.089273	-106.
4.704381	0.4	12.	153.296804	-107.96	-106.
6.142768	0.4	12.	317.140694	-166.02	-105.
4.961003	0.4	12.	304.169553	-164.39	-105.
4.661593	0.4	12.	294.02	-159.785172	-105.
5.173596	0.4	12.	295.65	-150.054284	-105.
6.916001	0.4	12.	310.904907	-144.49	-105.
5.804529	0.4	12.	231.402528	-248.87	-105.
5.386493	0.4	12.	206.89	-249.668626	-105.
7.325644	0.4	12.	218.64	-255.250033	-105.
4.663004	0.4	12.	186.99	-228.97	-104.627927
4.582489	0.4	12.	190.772323	-82.52	-105.
5.993406	0.4	12.	189.27	-69.409676	-105.
4.793391	0.4	12.	134.868122	-138.62	-105.
5.069424	0.4	12.	238.067182	-232.56	-105.
5.546236	0.4	12.	271.18	-208.702522	-105.
5.398254	0.4	12.	249.880611	-221.47	-105.
6.376899	0.4	12.	158.92	-155.26	-111.328605
5.224444	0.4	12.	163.346265	-172.54	-105.
5.050181	0.4	12.	171.32	-166.67	-109.906883
4.7577	0.4	12.	214.826359	-77.96	-104.
4.879261	0.4	12.	150.44	-151.34	-100.713523
5.036068	0.4	12.	140.97	-152.821218	-104.
4.60252	0.4	12.	292.06	-203.2	-101.03794
4.912646	0.4	12.	221.25	-212.34	-99.663686
5.319421	0.4	12.	284.135542	-164.39	-103.
5.589488	0.4	12.	268.57	-244.917713	-103.
4.485759	0.4	12.	267.26	-232.56	-102.756733
4.642416	0.4	12.	243.77	-243.934358	-103.
5.404033	0.4	12.	198.628799	-163.74	-103.
4.514439	0.4	12.	229.41	-167.98	-99.0536
5.127945	0.4	12.	130.921297	-155.26	-102.
5.379735	0.4	12.	207.54	-236.8	-99.321061
4.561653	0.4	12.	280.64	-116.12	-98.309799
6.479596	0.4	12.	264.65	-82.764447	-102.
4.679235	0.4	12.	241.81	-92.31	-99.297377
5.733498	0.4	12.	215.57917	-90.68	-102.
5.053157	0.4	12.	205.26	-84.139074	-102.
5.563783	0.4	12.	169.444821	-78.28	-102.
4.568085	0.4	12.	179.91137	-75.35	-102.
6.976004	0.4	12.	155.33	-89.7	-106.18721
5.027405	0.4	12.	147.17	-120.088429	-102.
5.152313	0.4	12.	246.38	-113.51	-105.933696
5.317802	0.4	12.	251.6	-92.815853	-102.
5.164985	0.4	12.	197.43	-240.587787	-102.
4.795418	0.4	12.	141.95	-184.29	-103.374746
5.462596	0.4	12.	233.	-149.06	-102.536524
4.620052	0.4	12.	239.52	-158.147063	-101.
5.814829	0.4	12.	298.490912	-134.38	-101.
4.611389	0.4	12.	295.	-124.92	-97.499587
5.24283	0.4	12.	298.92	-116.77	-104.130445
5.687257	0.4	12.	310.34	-181.35	-103.625468
5.534473	0.4	12.	169.69	-200.6	-100.318282
6.006143	0.4	12.	213.991392	-162.11	-101.
4.549707	0.4	12.	176.22	-85.46	-95.799046
5.844124	0.4	12.	289.78	-108.926556	-100.
5.162635	0.4	12.	301.2	-103.027839	-100.
4.76438	0.4	12.	278.612242	-105.68	-100.
4.95338	0.4	12.	291.74	-222.45	-100.727673
5.208588	0.4	12.	278.36	-232.89	-99.713518
4.553518	0.4	12.	278.36	-244.217616	-100.
6.114179	0.4	12.	275.42	-220.873247	-100.
4.903618	0.4	12.	183.07	-219.689993	-100.
4.937571	0.4	12.	230.06	-72.753614	-99.
6.469906	0.4	12.	252.25	-79.922	-99.
5.090695	0.4	12.	207.54	-72.08	-99.557472
5.383209	0.4	12.	298.26	-210.71	-98.077901
5.16282	0.4	12.	272.48	-131.77	-99.583628
5.6151	0.4	12.	262.04	-131.45	-102.634048
4.853853	0.4	12.	284.88	-155.26	-97.722481
5.221801	0.4	12.	301.2	-175.48	-99.752667
4.502657	0.4	12.	299.89	-187.229967	-99.
5.088681	0.4	12.	197.1	-75.369449	-98.
5.331949	0.4	12.	284.142964	-143.84	-98.
5.523135	0.4	12.	285.547226	-132.43	-98.
4.970127	0.4	12.	165.194916	-212.34	-98.
4.687897	0.4	12.	173.629784	-217.88	-98.
5.877165	0.4	12.	309.36	-193.230461	-98.
5.186992	0.4	12.	284.23	-212.841954	-98.
4.984248	0.4	12.	264.32	-220.17	-102.777183
6.056184	0.4	12.	143.254473	-173.2	-97.
4.949571	0.4	12.	269.87	-93.150904	-97.
6.448731	0.4	12.	242.79	-255.44534	-96.
4.658871	0.4	12.	139.34	-163.41	-94.337834
5.414484	0.4	12.	149.78	-99.16	-95.916332
5.258769	0.4	12.	158.561254	-81.54	-96.
4.496304	0.4	12.	273.79	-157.21	-99.892128
5.08835	0.4	12.	213.42	-198.398454	-96.
5.047233	0.4	12.	157.62	-204.35924	-95.
4.805803	0.4	12.	158.575331	-193.09	-95.
4.654314	0.4	12.	254.527244	-248.87	-95.
5.598789	0.4	12.	235.93	-82.71966	-95.
4.712764	0.4	12.	141.282689	-129.82	-95.
5.610475	0.4	12.	146.52	-197.643505	-95.
4.854696	0.4	12.	254.986084	-236.47	-95.
5.687346	0.4	12.	229.534716	-254.09	-94.
4.595901	0.4	12.	218.31	-250.177279	-94.
5.122292	0.4	12.	209.5	-257.523135	-94.
5.412508	0.4	12.	201.02	-247.24	-92.794095
4.814989	0.4	12.	187.64	-229.598911	-94.
6.231414	0.4	12.	220.6	-239.74	-98.487927
4.916315	0.4	12.	245.4	-228.65	-98.318921
4.931892	0.4	12.	231.806888	-239.74	-94.
4.807376	0.4	12.	303.554425	-163.74	-94.
5.12448	0.4	12.	311.32	-170.638146	-94.
5.125238	0.4	12.	293.04	-162.43	-94.777227
5.186944	0.4	12.	297.166989	-152.97	-94.
4.792602	0.4	12.	303.48	-144.251374	-94.
4.903767	0.4	12.	293.744899	-141.88	-94.
4.673667	0.4	12.	292.72	-113.18	-90.447547
5.057928	0.4	12.	286.52	-122.64	-90.151483
5.724129	0.4	12.	187.086189	-80.56	-94.
4.490178	0.4	12.	136.4	-139.93	-92.514109
4.69111	0.4	12.	249.97	-217.874833	-94.
4.920057	0.4	12.	291.08	-193.09	-94.587614
4.645294	0.4	12.	144.89	-152.95009	-93.
5.360172	0.4	12.	149.118766	-143.19	-93.
4.488854	0.4	12.	221.154718	-76.98	-93.
5.529182	0.4	12.	215.38	-68.406771	-93.
4.905934	0.4	12.	188.94	-67.796909	-93.
5.129568	0.4	12.	298.59	-200.898254	-93.
6.040977	0.4	12.	287.49	-234.231293	-93.
4.588381	0.4	12.	287.17	-171.529086	-92.
5.233925	0.4	12.	265.96	-229.878508	-92.
5.376485	0.4	12.	265.111464	-242.35	-92.
4.972739	0.4	12.	245.07	-240.06	-90.837262
4.573301	0.4	12.	277.862183	-137.32	-92.
6.231748	0.4	12.	278.68	-163.470831	-92.
5.33	0.4	12.	141.886051	-106.66	-92.
4.485657	0.4	12.	228.43	-163.50677	-91.
4.952668	0.4	12.	245.72	-92.96	-90.393211
4.962761	0.4	12.	208.2	-79.956652	-91.
5.026587	0.4	12.	198.584038	-82.85	-91.
4.86237	0.4	12.	179.615439	-72.74	-91.
5.05048	0.4	12.	167.73	-74.446684	-91.
4.560932	0.4	12.	159.440547	-90.68	-91.
5.178325	0.4	12.	129.368922	-150.69	-91.
6.060594	0.4	12.	143.58	-119.800694	-91.
5.292134	0.4	12.	142.28	-187.067301	-91.
4.544898	0.4	12.	190.57	-241.357561	-91.
5.089439	0.4	12.	259.1	-92.136184	-91.
4.517731	0.4	12.	245.07	-77.548304	-91.
6.442965	0.4	12.	314.675114	-183.31	-90.
4.655555	0.4	12.	314.569032	-145.15	-90.
4.667515	0.4	12.	307.446827	-153.95	-90.
5.069844	0.4	12.	314.771256	-161.78	-90.
4.70221	0.4	12.	306.562551	-122.31	-90.
5.100316	0.4	12.	295.98	-131.219629	-90.
4.888972	0.4	12.	218.31	-94.92	-86.00537
5.232023	0.4	12.	189.189961	-106.01	-90.
4.560638	0.4	12.	188.62	-116.741678	-90.
5.262249	0.4	12.	283.15712	-109.92	-89.
4.564787	0.4	12.	281.29	-99.200797	-89.
4.786387	0.4	12.	297.61	-103.440388	-89.
4.951069	0.4	12.	278.03	-208.413878	-89.
4.546739	0.4	12.	273.46	-221.14	-88.066971
4.561938	0.4	12.	276.73	-231.91	-86.77747
5.970427	0.4	12.	279.99	-245.61	-88.642347
5.538797	0.4	12.	198.73	-235.5	-89.682053
5.016892	0.4	12.	244.09	-117.691901	-89.
5.558722	0.4	12.	274.44	-121.964183	-88.
4.668182	0.4	12.	296.96	-169.045982	-88.
5.612861	0.4	12.	300.62905	-184.61	-88.
4.870021	0.4	12.	176.87	-79.59	-83.509028
4.7053	0.4	12.	179.992808	-224.08	-88.
5.265992	0.4	12.	253.88	-81.22	-85.909459
4.985872	0.4	12.	244.75	-152.97	-85.694731
5.739262	0.4	12.	234.3	-151.81505	-88.
5.032595	0.4	12.	204.28	-70.432144	-87.
6.278477	0.4	12.	165.454729	-216.25	-87.
4.91676	0.4	12.	164.47	-204.552798	-87.
5.114634	0.4	12.	264.65	-100.622528	-86.
5.597202	0.4	12.	270.2	-88.126775	-86.
4.739614	0.4	12.	215.7	-195.05	-85.722248
5.507896	0.4	12.	223.540162	-204.51	-85.
4.956194	0.4	12.	211.46	-208.75	-84.661566
5.493521	0.4	12.	180.79	-195.061162	-85.
5.163555	0.4	12.	180.158463	-210.05	-85.
4.758942	0.4	12.	188.29	-222.45	-83.703623
4.675535	0.4	12.	136.548553	-166.02	-85.
4.848069	0.4	12.	139.99	-154.628493	-85.
7.639751	0.4	12.	155.98	-74.969158	-85.
5.789575	0.4	12.	167.73	-85.13	-87.323597
4.988545	0.4	12.	239.85	-252.339656	-85.
4.778336	0.4	12.	297.443486	-223.75	-85.
4.731852	0.4	12.	206.56	-131.45	-81.636772
4.484273	0.4	12.	266.119984	-143.84	-85.
4.956612	0.4	12.	275.75	-155.26	-84.156824
4.614075	0.4	12.	285.86	-154.683526	-85.
4.614612	0.4	12.	285.380612	-133.73	-85.
5.814222	0.4	12.	143.5062	-96.87	-85.
5.594057	0.4	12.	155.523519	-148.41	-85.
4.733979	0.4	12.	154.09422	-202.23	-84.
4.566022	0.4	12.	150.038037	-193.42	-84.
5.05836	0.4	12.	135.75	-128.666527	-84.
4.497844	0.4	12.	230.312989	-79.91	-84.
4.495728	0.4	12.	258.12	-250.17	-81.098608
4.631788	0.4	12.	136.73	-176.79	-87.850694
5.277834	0.4	12.	146.626223	-128.84	-84.
4.883676	0.4	12.	255.51	-179.168453	-84.
6.041579	0.4	12.	256.82	-149.437454	-84.
5.755512	0.4	12.	217.01	-161.46	-88.080444
4.637218	0.4	12.	175.594208	-139.28	-84.
5.277333	0.4	12.	155.849746	-173.85	-84.
5.197985	0.4	12.	291.90741	-178.09	-84.
5.546144	0.4	12.	252.9	-236.588395	-84.
5.575343	0.4	12.	259.1	-224.068698	-84.
5.596598	0.4	12.	240.705043	-202.23	-84.
4.719165	0.4	12.	231.531262	-139.93	-84.
5.845235	0.4	12.	239.343396	-163.09	-84.
4.997269	0.4	12.	224.84	-157.21	-81.23207
4.746596	0.4	12.	264.225452	-126.55	-84.
4.563074	0.4	12.	206.56	-245.875767	-83.
4.573007	0.4	12.	215.748871	-253.76	-83.
5.642919	0.4	12.	196.861515	-255.07	-83.
5.262676	0.4	12.	207.22	-258.	-80.304658
4.501904	0.4	12.	183.72	-231.91	-83.584846
4.487089	0.4	12.	226.47	-255.25168	-83.
4.868516	0.4	12.	224.84	-245.93	-79.970034
4.963184	0.4	12.	215.808959	-240.06	-83.
5.744076	0.4	12.	249.97	-216.165068	-83.
5.792576	0.4	12.	245.4	-227.691633	-83.
4.982775	0.4	12.	303.81	-175.15	-82.328251
5.423729	0.4	12.	296.3	-160.15	-82.296254
4.552624	0.4	12.	300.55	-150.135204	-83.
5.367705	0.4	12.	289.400551	-144.49	-83.
4.498811	0.4	12.	306.678579	-142.86	-83.
4.675591	0.4	12.	317.151228	-171.24	-83.
4.595678	0.4	12.	194.715	-78.93	-83.
4.585315	0.4	12.	186.01	-82.248922	-82.
4.618741	0.4	12.	187.64	-71.120481	-82.
5.027817	0.4	12.	215.38	-75.655111	-82.
4.958578	0.4	12.	218.64	-65.527674	-82.
4.905705	0.4	12.	297.94	-204.019814	-82.
5.140294	0.4	12.	283.9	-237.148511	-82.
4.96994	0.4	12.	282.93	-225.215726	-82.
4.585771	0.4	12.	284.56	-125.9	-80.164955
5.446265	0.4	12.	265.96	-237.542089	-81.
5.022653	0.4	12.	300.721014	-95.57	-81.
5.306768	0.4	12.	141.95	-117.340729	-80.
5.565046	0.4	12.	127.411712	-150.69	-80.
4.688453	0.4	12.	140.40092	-184.61	-80.
4.67252	0.4	12.	224.84	-169.94	-84.601676
4.646622	0.4	12.	286.691507	-166.67	-80.
4.59041	0.4	12.	247.68	-91.	-79.788783
4.81713	0.4	12.	243.44	-75.360711	-80.
5.105868	0.4	12.	206.56	-81.864852	-80.
5.831495	0.4	12.	187.839235	-241.69	-80.
4.631826	0.4	12.	274.140229	-179.07	-80.
5.242975	0.4	12.	296.956962	-135.04	-79.
6.648401	0.4	12.	298.620908	-121.99	-79.
6.296591	0.4	12.	317.268081	-144.17	-79.
5.743693	0.4	12.	210.140184	-168.3	-79.
4.488394	0.4	12.	186.66	-112.53	-78.296254
4.540762	0.4	12.	187.96	-126.307085	-79.
4.700789	0.4	12.	196.45	-131.715123	-79.
5.098234	0.4	12.	237.24	-238.76	-81.988488
5.43689	0.4	12.	144.58817	-141.88	-79.
4.726788	0.4	12.	267.59	-247.824903	-79.
5.012825	0.4	12.	256.349382	-108.29	-79.
5.871491	0.4	12.	175.89	-69.652924	-79.
5.836252	0.4	12.	258.78	-88.6981	-79.
5.670199	0.4	12.	288.15	-114.667481	-78.
4.615933	0.4	12.	280.97	-104.219921	-78.
4.642755	0.4	12.	290.43	-103.72	-75.99572
4.646719	0.4	12.	298.867407	-108.29	-78.
5.791936	0.4	12.	309.03	-165.710791	-78.
5.416791	0.4	12.	310.475304	-154.28	-78.
5.676488	0.4	12.	270.53	-224.990091	-78.
5.289336	0.4	12.	275.75	-234.84	-75.844165
4.984752	0.4	12.	306.550265	-196.36	-78.
5.046181	0.4	12.	198.063833	-237.78	-78.
4.639826	0.4	12.	167.41	-75.67	-75.665325
5.17268	0.4	12.	146.52	-173.52	-78.143508
4.588868	0.4	12.	273.732357	-213.97	-78.
5.083389	0.4	12.	284.56	-188.85	-79.562228
4.689375	0.4	12.	252.58	-209.73	-74.54135
4.89075	0.4	12.	282.27	-249.280239	-78.
4.611836	0.4	12.	305.12	-186.9	-75.763534
4.480633	0.4	12.	298.92	-167.33	-75.820507
4.6248	0.4	12.	237.24	-154.61	-78.228178
4.598977	0.4	12.	181.381234	-154.93	-77.
4.481754	0.4	12.	197.75	-186.958778	-77.
4.498975	0.4	12.	198.41	-164.06	-76.459494
4.724378	0.4	12.	274.44	-138.510855	-77.
5.142779	0.4	12.	238.55	-84.959061	-77.
5.312015	0.4	12.	294.67	-190.811602	-77.
4.568877	0.4	12.	129.938384	-141.23	-77.
4.648841	0.4	12.	179.81	-221.566502	-77.
4.585376	0.4	12.	164.390134	-203.86	-76.
4.708415	0.4	12.	172.071163	-212.34	-76.
4.958926	0.4	12.	203.95	-72.432563	-76.
4.608587	0.4	12.	248.66	-128.372485	-76.
5.150733	0.4	12.	246.815902	-158.52	-76.
6.24435	0.4	12.	243.77	-139.28	-81.179836
4.941352	0.4	12.	247.68	-147.43	-71.155909
4.825045	0.4	12.	190.9	-103.4	-76.75915
4.724765	0.4	12.	165.45	-157.599117	-76.
5.511956	0.4	12.	157.94	-137.32	-79.736741
5.152823	0.4	12.	265.63	-113.51	-73.858388
5.134469	0.4	12.	265.96	-96.578038	-75.
7.6104	0.4	12.	152.00576	-90.35	-75.
4.668796	0.4	12.	226.8	-191.14	-73.127366
4.540497	0.4	12.	207.22	-186.93502	-75.
4.715855	0.4	12.	195.14	-173.40309	-75.
4.806316	0.4	12.	194.49	-210.38	-71.495221
6.657185	0.4	12.	125.084504	-163.41	-74.
4.529055	0.4	12.	143.26	-163.74	-76.625375
4.87892	0.4	12.	137.878999	-154.93	-74.
5.231166	0.4	12.	149.806855	-150.37	-74.
4.730565	0.4	12.	148.230982	-103.4	-74.
4.938027	0.4	12.	166.75	-88.842964	-74.
5.489742	0.4	12.	285.54	-150.535028	-74.
6.320296	0.4	12.	295.65	-220.123698	-74.
4.95889	0.4	12.	243.471358	-249.85	-74.
5.021414	0.4	12.	233.	-243.461789	-74.
5.561066	0.4	12.	273.46	-150.537407	-74.
4.915673	0.4	12.	225.122323	-206.79	-74.
4.792314	0.4	12.	218.97	-197.01	-76.459755
5.187749	0.4	12.	186.982915	-196.03	-74.
5.416002	0.4	12.	190.25	-223.75	-70.791042
5.682904	0.4	12.	259.76	-154.192166	-73.
4.87424	0.4	12.	292.06	-180.485372	-73.
5.931043	0.4	12.	154.03	-209.61393	-73.
5.333644	0.4	12.	148.48	-192.12	-71.192791
5.14637	0.4	12.	252.58	-254.59354	-73.
5.855248	0.4	12.	256.996757	-242.02	-73.
4.955494	0.4	12.	258.881243	-228.97	-73.
4.713756	0.4	12.	140.885502	-124.6	-73.
5.544611	0.4	12.	133.749875	-132.43	-73.
6.216636	0.4	12.	280.090849	-93.29	-73.
4.974672	0.4	12.	265.758742	-142.86	-73.
4.49554	0.4	12.	260.08	-127.02285	-73.
4.857758	0.4	12.	258.346844	-177.76	-73.
4.809659	0.4	12.	238.771939	-204.84	-73.
4.748946	0.4	12.	245.72	-183.183509	-73.
5.205104	0.4	12.	244.75	-197.01	-69.837814
4.789173	0.4	12.	236.91	-165.04	-70.505009
4.651375	0.4	12.	209.561177	-104.7	-73.
5.518365	0.4	12.	237.57	-122.476551	-73.
4.581016	0.4	12.	202.32	-126.55	-70.804392
4.928724	0.4	12.	217.99	-260.477353	-72.
5.093976	0.4	12.	216.68	-249.2	-69.032547
5.032375	0.4	12.	208.52	-256.04	-68.424895
5.573516	0.4	12.	197.750203	-248.22	-72.
6.726407	0.4	12.	135.43	-175.360681	-72.
4.880748	0.4	12.	194.16	-66.21	-74.044157
4.801928	0.4	12.	308.05	-114.990695	-72.
4.916106	0.4	12.	304.46	-104.37	-70.554688
4.883984	0.4	12.	297.61	-157.645981	-72.
4.567078	0.4	12.	294.35	-147.76	-69.276831
5.377105	0.4	12.	226.8	-253.132985	-71.
4.640018	0.4	12.	211.79	-240.423454	-71.
5.403421	0.4	12.	222.319858	-239.08	-71.
4.544841	0.4	12.	253.467109	-219.51	-71.
4.694248	0.4	12.	291.349305	-234.52	-71.
4.671028	0.4	12.	286.108159	-225.71	-71.
4.758183	0.4	12.	295.132691	-205.81	-71.
4.562744	0.4	12.	302.196112	-174.5	-71.
4.949141	0.4	12.	282.27	-128.629908	-71.
4.908824	0.4	12.	215.728476	-73.71	-71.
4.824939	0.4	12.	193.19	-76.32	-73.94197
4.671062	0.4	12.	192.21	-84.48	-69.158258
4.675113	0.4	12.	186.01	-73.06	-68.173141
4.50282	0.4	12.	155.64631	-176.46	-71.
4.548761	0.4	12.	244.42	-226.979034	-71.
5.126869	0.4	12.	180.645242	-231.26	-71.
4.812353	0.4	12.	229.41	-131.237453	-71.
4.746144	0.4	12.	181.131013	-104.7	-71.
4.481809	0.4	12.	179.246526	-189.51	-71.
5.352885	0.4	12.	297.28	-94.433108	-70.
4.680665	0.4	12.	246.38	-239.725745	-70.
5.019046	0.4	12.	158.92	-196.36	-72.470338
5.061629	0.4	12.	254.21	-99.807804	-70.
4.698115	0.4	12.	300.914682	-140.91	-70.
4.74576	0.4	12.	143.289449	-115.14	-69.
4.824243	0.4	12.	133.47	-119.73794	-69.
5.224309	0.4	12.	134.12	-107.96	-68.762603
5.34946	0.4	12.	206.89	-84.184105	-69.
4.94728	0.4	12.	242.79	-74.459773	-69.
5.473672	0.4	12.	303.48	-84.286472	-69.
4.509622	0.4	12.	289.78	-161.46	-67.407223
4.796858	0.4	12.	280.64	-168.056431	-69.
5.439776	0.4	12.	278.36	-179.151659	-69.
5.461341	0.4	12.	142.6	-183.96	-66.325251
4.926123	0.4	12.	129.196153	-152.97	-69.
4.482568	0.4	12.	245.659477	-92.31	-69.
5.093173	0.4	12.	249.31	-82.52	-69.766218
5.332438	0.4	12.	300.22	-119.71	-66.555494
5.551454	0.4	12.	292.39	-127.295554	-68.
5.271225	0.4	12.	313.643823	-97.53	-68.
5.49045	0.4	12.	270.2	-246.233298	-68.
4.504418	0.4	12.	261.71	-252.413999	-68.
4.609078	0.4	12.	265.601884	-234.84	-68.
5.196626	0.4	12.	189.966705	-241.04	-68.
4.605049	0.4	12.	186.99	-116.12	-65.746893
5.621339	0.4	12.	175.24	-72.41	-66.3078
5.066848	0.4	12.	143.91	-141.364198	-68.
5.575543	0.4	12.	285.693144	-102.09	-67.
5.859036	0.4	12.	284.692488	-117.75	-67.
4.712067	0.4	12.	304.79	-151.02	-67.773265
4.625321	0.4	12.	305.433535	-162.43	-67.
6.179842	0.4	12.	291.08	-246.513159	-67.
5.628967	0.4	12.	280.64	-239.284415	-67.
4.868563	0.4	12.	279.01	-219.898494	-67.
4.497159	0.4	12.	273.050613	-227.99	-67.
5.764487	0.4	12.	264.303803	-220.49	-67.
4.835485	0.4	12.	284.88	-186.24	-64.557358
4.937283	0.4	12.	174.631692	-113.51	-67.
5.414128	0.4	12.	256.17	-85.46	-61.820181
4.877646	0.4	12.	225.49	-160.8	-62.629676
5.582794	0.4	12.	228.76	-77.96	-72.428932
6.968945	0.4	12.	307.07	-130.544266	-66.
5.336894	0.4	12.	319.8	-128.515135	-66.
4.921946	0.4	12.	317.19	-118.73	-69.984332
5.08353	0.4	12.	177.85	-220.842851	-66.
5.294567	0.4	12.	294.67	-191.59275	-66.
5.115635	0.4	12.	302.51	-183.25133	-66.
4.830597	0.4	12.	186.99	-97.063666	-66.
5.368771	0.4	12.	163.3404	-141.23	-66.
5.964608	0.4	12.	221.25	-130.79	-62.586898
4.736045	0.4	12.	206.89	-137.764369	-66.
5.080551	0.4	12.	183.4	-159.5	-61.595444
4.599171	0.4	12.	172.425331	-160.15	-66.
4.710062	0.4	12.	243.608689	-155.91	-66.
4.93879	0.4	12.	304.570176	-196.03	-66.
4.702676	0.4	12.	201.34	-71.729799	-65.
4.71294	0.4	12.	176.22	-84.15	-66.651368
5.010474	0.4	12.	190.9	-106.918844	-65.
4.67147	0.4	12.	161.53	-206.605246	-65.
4.590443	0.4	12.	169.9145	-211.03	-65.
5.136599	0.4	12.	273.145918	-101.77	-64.
4.600925	0.4	12.	266.28	-84.199615	-64.
5.009952	0.4	12.	197.841277	-169.28	-64.
4.558362	0.4	12.	201.34	-189.613345	-64.
5.313449	0.4	12.	202.965399	-212.01	-64.
4.938355	0.4	12.	277.7	-156.84773	-64.
4.676029	0.4	12.	270.85	-114.004829	-64.
4.732747	0.4	12.	262.37	-118.07	-65.451017
4.814956	0.4	12.	142.28	-152.467524	-63.
4.937231	0.4	12.	139.67	-162.43	-60.927272
4.50919	0.4	12.	127.712221	-140.25	-63.
4.642706	0.4	12.	167.73	-102.645342	-63.
4.759119	0.4	12.	165.77	-79.013112	-63.
4.583143	0.4	12.	285.21	-149.810358	-63.
5.376688	0.4	12.	296.63	-230.536325	-63.
4.539693	0.4	12.	240.324336	-247.24	-63.
4.884357	0.4	12.	239.52	-130.669297	-62.
5.167357	0.4	12.	241.81	-140.667376	-62.
4.904231	0.4	12.	257.15	-141.88	-60.504985
4.801942	0.4	12.	268.89	-141.88	-58.117853
4.860931	0.4	12.	262.062859	-160.48	-62.
4.685421	0.4	12.	239.85	-118.4	-58.062211
5.643489	0.4	12.	236.700392	-87.74	-62.
4.578629	0.4	12.	148.48	-107.64	-63.332266
4.488862	0.4	12.	158.579061	-131.77	-62.
4.969731	0.4	12.	145.87	-172.54	-66.454904
5.058013	0.4	12.	156.517238	-187.87	-62.
5.310549	0.4	12.	151.974509	-203.53	-62.
4.711625	0.4	12.	217.799682	-194.07	-62.
4.489426	0.4	12.	224.015334	-201.25	-62.
4.690078	0.4	12.	238.55	-206.79	-61.229708
4.626853	0.4	12.	247.009286	-169.61	-62.
4.750849	0.4	12.	253.993571	-154.28	-62.
4.581865	0.4	12.	257.15	-231.514518	-62.
6.128365	0.4	12.	184.242272	-211.03	-62.
5.26687	0.4	12.	251.92	-250.418388	-62.
4.807943	0.4	12.	297.61	-218.21	-60.500433
4.96917	0.4	12.	143.985593	-125.58	-61.
4.762237	0.4	12.	162.617158	-92.63	-61.
5.670849	0.4	12.	191.55	-58.614194	-61.
4.700976	0.4	12.	291.08	-174.778485	-61.
4.728667	0.4	12.	295.65	-146.78	-59.556103
4.67432	0.4	12.	310.34	-115.185107	-61.
4.700651	0.4	12.	314.947193	-105.68	-61.
4.608289	0.4	12.	305.44	-105.255212	-61.
4.665175	0.4	12.	214.72	-254.986757	-61.
4.593605	0.4	12.	202.696383	-246.26	-61.
4.581812	0.4	12.	147.5	-193.054244	-61.
4.826272	0.4	12.	297.28	-165.080121	-61.
5.399735	0.4	12.	152.39	-95.580861	-61.
4.561417	0.4	12.	286.52	-216.655546	-61.
4.96537	0.4	12.	235.22682	-238.43	-61.
5.091779	0.4	12.	151.42	-147.76	-63.997401
4.763898	0.4	12.	232.38417	-123.62	-61.
4.503996	0.4	12.	258.78	-125.25	-60.594939
4.758763	0.4	12.	292.829027	-136.01	-61.
5.02071	0.4	12.	204.93	-119.447626	-60.
5.093313	0.4	12.	197.80689	-89.04	-60.
5.008785	0.4	12.	210.48	-77.3	-61.92925
4.537508	0.4	12.	219.861481	-73.71	-60.
5.258275	0.4	12.	189.6	-80.160194	-60.
5.075466	0.4	12.	250.62	-224.08	-62.03793
4.922678	0.4	12.	277.38	-197.476957	-60.
5.356959	0.4	12.	296.3	-204.341333	-60.
5.733924	0.4	12.	223.009329	-246.26	-60.
6.621329	0.4	12.	184.7	-232.627625	-60.
5.86865	0.4	12.	263.35	-98.83	-59.725839
4.54666	0.4	12.	281.62	-132.771874	-60.
4.975276	0.4	12.	134.795033	-132.43	-60.
4.959446	0.4	12.	246.7	-213.603992	-60.
4.870977	0.4	12.	242.132513	-229.3	-60.
4.817352	0.4	12.	227.12	-192.44	-63.543479
4.774434	0.4	12.	245.4	-179.92782	-60.
5.031133	0.4	12.	159.25	-152.65	-57.9497
4.60809	0.4	12.	174.58	-91.018802	-60.
4.504984	0.4	12.	182.09	-108.481558	-60.
5.037923	0.4	12.	271.83	-170.48141	-59.
5.090678	0.4	12.	295.	-99.48	-58.664172
5.038484	0.4	12.	242.326929	-96.87	-59.
6.021795	0.4	12.	227.78	-89.37	-53.162487
4.586789	0.4	12.	252.218893	-94.59	-58.
5.608858	0.4	12.	246.38	-82.019331	-58.
5.39349	0.4	12.	237.89	-74.073119	-58.
4.755948	0.4	12.	301.53	-87.463631	-58.
5.809287	0.4	12.	130.064578	-153.95	-58.
4.882743	0.4	12.	141.3	-191.14	-53.682871
4.546698	0.4	12.	147.17	-178.74	-54.610816
5.179798	0.4	12.	280.985293	-175.15	-58.
4.708615	0.4	12.	287.397357	-165.7	-58.
4.627487	0.4	12.	208.2	-85.78	-56.774819
4.733055	0.4	12.	139.543485	-116.44	-58.
4.553822	0.4	12.	230.790692	-168.96	-57.
5.386444	0.4	12.	259.76	-241.529606	-57.
4.62522	0.4	12.	259.76	-231.58	-52.395573
4.656807	0.4	12.	141.857369	-139.6	-57.
4.842969	0.4	12.	211.389114	-164.72	-57.
4.589809	0.4	12.	168.71	-71.153937	-57.
4.713577	0.4	12.	294.35	-113.860725	-57.
4.72014	0.4	12.	302.526363	-140.25	-57.
5.150975	0.4	12.	291.74	-155.58	-57.188128
6.488102	0.4	12.	293.905097	-240.71	-56.
4.631908	0.4	12.	284.56	-232.763575	-56.
4.677818	0.4	12.	276.73	-224.657775	-56.
4.794139	0.4	12.	270.85	-234.61216	-56.
5.07497	0.4	12.	185.35	-115.79	-53.745054
4.542895	0.4	12.	171.773088	-110.9	-56.
4.787813	0.4	12.	231.04	-158.19	-54.155372
5.497531	0.4	12.	230.71	-133.389074	-56.
4.764665	0.4	12.	265.3	-180.957085	-56.
4.507676	0.4	12.	283.25	-184.94	-52.747375
5.770394	0.4	12.	192.21	-239.74	-50.305756
5.311193	0.4	12.	195.14	-207.775573	-56.
4.536419	0.4	12.	299.89	-122.163845	-56.
4.756866	0.4	12.	286.84	-125.533049	-56.
4.604702	0.4	12.	157.62	-178.042752	-56.
5.102174	0.4	12.	156.31	-195.05	-53.994571
7.356184	0.4	12.	306.784344	-155.26	-56.
4.940522	0.4	12.	272.16	-244.707035	-56.
4.609757	0.4	12.	290.364779	-194.72	-55.
4.874586	0.4	12.	294.02	-181.802306	-55.
4.667101	0.4	12.	313.810645	-122.97	-55.
4.826968	0.4	12.	305.12	-132.43	-51.929323
5.825076	0.4	12.	178.5	-221.02331	-55.
4.936903	0.4	12.	133.487127	-109.27	-55.
4.711383	0.4	12.	255.84	-115.14	-57.272523
4.807416	0.4	12.	250.305214	-103.07	-54.
4.841484	0.4	12.	322.08	-124.92	-50.24629
4.79772	0.4	12.	162.18	-204.346537	-54.
4.960853	0.4	12.	162.18	-214.600022	-54.
5.79522	0.4	12.	204.61	-70.288798	-54.
4.592597	0.4	12.	184.816392	-94.92	-54.
4.682943	0.4	12.	172.300346	-83.5	-54.
5.876785	0.4	12.	190.763001	-103.72	-54.
4.909382	0.4	12.	163.702027	-144.49	-54.
4.50329	0.4	12.	244.75	-160.15	-51.8044
5.291059	0.4	12.	264.65	-118.348535	-53.
4.551259	0.4	12.	272.48	-108.94	-56.40983
4.630221	0.4	12.	273.46	-161.46	-54.057679
4.612878	0.4	12.	273.79	-100.327917	-53.
4.894825	0.4	12.	264.052066	-87.41	-53.
4.622111	0.4	12.	139.792314	-157.87	-52.
6.529228	0.4	12.	131.427093	-167.33	-52.
6.143387	0.4	12.	170.34	-99.048767	-52.
4.676198	0.4	12.	283.9	-151.214944	-52.
5.217173	0.4	12.	194.561181	-185.92	-52.
4.785569	0.4	12.	200.586881	-168.3	-52.
4.555894	0.4	12.	221.58	-134.38	-51.799613
4.794328	0.4	12.	212.11	-132.261225	-52.
4.507006	0.4	12.	211.46	-121.459775	-52.
5.416652	0.4	12.	201.34	-97.53	-54.358304
6.033953	0.4	12.	242.46	-247.462732	-52.
4.516267	0.4	12.	214.799996	-239.08	-52.
4.587961	0.4	12.	133.446243	-142.21	-52.
4.900707	0.4	12.	276.73	-135.349451	-52.
4.514235	0.4	12.	160.671333	-135.36	-51.
5.055876	0.4	12.	149.78	-110.883352	-51.
5.35205	0.4	12.	152.07	-129.038538	-51.
4.641031	0.4	12.	179.15	-79.91	-47.459757
6.303501	0.4	12.	157.797227	-81.87	-51.
4.957634	0.4	12.	264.	-164.761944	-51.
4.523568	0.4	12.	282.749673	-161.13	-51.
4.773405	0.4	12.	187.96	-215.93	-47.098516
4.699719	0.4	12.	207.54	-210.712628	-51.
4.492998	0.4	12.	221.58	-203.993148	-51.
4.724484	0.4	12.	150.145337	-187.22	-51.
4.569418	0.4	12.	152.72	-208.210633	-51.
5.521002	0.4	12.	234.63	-148.41	-50.482999
4.70079	0.4	12.	275.684231	-145.15	-50.
5.415806	0.4	12.	313.285964	-106.98	-50.
5.891009	0.4	12.	304.14	-96.55	-52.874382
4.509891	0.4	12.	294.086075	-214.95	-50.
4.907711	0.4	12.	250.439755	-239.74	-50.
5.330624	0.4	12.	203.63	-247.606187	-50.
4.586922	0.4	12.	143.91	-148.314855	-50.
4.794568	0.4	12.	152.72	-140.721093	-50.
4.889881	0.4	12.	142.28	-124.424921	-50.
6.158308	0.4	12.	172.3	-156.05601	-50.
4.671643	0.4	12.	236.91	-124.27	-50.708992
4.714048	0.4	12.	243.77	-138.979733	-50.
4.481903	0.4	12.	258.78	-138.95	-46.358784
5.628025	0.4	12.	248.33	-225.71	-50.448611
4.537497	0.4	12.	295.65	-174.425441	-49.
4.54497	0.4	12.	300.705322	-206.47	-49.
4.572353	0.4	12.	265.116352	-98.83	-49.
4.542741	0.4	12.	134.603679	-132.1	-49.
4.958332	0.4	12.	223.21	-244.3	-46.45005
6.433463	0.4	12.	191.23	-74.37	-43.500144
5.173488	0.4	12.	230.06	-190.81	-53.915504
4.579293	0.4	12.	205.26	-114.289866	-49.
4.905722	0.4	12.	192.788773	-91.65	-49.
5.135537	0.4	12.	251.92	-253.269184	-49.
4.681993	0.4	12.	222.393939	-124.6	-49.
5.105388	0.4	12.	159.57	-104.7	-49.21994
5.124342	0.4	12.	211.17333	-78.28	-49.
5.076328	0.4	12.	179.794628	-209.73	-49.
5.88125	0.4	12.	237.027344	-231.26	-49.
5.285416	0.4	12.	149.673261	-100.46	-49.
4.790183	0.4	12.	160.23	-94.76005	-49.
4.829084	0.4	12.	141.95	-170.59	-46.532259
5.809402	0.4	12.	189.386669	-196.03	-49.
5.128318	0.4	12.	274.44	-179.13626	-49.
4.626436	0.4	12.	251.945052	-165.7	-49.
4.777784	0.4	12.	300.22	-108.29	-46.152748
4.734823	0.4	12.	254.54	-83.273527	-49.
4.83861	0.4	12.	244.162122	-95.24	-48.
4.902435	0.4	12.	238.498331	-85.78	-48.
4.601362	0.4	12.	199.39	-79.26	-51.237195
5.132349	0.4	12.	154.782851	-151.02	-48.
4.685053	0.4	12.	171.	-218.045756	-48.
6.504648	0.4	12.	277.483033	-200.6	-48.
4.588727	0.4	12.	288.15	-143.461504	-48.
5.287826	0.4	12.	291.41	-132.43	-48.337237
4.713503	0.4	12.	197.43	-64.009099	-48.
4.531488	0.4	12.	244.42	-193.42	-51.509262
5.035701	0.4	12.	257.47	-156.849433	-48.
5.718162	0.4	12.	218.675254	-146.12	-48.
4.68841	0.4	12.	209.83	-152.97	-46.430383
4.573167	0.4	12.	278.36	-167.98	-44.389943
5.38577	0.4	12.	301.430702	-164.72	-48.
5.419753	0.4	12.	259.1	-221.14	-46.244912
6.09537	0.4	12.	277.7	-90.569671	-48.
4.709795	0.4	12.	146.19	-183.96	-42.619122
4.480965	0.4	12.	145.87	-193.42	-45.540116
4.928042	0.4	12.	125.164932	-158.52	-47.
4.76692	0.4	12.	144.24	-117.42	-42.265787
5.613856	0.4	12.	203.698787	-88.72	-47.
4.648272	0.4	12.	246.05	-77.865805	-47.
5.425396	0.4	12.	255.51	-93.491589	-47.
4.553757	0.4	12.	262.04	-109.359174	-47.
4.682605	0.4	12.	285.54	-177.129102	-47.
7.468509	0.4	12.	279.34	-216.25	-45.768185
5.137174	0.4	12.	229.942203	-117.42	-47.
4.650373	0.4	12.	202.	-194.357371	-46.
4.524385	0.4	12.	160.644949	-187.55	-46.
5.276522	0.4	12.	299.89	-143.201081	-46.
5.039203	0.4	12.	288.47	-156.56	-43.487913
5.892291	0.4	12.	257.47	-232.89	-42.043879
5.434686	0.4	12.	258.78	-245.625315	-46.
4.639845	0.4	12.	211.46	-163.622113	-46.
5.238167	0.4	12.	143.91	-137.948051	-46.
5.150703	0.4	12.	171.	-73.019923	-46.
4.734079	0.4	12.	230.39	-168.3	-46.838918
4.873776	0.4	12.	252.491165	-174.83	-46.
5.20241	0.4	12.	294.02	-94.374445	-46.
4.640451	0.4	12.	292.06	-115.14	-45.054057
6.074407	0.4	12.	283.58	-230.852613	-45.
5.609601	0.4	12.	271.83	-228.97	-47.295568
4.942165	0.4	12.	272.48	-244.070606	-45.
4.488169	0.4	12.	290.43	-123.29	-40.846429
4.866091	0.4	12.	171.32	-140.91	-48.458057
4.522083	0.4	12.	230.71	-160.8	-40.500857
5.293192	0.4	12.	264.98	-174.880417	-45.
4.56828	0.4	12.	278.68	-189.608299	-45.
4.98118	0.4	12.	162.51	-157.95845	-45.
6.411645	0.4	12.	155.01	-167.33	-47.350916
4.701778	0.4	12.	157.29	-177.44	-41.474558
4.599598	0.4	12.	165.12	-196.465284	-45.
5.625471	0.4	12.	135.43	-182.66	-47.969771
5.630744	0.4	12.	198.535396	-204.84	-45.
4.56858	0.4	12.	297.885714	-153.95	-44.
6.988173	0.4	12.	309.36	-119.934571	-44.
6.277412	0.4	12.	298.92	-129.49	-37.908203
4.556003	0.4	12.	291.74	-189.83	-45.881507
4.965591	0.4	12.	154.68	-120.36	-41.136283
5.153136	0.4	12.	185.68	-84.8	-39.391175
4.839238	0.4	12.	145.87	-161.13	-43.259608
4.677608	0.4	12.	295.65	-200.414024	-44.
4.48236	0.4	12.	288.15	-183.63	-40.297938
5.863872	0.4	12.	300.175457	-183.31	-44.
4.780231	0.4	12.	287.82	-167.65	-44.347404
5.042765	0.4	12.	177.85	-120.68	-40.614072
4.980369	0.4	12.	185.68	-111.709976	-44.
5.234305	0.4	12.	224.173503	-190.16	-44.
5.611788	0.4	12.	180.46	-223.853247	-44.
5.207868	0.4	12.	230.71	-94.26	-39.510205
5.30724	0.4	12.	231.69	-131.7549	-44.
4.580205	0.4	12.	247.68	-150.082395	-44.
4.610525	0.4	12.	188.29	-97.55331	-43.
5.927216	0.4	12.	177.85	-94.123628	-43.
4.715108	0.4	12.	256.17	-120.68	-47.140981
5.803013	0.4	12.	163.16	-212.836274	-43.
4.648948	0.4	12.	234.96	-241.69	-41.380612
4.744566	0.4	12.	163.49	-145.8	-44.435093
4.804943	0.4	12.	202.602282	-76.	-43.
5.121186	0.4	12.	171.532901	-84.8	-43.
4.667988	0.4	12.	271.18	-102.42	-42.878108
4.90971	0.4	12.	247.426853	-160.8	-42.
4.588476	0.4	12.	263.67	-118.4	-39.474653
5.478045	0.4	12.	272.875179	-112.86	-42.
4.732245	0.4	12.	156.96	-198.96	-41.176646
5.024154	0.4	12.	231.04	-255.166386	-42.
4.793541	0.4	12.	271.5	-162.056663	-42.
4.943564	0.4	12.	214.07	-89.37	-44.683863
5.352217	0.4	12.	220.6	-133.149372	-41.
5.582065	0.4	12.	209.5	-142.625855	-41.
4.656731	0.4	12.	211.46	-118.035041	-41.
5.136086	0.4	12.	167.839593	-100.13	-41.
5.247191	0.4	12.	197.75	-185.213321	-41.
4.752572	0.4	12.	201.02	-162.020533	-41.
5.305676	0.4	12.	132.680807	-141.56	-41.
4.949151	0.4	12.	132.306479	-152.32	-41.
5.279075	0.4	12.	216.35	-233.87	-39.09818
5.089162	0.4	12.	199.313411	-174.18	-41.
6.047896	0.4	12.	197.75	-99.16	-36.928579
4.743879	0.4	12.	155.01	-132.1	-41.683425
5.258974	0.4	12.	148.128538	-107.64	-40.
4.576418	0.4	12.	166.75	-117.416498	-40.
4.924427	0.4	12.	152.811051	-207.77	-40.
4.737163	0.4	12.	207.352923	-213.64	-40.
4.734631	0.4	12.	196.195029	-213.64	-40.
6.401605	0.4	12.	182.09	-200.363247	-40.
4.690033	0.4	12.	232.524293	-149.06	-40.
4.714409	0.4	12.	220.27	-201.828623	-40.
4.906932	0.4	12.	226.585913	-237.13	-40.
5.92409	0.4	12.	214.4	-248.83996	-40.
5.437139	0.4	12.	270.85	-191.29504	-39.
4.732947	0.4	12.	288.8	-209.108934	-39.
6.74708	0.4	12.	201.02	-234.417529	-39.
5.467261	0.4	12.	154.03	-142.555005	-39.
5.189193	0.4	12.	142.93	-151.02	-36.258514
5.334649	0.4	12.	166.194428	-137.64	-39.
4.876864	0.4	12.	146.572196	-127.21	-39.
4.694754	0.4	12.	237.57	-111.806697	-39.
4.756116	0.4	12.	280.64	-152.167769	-39.
4.658352	0.4	12.	210.363733	-127.21	-39.
4.633499	0.4	12.	237.535018	-229.95	-38.
4.656378	0.4	12.	184.37	-211.69	-38.185355
5.035151	0.4	12.	142.6	-172.54	-36.317912
5.866719	0.4	12.	132.236905	-169.28	-38.
5.752909	0.4	12.	274.11	-180.293241	-38.
4.557845	0.4	12.	281.95	-161.46	-37.323163
4.821952	0.4	12.	160.23	-110.57	-38.039558
4.771895	0.4	12.	156.31	-96.606786	-38.
5.964301	0.4	12.	248.99	-240.902583	-38.
6.710259	0.4	12.	248.66	-222.388265	-38.
4.95444	0.4	12.	262.69	-163.958192	-38.
4.513811	0.4	12.	232.34	-84.957799	-37.
5.084315	0.4	12.	243.11	-195.435426	-37.
4.54846	0.4	12.	226.8	-206.14	-33.887451
5.746224	0.4	12.	226.8	-217.23	-40.860301
5.710455	0.4	12.	192.157422	-194.07	-37.
4.496244	0.4	12.	173.28	-219.156939	-37.
6.399172	0.4	12.	290.524933	-145.8	-37.
6.891091	0.4	12.	216.607618	-79.26	-37.
5.183266	0.4	12.	254.86	-91.798135	-36.
5.422126	0.4	12.	246.480524	-85.13	-36.
5.204368	0.4	12.	204.331493	-88.07	-36.
4.518072	0.4	12.	148.48	-184.29	-31.978193
4.836389	0.4	12.	148.48	-193.75	-34.663027
4.953063	0.4	12.	219.869579	-143.19	-36.
6.191718	0.4	12.	239.766934	-124.92	-36.
4.601326	0.4	12.	228.1	-127.011196	-36.
5.162581	0.4	12.	263.728111	-98.83	-36.
4.584859	0.4	12.	255.84	-81.17812	-36.
4.842367	0.4	12.	225.545459	-184.94	-35.
4.673084	0.4	12.	207.87	-165.755054	-35.
4.974043	0.4	12.	245.07	-95.89	-33.97458
4.608818	0.4	12.	210.81	-154.93	-33.248021
4.887196	0.4	12.	291.663114	-161.13	-35.
5.1009	0.4	12.	152.6997	-167.65	-34.
4.969367	0.4	12.	159.25	-187.643612	-34.
4.778676	0.4	12.	138.616412	-132.1	-34.
7.185716	0.4	12.	130.86	-157.21	-29.382062
5.213884	0.4	12.	218.97	-194.393817	-33.
5.007898	0.4	12.	163.49	-156.253629	-33.
4.966972	0.4	12.	175.56	-155.91	-29.36563
5.742297	0.4	12.	144.24	-158.19	-27.401758
4.532436	0.4	12.	187.64	-105.480093	-33.
5.31605	0.4	12.	174.525568	-94.59	-32.
5.552588	0.4	12.	212.11	-88.39	-28.506297
5.015469	0.4	12.	162.51	-211.024165	-31.
4.523014	0.4	12.	140.546264	-188.53	-31.
4.708679	0.4	12.	271.5	-164.06	-28.407101
5.129706	0.4	12.	271.325156	-104.05	-31.
4.941967	0.4	12.	240.18	-157.54	-34.791388
4.546613	0.4	12.	223.843068	-135.04	-30.
4.671296	0.4	12.	216.03	-128.777189	-30.
4.559258	0.4	12.	189.27	-209.087629	-29.
4.88306	0.4	12.	206.89	-221.970133	-29.
4.85162	0.4	12.	215.05	-235.5	-26.17464
5.081603	0.4	12.	229.495132	-237.13	-29.
4.576224	0.4	12.	200.69	-189.51	-29.638149
4.571737	0.4	12.	201.02	-178.723098	-29.
4.570372	0.4	12.	207.54	-171.89	-26.64053
4.752433	0.4	12.	221.9	-156.89	-32.560964
4.746666	0.4	12.	180.029173	-118.73	-29.
5.447686	0.4	12.	169.04	-116.349202	-29.
6.050802	0.4	12.	140.213424	-109.59	-29.
4.82496	0.4	12.	148.81	-116.886526	-29.
5.198881	0.4	12.	151.772091	-131.12	-29.
5.266194	0.4	12.	158.59	-119.38	-24.58596
4.624796	0.4	12.	268.89	-151.341649	-29.
5.64586	0.4	12.	285.86	-182.33	-30.343345
4.65021	0.4	12.	289.967746	-171.89	-29.
4.616734	0.4	12.	246.7	-104.05	-26.264987
4.570525	0.4	12.	181.44	-200.00757	-29.
5.658855	0.4	12.	151.079778	-208.75	-29.
4.59118	0.4	12.	156.64	-196.03	-29.484665
4.689138	0.4	12.	215.38	-216.422199	-28.
4.706889	0.4	12.	197.945008	-226.36	-28.
5.755296	0.4	12.	188.091363	-221.14	-28.
4.568947	0.4	12.	273.396111	-183.31	-28.
5.709235	0.4	12.	280.64	-193.75	-27.201665
5.060027	0.4	12.	283.58	-206.185458	-28.
5.820427	0.4	12.	261.06	-118.637333	-28.
4.697475	0.4	12.	207.87	-126.23	-26.012633
5.387619	0.4	12.	151.74	-146.46908	-28.
4.760019	0.4	12.	160.88	-135.860572	-28.
7.198363	0.4	12.	159.25	-106.98	-22.47153
5.138201	0.4	12.	237.24	-106.98	-23.937416
4.491184	0.4	12.	228.386624	-101.44	-27.
5.5006	0.4	12.	237.064489	-96.22	-27.
4.699951	0.4	12.	263.02	-169.062152	-27.
4.484742	0.4	12.	165.45	-201.697371	-27.
5.334324	0.4	12.	145.87	-174.5	-26.257736
4.67785	0.4	12.	154.936149	-156.24	-27.
4.69306	0.4	12.	162.18	-146.260411	-27.
4.891768	0.4	12.	198.08	-215.156262	-27.
5.281195	0.4	12.	180.13	-213.109551	-27.
5.927239	0.4	12.	280.099526	-153.3	-27.
4.622398	0.4	12.	223.21	-205.16	-24.509271
5.77967	0.4	12.	191.88	-199.470662	-26.
6.987203	0.4	12.	230.06	-81.635787	-26.
4.761897	0.4	12.	225.82	-215.27	-23.635644
5.158539	0.4	12.	167.869292	-192.12	-25.
6.208946	0.4	12.	147.83	-191.46	-21.702532
4.84411	0.4	12.	155.98	-177.11	-28.436952
5.165944	0.4	12.	231.673182	-137.97	-25.
4.569437	0.4	12.	229.41	-127.987003	-25.
4.50164	0.4	12.	233.	-119.38	-23.429285
6.139755	0.4	12.	252.912892	-93.94	-25.
4.684262	0.4	12.	206.249289	-231.26	-25.
5.328639	0.4	12.	218.127948	-142.86	-25.
5.888728	0.4	12.	247.46834	-189.83	-25.
5.109498	0.4	12.	225.795019	-184.61	-24.
4.8841	0.4	12.	203.95	-163.09	-24.610434
4.621185	0.4	12.	217.299571	-153.3	-24.
4.98728	0.4	12.	202.98	-204.18	-20.231929
4.652694	0.4	12.	209.5	-114.289498	-24.
6.212313	0.4	12.	158.59	-165.37	-20.853105
4.995622	0.4	12.	167.674323	-156.89	-22.
5.553722	0.4	12.	183.72	-156.758794	-22.
6.069326	0.4	12.	161.53	-186.9	-16.261957
4.574635	0.4	12.	223.401061	-114.81	-21.
4.74211	0.4	12.	240.18	-144.378062	-21.
4.944559	0.4	12.	213.927131	-166.02	-21.
6.694555	0.4	12.	216.35	-193.791318	-21.
5.385596	0.4	12.	241.658412	-115.79	-20.
4.593323	0.4	12.	219.898963	-105.03	-20.
6.682593	0.4	12.	284.101626	-163.09	-20.
4.727163	0.4	12.	189.362925	-191.14	-20.
5.388356	0.4	12.	251.27	-146.573903	-20.
4.969951	0.4	12.	218.347936	-125.58	-19.
4.487395	0.4	12.	221.9	-134.71	-18.100871
6.746108	0.4	12.	242.79	-157.54	-20.043628
5.064926	0.4	12.	257.15	-161.948216	-19.
4.980956	0.4	12.	230.39	-161.736873	-19.
5.992332	0.4	12.	267.59	-191.46	-17.549523
4.720168	0.4	12.	186.66	-208.42	-14.646466
6.73869	0.4	12.	175.760534	-200.6	-18.
5.785483	0.4	12.	201.876319	-192.44	-18.
5.217584	0.4	12.	197.470033	-179.07	-18.
5.30262	0.4	12.	222.23	-176.37862	-18.
4.854487	0.4	12.	267.344733	-150.69	-18.
5.487216	0.4	12.	246.7	-100.79	-14.362765
5.867148	0.4	12.	203.63	-170.59	-13.727276
5.466385	0.4	12.	271.83	-180.824601	-17.
5.114777	0.4	12.	263.02	-119.05	-14.519308
6.667269	0.4	12.	258.645613	-108.29	-17.
5.399407	0.4	12.	205.59	-126.55	-12.011934
6.153939	0.4	12.	198.41	-226.242602	-17.
4.572274	0.4	12.	191.88	-217.88	-14.776222
5.564752	0.4	12.	213.09	-205.622307	-17.
5.708046	0.4	12.	209.18	-220.323975	-17.
5.620111	0.4	12.	160.55	-142.389808	-16.
5.855441	0.4	12.	157.94	-129.82	-16.28086
7.516336	0.4	12.	207.22	-100.771056	-16.
5.184695	0.4	12.	233.	-98.18	-13.77555
4.66861	0.4	12.	234.63	-109.27	-13.457105
4.978188	0.4	12.	262.69	-172.063152	-16.
4.706394	0.4	12.	227.78	-197.44769	-15.
4.593332	0.4	12.	193.177015	-200.27	-15.
5.792793	0.4	12.	226.905424	-209.08	-15.
4.569259	0.4	12.	286.19	-154.93	-11.372475
5.339646	0.4	12.	233.180041	-129.82	-14.
4.98363	0.4	12.	219.583654	-150.69	-13.
4.786712	0.4	12.	213.324349	-118.4	-13.
4.492183	0.4	12.	250.29	-188.2	-9.5898
4.521173	0.4	12.	260.41	-180.388136	-12.
5.44377	0.4	12.	167.41	-136.01	-9.170414
7.850766	0.4	12.	174.470413	-157.54	-11.
6.826601	0.4	12.	169.36	-171.44281	-11.
4.799985	0.4	12.	188.94	-156.56	-10.833759
4.618397	0.4	12.	187.96	-145.761295	-11.
5.753126	0.4	12.	187.64	-168.96	-15.425899
4.492063	0.4	12.	213.709127	-133.4	-11.
4.701073	0.4	12.	212.44	-162.688599	-10.
5.973402	0.4	12.	237.89	-145.8	-7.5492
6.963419	0.4	12.	179.15	-130.79	-3.073827
5.280669	0.4	12.	239.398798	-120.36	-9.
5.516342	0.4	12.	213.42	-187.87	-9.941479
4.824176	0.4	12.	217.66	-178.253427	-9.
5.275617	0.4	12.	247.03	-178.42	-10.830663
6.693756	0.4	12.	193.51	-191.14	-4.826468
5.483984	0.4	12.	221.58	-141.23	-8.967494
4.888494	0.4	12.	286.52	-166.606771	-9.
6.696957	0.4	12.	240.83	-160.8	-2.935465
5.288525	0.4	12.	226.16814	-161.78	-8.
5.997222	0.4	12.	200.69	-214.62	-8.933098
5.247685	0.4	12.	168.71	-147.43	-1.543562
6.196285	0.4	12.	156.220009	-140.91	-5.
5.680818	0.4	12.	249.902845	-107.96	-5.
4.812868	0.4	12.	207.678973	-115.46	-5.
6.372117	0.4	12.	230.06	-115.79	0.861375
7.806097	0.4	12.	218.31	-149.06	1.644985
5.552243	0.4	12.	146.52	-167.355754	-9.
4.596723	0.4	12.	168.511127	-125.9	-14.
6.403543	0.4	12.	173.067941	-115.14	-14.
7.20401	0.4	12.	176.87	-99.960813	-14.
5.46742	1.	11.	189.6	-132.450385	-138.
5.008097	1.	11.	167.057802	-147.76	-133.
4.563865	1.	11.	188.62	-146.45	-137.286526
4.892486	1.	11.	205.63038	-183.96	-133.
4.337404	1.	11.	190.9	-178.357059	-133.
5.414805	1.	11.	186.66	-203.335739	-133.
4.472301	1.	11.	195.31424	-109.92	-133.
5.090261	1.	11.	170.67	-113.755789	-133.
5.288346	1.	11.	223.21	-129.82	-138.137216
4.482505	1.	11.	231.277228	-133.08	-133.
4.390105	1.	11.	249.64	-187.22	-135.630969
4.632654	1.	11.	199.39	-202.55	-133.700737
4.741642	1.	11.	218.279219	-223.43	-133.
5.470203	1.	11.	206.295318	-166.67	-132.
4.593389	1.	11.	216.03	-184.61	-132.032648
5.185067	1.	11.	214.4	-195.38	-134.989766
4.692759	1.	11.	189.6	-192.12	-135.643004
4.772199	1.	11.	199.71	-174.5	-134.15424
4.796916	1.	11.	202.	-126.55	-132.214705
5.566384	1.	11.	249.53772	-119.05	-132.
4.94625	1.	11.	261.06	-160.167477	-132.
4.353417	1.	11.	251.667571	-156.89	-132.
5.773317	1.	11.	209.5	-120.36	-136.442812
5.010907	1.	11.	262.066043	-179.39	-131.
5.557701	1.	11.	229.73	-206.386629	-131.
4.912096	1.	11.	208.2	-219.19	-135.095114
4.585524	1.	11.	271.83	-197.573996	-131.
4.70249	1.	11.	191.88	-153.052443	-129.
4.536021	1.	11.	202.65	-144.17	-132.913468
4.487958	1.	11.	205.158965	-134.71	-129.
4.371624	1.	11.	185.03	-101.895842	-129.
5.170385	1.	11.	182.42	-129.312217	-129.
4.51666	1.	11.	250.29	-176.566244	-129.
4.918875	1.	11.	250.62	-167.	-133.052389
5.093599	1.	11.	239.2	-127.739708	-129.
5.55729	1.	11.	224.51	-112.864998	-129.
4.37018	1.	11.	218.31	-122.090405	-129.
4.500095	1.	11.	223.21	-137.64	-131.097557
6.438833	1.	11.	187.31	-162.76	-134.369325
4.478048	1.	11.	211.63125	-174.83	-128.
4.829947	1.	11.	205.26	-108.29	-123.722823
4.472604	1.	11.	177.52	-144.82	-130.436674
4.530093	1.	11.	196.78	-186.171988	-128.
5.10091	1.	11.	240.291901	-215.27	-128.
5.160763	1.	11.	180.46	-195.002653	-128.
4.742614	1.	11.	186.01	-170.59	-125.830772
4.381093	1.	11.	186.373336	-110.57	-127.
4.351342	1.	11.	200.36	-102.42	-130.064243
4.744334	1.	11.	179.962123	-179.07	-127.
4.514137	1.	11.	219.62	-142.54	-123.267431
4.562846	1.	11.	204.406795	-119.05	-127.
4.427229	1.	11.	201.34	-160.046348	-126.
4.761272	1.	11.	194.555719	-142.86	-126.
4.594244	1.	11.	185.121044	-141.23	-126.
4.64632	1.	11.	206.808344	-193.09	-126.
4.455575	1.	11.	247.36	-190.539095	-126.
5.217014	1.	11.	271.83	-127.69186	-125.
4.460126	1.	11.	214.07	-113.18	-127.576514
5.748157	1.	11.	163.861692	-117.1	-125.
4.67824	1.	11.	243.82225	-182.	-125.
4.334276	1.	11.	221.927934	-203.53	-125.
4.405234	1.	11.	210.48	-202.347004	-125.
4.341008	1.	11.	204.61	-213.97	-126.552905
4.437306	1.	11.	253.966309	-140.58	-124.
4.407525	1.	11.	190.9	-133.576492	-124.
4.367999	1.	11.	178.83	-152.	-125.278818
5.004846	1.	11.	259.1	-115.79	-125.967443
5.20252	1.	11.	254.108674	-106.66	-123.
4.759679	1.	11.	224.51	-161.78	-125.560166
4.853797	1.	11.	263.02	-145.8	-122.582002
4.442071	1.	11.	196.45	-212.123765	-123.
4.465761	1.	11.	226.14	-227.731695	-123.
5.134598	1.	11.	222.88	-191.79	-121.827965
6.54212	1.	11.	230.06	-146.901728	-123.
4.38438	1.	11.	192.53	-102.74	-123.089491
4.611709	1.	11.	189.778546	-202.23	-122.
4.984743	1.	11.	200.69	-202.929685	-122.
4.394202	1.	11.	168.71	-141.718313	-122.
5.183212	1.	11.	256.664852	-186.24	-122.
4.345207	1.	11.	229.41	-133.73	-119.079625
4.352544	1.	11.	186.33	-148.73	-120.801898
5.125432	1.	11.	247.68	-127.21	-122.896881
5.002956	1.	11.	204.69467	-183.31	-122.
4.40235	1.	11.	266.286428	-168.3	-122.
4.870081	1.	11.	252.17163	-215.6	-122.
4.533567	1.	11.	219.606741	-106.33	-122.
5.30055	1.	11.	177.208196	-112.53	-122.
5.026579	1.	11.	173.93	-132.60504	-122.
5.421293	1.	11.	204.766594	-170.91	-121.
4.332059	1.	11.	196.45	-177.11	-122.443913
5.183278	1.	11.	252.9	-165.324531	-121.
4.540317	1.	11.	188.29	-191.79	-123.00211
5.153449	1.	11.	263.35	-157.87	-121.316788
5.041255	1.	11.	208.85	-143.52	-124.508555
4.531455	1.	11.	204.93	-126.014782	-121.
4.55132	1.	11.	187.953951	-179.39	-121.
4.881266	1.	11.	193.84	-164.785484	-121.
4.540723	1.	11.	170.575492	-150.69	-121.
5.086349	1.	11.	168.06	-105.916631	-121.
4.47885	1.	11.	283.25	-205.480459	-121.
4.540051	1.	11.	172.78264	-182.66	-121.
4.450419	1.	11.	207.54	-154.17277	-121.
4.908316	1.	11.	235.61	-119.05	-123.032919
5.001503	1.	11.	217.33	-132.75	-118.415369
4.884929	1.	11.	157.29	-137.687899	-120.
4.588391	1.	11.	228.76	-208.75	-120.718058
4.99693	1.	11.	260.74	-176.30709	-120.
4.531205	1.	11.	205.292674	-222.12	-120.
4.659785	1.	11.	232.34	-161.13	-120.134032
4.333407	1.	11.	198.803767	-191.79	-120.
5.543141	1.	11.	183.07	-160.827	-120.
5.230587	1.	11.	278.296207	-195.05	-120.
4.525049	1.	11.	214.4	-186.319539	-120.
4.653529	1.	11.	211.46	-194.72	-116.745817
5.248156	1.	11.	196.45	-132.1	-115.6174
4.773177	1.	11.	205.59	-135.635082	-118.
4.353064	1.	11.	228.76	-123.899013	-118.
4.834769	1.	11.	229.41	-113.280631	-118.
5.25719	1.	11.	237.404641	-128.51	-118.
4.564883	1.	11.	258.12	-201.706021	-114.
5.228315	1.	11.	249.64	-191.809086	-114.
4.613249	1.	11.	238.186004	-191.14	-114.
4.430318	1.	11.	212.152883	-116.77	-114.
4.393108	1.	11.	196.614607	-106.98	-114.
4.512061	1.	11.	199.39	-114.81	-118.165901
4.527952	1.	11.	186.148522	-108.29	-114.
5.12814	1.	11.	163.49	-116.72658	-114.
5.274814	1.	11.	246.05	-180.712178	-114.
4.365729	1.	11.	201.34	-146.12	-111.978206
4.494974	1.	11.	191.88	-143.84	-113.752279
4.681251	1.	11.	253.88	-172.276592	-113.
4.360817	1.	11.	221.068911	-118.4	-113.
4.746407	1.	11.	205.91	-107.31	-111.229597
5.363342	1.	11.	233.	-223.286676	-112.
4.493742	1.	11.	240.83	-212.99	-113.236012
4.5221	1.	11.	201.34	-215.748671	-112.
4.635796	1.	11.	220.27	-235.994855	-112.
4.497984	1.	11.	179.81	-180.05	-113.439774
4.498885	1.	11.	183.4	-171.576411	-112.
4.569628	1.	11.	181.11	-197.614037	-112.
5.682151	1.	11.	202.	-94.26	-114.722403
4.829706	1.	11.	189.27	-100.46	-108.976383
4.650926	1.	11.	256.17	-115.321676	-112.
4.781295	1.	11.	252.9	-106.183289	-112.
4.455856	1.	11.	250.464057	-138.3	-112.
4.4977	1.	11.	278.68	-188.032151	-112.
4.61146	1.	11.	217.66	-176.232189	-112.
5.096407	1.	11.	194.730931	-155.26	-112.
5.034606	1.	11.	192.893399	-122.97	-112.
5.179178	1.	11.	235.93	-178.706925	-112.
4.566315	1.	11.	176.268637	-105.03	-112.
4.668358	1.	11.	266.36833	-114.16	-112.
4.732398	1.	11.	261.39	-100.79	-113.94245
4.866773	1.	11.	204.28	-119.38	-109.501743
4.35433	1.	11.	220.6	-142.346354	-112.
5.063911	1.	11.	211.13	-216.896044	-112.
4.419751	1.	11.	230.06	-235.044638	-112.
4.442499	1.	11.	223.08331	-128.19	-112.
5.208165	1.	11.	173.61	-140.91	-112.072342
4.507729	1.	11.	184.37	-138.15671	-111.
4.630471	1.	11.	231.69	-142.833173	-111.
4.842637	1.	11.	208.2	-181.03	-113.06283
5.356905	1.	11.	199.39	-186.815292	-111.
4.414721	1.	11.	197.045957	-206.79	-111.
5.234784	1.	11.	187.31	-206.094755	-111.
4.407429	1.	11.	183.4	-147.484706	-111.
5.079964	1.	11.	216.120215	-104.7	-111.
4.351456	1.	11.	282.759129	-174.18	-111.
5.276684	1.	11.	248.66	-128.848677	-110.
4.33585	1.	11.	257.8	-124.036239	-110.
5.068939	1.	11.	258.12	-161.483909	-110.
4.398104	1.	11.	172.3	-116.534541	-110.
4.653724	1.	11.	192.21	-177.76	-112.018899
5.12928	1.	11.	190.57	-193.42	-113.390065
4.669186	1.	11.	265.96	-155.40888	-110.
4.367029	1.	11.	211.545992	-143.19	-110.
4.48486	1.	11.	204.28	-129.608564	-110.
4.82408	1.	11.	174.26	-154.567245	-110.
4.430081	1.	11.	196.78	-169.61	-113.537152
4.457894	1.	11.	176.54	-188.85	-113.238596
4.341271	1.	11.	227.12	-105.35	-112.717378
4.847803	1.	11.	192.86	-90.964657	-110.
4.418605	1.	11.	183.188337	-90.68	-110.
4.47569	1.	11.	163.16	-103.716327	-110.
4.589925	1.	11.	254.570875	-184.29	-110.
4.421034	1.	11.	206.24	-200.27	-105.869521
4.439204	1.	11.	221.25	-192.77	-112.090235
4.632526	1.	11.	216.303949	-185.27	-109.
4.605976	1.	11.	206.24	-153.63	-108.258022
4.47635	1.	11.	214.72	-133.73	-109.342453
4.544261	1.	11.	214.72	-124.6	-107.6491
4.741934	1.	11.	167.73	-130.821426	-109.
4.406852	1.	11.	166.75	-147.76	-113.259896
4.496999	1.	11.	157.62	-136.99	-108.744408
4.583794	1.	11.	186.66	-185.081305	-109.
4.789526	1.	11.	229.73	-210.970221	-109.
5.34015	1.	11.	277.05	-197.90268	-109.
5.084451	1.	11.	265.103262	-173.85	-109.
4.473114	1.	11.	257.8	-152.65	-105.966051
4.732243	1.	11.	189.27	-164.197781	-109.
4.560398	1.	11.	183.4	-156.89	-109.04407
4.805453	1.	11.	224.51	-112.225031	-107.
4.334647	1.	11.	230.43415	-130.14	-107.
4.481399	1.	11.	177.85	-123.95	-105.771675
5.223702	1.	11.	234.690625	-114.81	-106.
4.587478	1.	11.	199.71	-176.355045	-106.
4.44862	1.	11.	202.65	-137.872254	-106.
4.641433	1.	11.	247.68	-164.232162	-105.
4.766294	1.	11.	161.577888	-185.92	-105.
4.438822	1.	11.	195.47	-221.47	-102.945189
5.605717	1.	11.	245.995783	-211.03	-104.
5.129833	1.	11.	239.743	-130.79	-104.
4.474528	1.	11.	238.042224	-99.81	-104.
5.064541	1.	11.	227.78	-89.621797	-104.
4.875075	1.	11.	176.22	-94.26	-103.378485
4.657064	1.	11.	170.67	-183.96	-108.220756
4.678094	1.	11.	229.08	-228.818125	-104.
4.456754	1.	11.	224.19	-220.907451	-104.
4.461342	1.	11.	193.230218	-191.79	-104.
4.804846	1.	11.	204.28	-191.14	-101.698372
4.878077	1.	11.	262.570062	-201.25	-103.
4.745567	1.	11.	248.33	-196.535085	-103.
4.478571	1.	11.	227.45	-158.52	-103.601242
5.012685	1.	11.	190.57	-109.59	-104.954311
4.555064	1.	11.	195.47	-118.887819	-103.
4.388898	1.	11.	158.601425	-117.1	-103.
4.833407	1.	11.	153.7	-178.09	-103.885168
4.757192	1.	11.	156.034782	-165.37	-103.
4.410826	1.	11.	168.38	-159.5	-104.281615
5.055305	1.	11.	268.24	-182.98	-105.675275
5.145152	1.	11.	213.74	-113.51	-103.873917
4.423495	1.	11.	250.62	-105.431083	-101.
4.33818	1.	11.	259.542367	-102.09	-101.
4.831898	1.	11.	264.65	-114.70381	-101.
4.571686	1.	11.	269.216367	-101.77	-101.
5.306642	1.	11.	203.3	-112.509858	-101.
4.644192	1.	11.	203.63	-99.16	-105.429945
4.422596	1.	11.	223.596492	-123.29	-101.
4.357652	1.	11.	223.21	-135.36	-103.22367
4.536746	1.	11.	233.316133	-220.49	-101.
4.621324	1.	11.	205.26	-219.002489	-101.
4.817393	1.	11.	199.697131	-211.36	-101.
4.40868	1.	11.	176.387636	-181.35	-101.
4.719273	1.	11.	187.397104	-153.3	-101.
4.813227	1.	11.	191.55	-143.19	-103.054094
5.816869	1.	11.	217.99	-178.243871	-101.
4.677775	1.	11.	181.955829	-168.3	-101.
4.373696	1.	11.	197.43	-92.96	-101.268942
5.364221	1.	11.	240.725045	-184.61	-101.
4.950371	1.	11.	236.975104	-174.5	-101.
4.954765	1.	11.	246.38	-144.532493	-101.
4.797042	1.	11.	208.85	-121.256561	-100.
4.42367	1.	11.	208.85	-104.277556	-100.
4.360011	1.	11.	195.04437	-202.55	-100.
4.519306	1.	11.	181.44	-197.33	-102.612276
4.720928	1.	11.	206.24	-172.11691	-100.
4.915008	1.	11.	168.616693	-135.36	-99.
4.664724	1.	11.	180.46	-143.52	-103.193596
4.368153	1.	11.	173.746482	-151.02	-99.
4.989489	1.	11.	234.97229	-138.62	-99.
4.43703	1.	11.	254.54	-124.92	-100.18853
4.685182	1.	11.	253.56	-115.138138	-99.
4.344654	1.	11.	178.178877	-105.68	-99.
4.657388	1.	11.	165.77	-108.714368	-99.
4.550529	1.	11.	203.919002	-144.17	-99.
4.447388	1.	11.	205.26	-132.777147	-99.
4.841207	1.	11.	229.73	-105.465506	-99.
4.613797	1.	11.	215.7	-108.29	-95.596397
4.373102	1.	11.	274.790646	-146.78	-99.
5.340466	1.	11.	250.62	-133.802601	-99.
4.60874	1.	11.	226.14	-142.21	-97.488005
4.650965	1.	11.	213.74	-140.58	-101.576418
4.372535	1.	11.	213.74	-149.535323	-99.
4.41858	1.	11.	260.599057	-164.72	-99.
5.358589	1.	11.	276.528153	-174.83	-99.
5.125056	1.	11.	286.02187	-181.68	-99.
4.928159	1.	11.	283.25	-191.79	-100.765758
4.433676	1.	11.	251.233638	-185.27	-99.
4.521924	1.	11.	197.43	-131.12	-103.195637
4.471407	1.	11.	185.493245	-136.99	-99.
4.367267	1.	11.	189.427381	-99.81	-99.
4.783814	1.	11.	195.362521	-182.33	-99.
4.384603	1.	11.	190.9	-172.22	-102.946498
4.868525	1.	11.	155.33	-136.99	-99.316391
5.374568	1.	11.	163.82	-144.17	-103.100079
4.441678	1.	11.	168.06	-125.068275	-98.
4.473635	1.	11.	215.7	-188.250955	-98.
4.76389	1.	11.	186.99	-187.368603	-98.
4.399946	1.	11.	183.72	-177.424765	-98.
4.969525	1.	11.	167.528707	-189.51	-98.
4.333012	1.	11.	177.85	-189.857263	-98.
4.451938	1.	11.	259.155902	-176.46	-98.
4.342617	1.	11.	257.47	-156.56	-94.684754
4.525312	1.	11.	232.215731	-122.31	-98.
4.425308	1.	11.	216.436974	-128.51	-98.
4.346019	1.	11.	208.2	-210.71	-93.932532
4.713418	1.	11.	203.254293	-199.62	-97.
4.333431	1.	11.	187.31	-197.99	-95.708105
4.358514	1.	11.	256.49	-147.888911	-97.
4.428575	1.	11.	281.921167	-201.25	-97.
4.573599	1.	11.	237.89	-213.329414	-97.
5.867233	1.	11.	238.842797	-195.7	-97.
4.335526	1.	11.	205.59	-152.97	-98.857332
4.358147	1.	11.	195.530738	-149.39	-97.
5.063843	1.	11.	245.995345	-176.13	-96.
4.427217	1.	11.	222.23	-184.29	-93.340579
4.377857	1.	11.	175.24	-129.56329	-95.
4.759966	1.	11.	187.96	-128.855852	-95.
4.548167	1.	11.	195.47	-136.01	-91.889068
4.608102	1.	11.	226.598128	-113.51	-95.
4.947035	1.	11.	160.88	-100.724311	-95.
4.384602	1.	11.	171.97	-115.14	-95.286473
5.018018	1.	11.	180.79	-121.752007	-95.
4.60753	1.	11.	164.14	-138.62	-91.092078
4.901976	1.	11.	172.3	-143.84	-92.735607
5.404361	1.	11.	204.93	-181.728565	-95.
4.749487	1.	11.	197.75	-172.87	-95.871122
4.810113	1.	11.	232.601488	-181.03	-95.
4.372484	1.	11.	266.341397	-153.63	-95.
4.344729	1.	11.	268.24	-167.611488	-95.
4.374856	1.	11.	267.59	-177.462086	-95.
4.88138	1.	11.	255.19	-170.91	-91.466399
4.437983	1.	11.	248.99	-163.040807	-95.
4.567276	1.	11.	187.31	-162.352859	-95.
4.548005	1.	11.	216.68	-119.854066	-95.
4.61694	1.	11.	226.8	-131.12	-96.066683
4.367274	1.	11.	224.84	-191.14	-99.263105
5.191318	1.	11.	228.76	-207.216219	-95.
4.497289	1.	11.	221.9	-151.155607	-94.
4.631504	1.	11.	181.76	-150.364835	-94.
4.413843	1.	11.	165.45	-150.37	-94.021264
4.381731	1.	11.	191.88	-177.76	-90.624532
5.013972	1.	11.	197.43	-125.359511	-94.
5.039322	1.	11.	206.89	-92.40874	-94.
4.907436	1.	11.	275.09	-192.44	-91.079367
4.760393	1.	11.	176.22	-157.54	-89.507291
4.359871	1.	11.	175.860759	-174.83	-94.
4.496035	1.	11.	167.73	-170.252946	-94.
4.381201	1.	11.	190.57	-90.35	-96.338223
4.796545	1.	11.	265.96	-208.026685	-94.
5.189502	1.	11.	265.572522	-197.66	-94.
4.505738	1.	11.	255.84	-194.07	-92.822106
5.076857	1.	11.	263.057483	-185.92	-94.
4.728435	1.	11.	221.58	-170.844725	-94.
4.44877	1.	11.	175.56	-165.738705	-94.
4.420452	1.	11.	180.760642	-112.2	-93.
4.875661	1.	11.	230.06	-229.810498	-93.
4.472659	1.	11.	218.115271	-229.3	-93.
4.755325	1.	11.	239.334058	-103.4	-93.
5.48618	1.	11.	268.489982	-108.29	-93.
4.349879	1.	11.	194.82	-161.78	-89.453622
4.594533	1.	11.	203.63	-189.83	-88.791036
4.590863	1.	11.	195.47	-192.550779	-93.
5.917578	1.	11.	181.168761	-95.89	-93.
4.543727	1.	11.	231.291505	-91.98	-93.
4.920404	1.	11.	221.25	-87.09	-91.556284
4.622341	1.	11.	224.19	-98.399296	-93.
4.942647	1.	11.	162.18	-180.717038	-93.
5.190088	1.	11.	237.015935	-129.49	-93.
4.708079	1.	11.	163.16	-162.11	-96.611943
4.760544	1.	11.	162.51	-156.89	-87.487743
5.259215	1.	11.	204.93	-164.44955	-92.
4.341673	1.	11.	194.49	-207.664477	-92.
4.77065	1.	11.	192.178002	-217.88	-92.
4.554909	1.	11.	228.1	-217.977282	-92.
5.531562	1.	11.	216.35	-218.385107	-92.
4.627804	1.	11.	152.07	-169.056505	-92.
5.061975	1.	11.	152.216076	-182.	-92.
4.52387	1.	11.	160.55	-120.444795	-92.
5.84396	1.	11.	154.03	-112.036935	-92.
5.266944	1.	11.	171.835883	-103.72	-92.
4.422826	1.	11.	195.14	-112.86	-95.023459
4.347906	1.	11.	235.93	-112.887193	-92.
4.61283	1.	11.	257.47	-203.02187	-92.
4.800122	1.	11.	235.61	-171.599975	-90.
4.458455	1.	11.	202.946921	-220.17	-90.
4.536596	1.	11.	189.358403	-145.47	-90.
4.54325	1.	11.	199.336401	-104.7	-90.
4.459028	1.	11.	196.12	-95.89	-91.903289
4.341429	1.	11.	248.99	-101.44	-92.744445
4.375536	1.	11.	224.51	-120.68	-88.822885
4.618985	1.	11.	214.07	-176.321909	-90.
5.113135	1.	11.	184.944289	-170.59	-90.
4.539198	1.	11.	257.15	-106.425808	-90.
5.075538	1.	11.	209.5	-104.149375	-89.
4.563714	1.	11.	212.11	-114.49	-89.220007
4.726368	1.	11.	254.267193	-125.9	-88.
4.713213	1.	11.	254.54	-115.196928	-88.
4.656607	1.	11.	272.81	-131.77	-85.562457
5.422803	1.	11.	254.54	-137.617988	-88.
4.732975	1.	11.	264.32	-131.45	-92.162757
4.409463	1.	11.	265.3	-117.1	-86.251441
5.069996	1.	11.	279.99	-147.012909	-88.
4.9535	1.	11.	214.07	-139.28	-91.430562
4.562628	1.	11.	215.027401	-149.71	-88.
4.84559	1.	11.	204.7527	-138.95	-88.
4.781326	1.	11.	185.899345	-136.34	-88.
4.795501	1.	11.	201.67	-118.148907	-88.
5.003617	1.	11.	230.06	-105.245488	-88.
4.675316	1.	11.	177.2	-201.9	-92.546335
5.576646	1.	11.	245.72	-187.091743	-88.
4.341045	1.	11.	171.32	-181.280662	-88.
4.404773	1.	11.	277.816718	-173.52	-87.
4.758228	1.	11.	182.42	-180.935397	-87.
4.825583	1.	11.	170.67	-194.789895	-87.
4.404497	1.	11.	168.433812	-131.77	-87.
4.897992	1.	11.	170.34	-121.66	-87.471037
4.376001	1.	11.	211.79	-88.082348	-87.
4.552629	1.	11.	212.44	-186.57	-88.758873
5.505872	1.	11.	201.293462	-201.9	-86.
5.203618	1.	11.	187.96	-203.238173	-86.
4.609333	1.	11.	201.02	-147.865171	-86.
4.538644	1.	11.	189.6	-154.191799	-86.
4.544178	1.	11.	206.694589	-155.58	-86.
4.580564	1.	11.	218.64	-137.64	-82.395403
5.376243	1.	11.	200.36	-92.96	-82.971195
4.93272	1.	11.	216.359239	-126.55	-85.
4.440244	1.	11.	221.25	-178.42	-84.426943
4.341559	1.	11.	219.94	-186.9	-82.489989
5.047257	1.	11.	220.881147	-112.2	-85.
4.42098	1.	11.	232.517391	-209.4	-85.
5.081672	1.	11.	252.614707	-162.76	-85.
4.47926	1.	11.	265.507312	-179.72	-85.
4.418988	1.	11.	179.594525	-129.16	-84.
5.051793	1.	11.	180.79	-118.45857	-84.
4.620226	1.	11.	159.624836	-105.68	-84.
4.542028	1.	11.	175.469769	-98.83	-84.
4.493573	1.	11.	159.826505	-192.12	-84.
4.76084	1.	11.	267.26	-169.877996	-84.
4.88516	1.	11.	264.98	-160.48	-88.752833
4.34189	1.	11.	208.85	-121.34	-82.733894
4.498897	1.	11.	183.407221	-161.13	-84.
4.585029	1.	11.	203.999583	-181.35	-84.
4.525377	1.	11.	199.39	-173.292484	-84.
4.870141	1.	11.	231.235918	-114.49	-84.
4.416664	1.	11.	226.47	-131.45	-85.742296
4.414244	1.	11.	247.36	-173.2	-83.303162
5.089706	1.	11.	174.782791	-171.24	-83.
4.473276	1.	11.	163.814514	-179.72	-83.
4.439874	1.	11.	260.08	-193.375703	-83.
4.384423	1.	11.	221.58	-102.646562	-82.
4.423244	1.	11.	239.85	-103.4	-78.02831
4.657132	1.	11.	229.41	-96.94254	-82.
4.370839	1.	11.	222.56	-87.09	-81.141237
4.794364	1.	11.	219.62	-147.43	-78.726362
5.111882	1.	11.	232.34	-184.555127	-82.
4.938196	1.	11.	266.61	-200.92	-80.556543
5.434418	1.	11.	233.208262	-224.41	-82.
4.49336	1.	11.	227.25463	-232.89	-82.
5.568208	1.	11.	206.56	-228.32	-85.17442
4.688664	1.	11.	167.73	-145.8	-80.300339
4.56456	1.	11.	197.995722	-156.89	-82.
4.702102	1.	11.	181.44	-91.	-80.845895
4.520838	1.	11.	160.55	-127.308789	-81.
4.475642	1.	11.	154.35	-114.49	-76.697089
5.357836	1.	11.	225.255722	-214.62	-81.
4.660489	1.	11.	237.24	-129.129905	-81.
4.404264	1.	11.	162.476143	-117.42	-81.
4.533792	1.	11.	194.82	-123.29	-84.135483
5.241981	1.	11.	178.83	-145.15	-76.492062
4.642412	1.	11.	264.65	-185.92	-78.049087
4.455562	1.	11.	272.16	-192.293604	-81.
4.356721	1.	11.	253.399577	-201.9	-81.
4.459979	1.	11.	191.218172	-180.05	-81.
4.541588	1.	11.	154.68	-121.01	-84.540632
4.544699	1.	11.	265.63	-210.38	-81.59122
4.875527	1.	11.	232.432267	-195.05	-81.
4.390696	1.	11.	172.95	-112.2	-80.845653
4.410746	1.	11.	164.14	-167.65	-83.475826
4.370573	1.	11.	228.411091	-124.6	-79.
4.927167	1.	11.	234.96	-173.444347	-79.
4.3399	1.	11.	198.585078	-110.25	-79.
4.413958	1.	11.	193.10701	-141.88	-79.
4.615212	1.	11.	212.77	-179.72	-80.528468
4.852445	1.	11.	215.241415	-229.95	-79.
5.44335	1.	11.	198.617297	-221.47	-79.
5.271863	1.	11.	275.09192	-165.7	-79.
4.490367	1.	11.	166.339121	-99.48	-79.
4.391023	1.	11.	186.66	-169.594004	-78.
4.463955	1.	11.	246.7	-118.560954	-78.
5.026017	1.	11.	153.37	-163.795849	-77.
4.756637	1.	11.	161.53	-148.73	-73.778391
4.547632	1.	11.	175.24	-182.	-80.04451
5.969184	1.	11.	286.862143	-209.73	-77.
4.625142	1.	11.	279.99	-198.563699	-77.
4.375513	1.	11.	212.11	-117.75	-74.40608
4.798327	1.	11.	210.48	-110.57	-80.567584
4.44323	1.	11.	201.702643	-118.73	-77.
4.839284	1.	11.	254.86	-135.806546	-77.
4.614072	1.	11.	256.795705	-117.75	-77.
4.923429	1.	11.	269.55	-129.16	-75.17303
4.428874	1.	11.	210.039134	-140.91	-77.
4.657861	1.	11.	185.68	-135.718715	-77.
4.352628	1.	11.	199.640362	-100.46	-76.
4.537863	1.	11.	171.32	-127.21	-75.459255
4.668852	1.	11.	172.95	-196.799423	-76.
4.396699	1.	11.	183.661562	-178.09	-76.
4.433132	1.	11.	169.730203	-188.2	-76.
4.610856	1.	11.	246.7	-109.27	-78.565384
4.754805	1.	11.	274.828591	-121.01	-75.
4.488861	1.	11.	272.16	-106.01	-75.751566
5.120969	1.	11.	260.74	-168.106183	-75.
5.096774	1.	11.	202.98	-157.54	-70.009961
4.822238	1.	11.	200.324257	-149.06	-75.
4.640052	1.	11.	201.34	-139.192644	-75.
4.554721	1.	11.	218.97	-124.407421	-75.
4.470559	1.	11.	217.33	-98.5	-75.281234
4.9178	1.	11.	203.63	-208.961871	-75.
4.712971	1.	11.	204.901838	-196.68	-75.
4.743841	1.	11.	253.88	-187.55	-79.013548
4.726429	1.	11.	222.936131	-223.43	-75.
5.307904	1.	11.	215.664863	-215.27	-75.
4.69324	1.	11.	189.898971	-151.67	-75.
4.435118	1.	11.	216.35	-140.25	-70.687086
4.342828	1.	11.	212.261776	-153.95	-75.
4.420545	1.	11.	233.65	-146.047174	-75.
4.998248	1.	11.	207.54	-94.347841	-74.
4.961889	1.	11.	218.97	-173.00161	-74.
4.358617	1.	11.	186.282659	-206.47	-74.
4.546753	1.	11.	231.04	-106.66	-78.496817
4.687967	1.	11.	211.13	-129.82	-72.914
4.548728	1.	11.	194.375765	-93.29	-74.
4.635029	1.	11.	161.53	-130.47	-70.580996
4.799508	1.	11.	218.64	-183.542596	-74.
5.064603	1.	11.	237.89	-213.32	-78.182146
4.553833	1.	11.	229.08	-115.14	-74.65645
4.402137	1.	11.	178.17	-121.04192	-73.
4.475236	1.	11.	177.52	-134.015443	-73.
4.82531	1.	11.	246.38	-172.762459	-73.
4.868009	1.	11.	268.89	-175.155412	-73.
4.647449	1.	11.	203.95	-178.172804	-73.
4.334343	1.	11.	163.190791	-183.31	-72.
4.369022	1.	11.	167.08	-175.48	-70.372947
4.587928	1.	11.	175.56517	-171.24	-72.
5.242634	1.	11.	255.816845	-196.68	-71.
4.353974	1.	11.	267.26	-192.44	-71.227817
4.333786	1.	11.	209.844735	-231.58	-71.
4.604833	1.	11.	232.910016	-229.3	-71.
4.398107	1.	11.	217.99	-108.29	-74.682991
4.786889	1.	11.	218.97	-84.420999	-71.
4.336544	1.	11.	225.49	-91.98	-74.412245
5.268323	1.	11.	231.951753	-99.16	-71.
5.303671	1.	11.	157.94	-103.085389	-71.
4.633935	1.	11.	215.05	-148.73	-66.987237
4.788746	1.	11.	189.27	-162.43	-71.515876
4.688118	1.	11.	229.73	-182.66	-66.507729
4.4905	1.	11.	190.57	-187.55	-68.414839
4.371138	1.	11.	184.05	-88.358409	-71.
4.848013	1.	11.	224.51	-151.404414	-70.
4.628757	1.	11.	226.14	-140.91	-72.025919
4.631396	1.	11.	168.71	-117.42	-73.608195
4.653696	1.	11.	160.55	-120.583947	-70.
4.417473	1.	11.	151.071315	-120.03	-70.
4.492462	1.	11.	232.511576	-198.64	-70.
4.480286	1.	11.	237.329379	-189.51	-70.
4.377242	1.	11.	260.74	-205.897695	-70.
4.796158	1.	11.	268.89	-160.596318	-70.
4.348895	1.	11.	191.23	-178.74	-68.713507
4.331176	1.	11.	227.78	-176.79	-73.255041
4.587441	1.	11.	227.268559	-168.96	-69.
5.083552	1.	11.	268.914871	-210.71	-69.
4.350857	1.	11.	268.89	-198.96	-65.165169
5.255423	1.	11.	232.02	-216.162188	-69.
4.383404	1.	11.	261.06	-186.266548	-69.
4.375171	1.	11.	236.26	-181.35	-73.289354
4.331492	1.	11.	224.538188	-105.03	-69.
4.629596	1.	11.	195.470996	-144.17	-68.
4.731656	1.	11.	193.580249	-131.45	-68.
4.655778	1.	11.	236.91	-175.15	-65.831979
4.42923	1.	11.	211.79	-180.459747	-68.
4.520663	1.	11.	202.	-225.71	-70.413453
4.599916	1.	11.	200.36	-106.797399	-68.
4.69797	1.	11.	185.68	-140.165515	-68.
5.169863	1.	11.	210.48	-169.614457	-68.
4.814182	1.	11.	176.54	-96.252674	-68.
4.542868	1.	11.	191.88	-122.64	-71.316964
4.332599	1.	11.	185.03	-170.14767	-67.
4.687585	1.	11.	208.415579	-112.53	-66.
5.078905	1.	11.	180.13	-149.759627	-66.
4.677179	1.	11.	151.917128	-160.8	-66.
4.687532	1.	11.	216.404257	-161.13	-66.
4.541433	1.	11.	173.827481	-183.31	-66.
4.543789	1.	11.	197.654915	-117.1	-66.
4.368069	1.	11.	212.77	-123.905221	-66.
4.688192	1.	11.	256.250244	-133.08	-66.
4.611271	1.	11.	267.107003	-130.79	-66.
4.997026	1.	11.	279.66	-140.191038	-66.
4.443816	1.	11.	253.145559	-118.07	-66.
5.451742	1.	11.	182.74	-128.862664	-66.
4.559577	1.	11.	223.86	-120.36	-67.374906
5.28831	1.	11.	257.15	-212.01	-61.039124
4.588148	1.	11.	286.19	-199.353176	-66.
4.607375	1.	11.	167.228661	-191.46	-65.
4.385224	1.	11.	248.01	-125.25	-67.425468
5.734994	1.	11.	279.545426	-207.77	-65.
4.36505	1.	11.	180.13	-177.44	-62.618443
4.357389	1.	11.	264.	-169.61	-65.318721
4.534137	1.	11.	215.38	-140.25	-59.662975
4.34563	1.	11.	201.02	-141.88	-60.357017
4.626211	1.	11.	206.24	-202.131125	-64.
5.110744	1.	11.	221.9	-224.73	-59.914329
4.428726	1.	11.	239.683875	-220.82	-64.
4.50591	1.	11.	246.623019	-111.88	-64.
4.665887	1.	11.	238.745348	-106.98	-64.
4.472953	1.	11.	216.68	-99.81	-64.467758
4.581484	1.	11.	189.711431	-151.34	-64.
4.700356	1.	11.	235.25428	-150.04	-64.
4.940872	1.	11.	174.58	-201.880349	-64.
4.69725	1.	11.	174.26	-141.23	-67.727537
4.808145	1.	11.	219.62	-172.756548	-63.
4.544091	1.	11.	218.97	-184.214537	-63.
4.604722	1.	11.	195.8	-227.02	-60.430257
4.748699	1.	11.	194.200542	-217.88	-63.
4.593541	1.	11.	210.129663	-92.96	-63.
5.344241	1.	11.	273.14	-123.62	-61.44086
4.414785	1.	11.	202.32	-157.87	-59.082806
4.372592	1.	11.	193.84	-159.17	-62.498857
4.617769	1.	11.	204.545769	-150.04	-63.
4.742654	1.	11.	250.748197	-187.55	-63.
4.590965	1.	11.	171.	-124.6	-66.271075
4.640297	1.	11.	162.84	-113.83	-62.602763
4.52517	1.	11.	188.62	-136.01	-60.236772
5.228154	1.	11.	221.9	-213.627719	-62.
4.491692	1.	11.	257.691999	-176.46	-62.
4.486682	1.	11.	204.361482	-129.16	-62.
4.645688	1.	11.	210.405827	-188.2	-62.
5.360098	1.	11.	201.048347	-179.39	-62.
4.700738	1.	11.	214.72	-206.47	-59.958788
4.36728	1.	11.	263.02	-149.911546	-62.
4.374401	1.	11.	171.32	-174.505039	-61.
4.424496	1.	11.	165.99096	-183.31	-61.
4.494357	1.	11.	228.878816	-114.16	-61.
4.358523	1.	11.	163.49	-170.306682	-61.
6.108787	1.	11.	214.07	-233.376607	-61.
4.516773	1.	11.	177.85	-120.934207	-61.
4.80908	1.	11.	187.31	-190.430876	-60.
4.640041	1.	11.	176.22	-190.81	-60.224719
4.638116	1.	11.	270.85	-189.555647	-60.
4.434604	1.	11.	231.2543	-229.95	-60.
5.330707	1.	11.	208.2	-221.529856	-60.
4.349939	1.	11.	221.58	-91.65	-63.221764
4.585011	1.	11.	232.67	-100.918523	-60.
4.462545	1.	11.	218.97	-82.85	-60.746901
4.351593	1.	11.	237.789783	-164.06	-60.
4.375644	1.	11.	178.689388	-137.64	-60.
5.429776	1.	11.	217.66	-115.362221	-60.
4.507381	1.	11.	209.5	-102.120143	-59.
4.664374	1.	11.	162.842331	-123.95	-59.
4.42441	1.	11.	224.63464	-151.02	-59.
4.742724	1.	11.	226.14	-141.88	-62.248017
4.680553	1.	11.	270.53	-152.65	-55.896625
4.684726	1.	11.	236.138446	-197.99	-59.
4.474916	1.	11.	239.52	-188.868225	-59.
4.421529	1.	11.	225.671939	-179.07	-59.
4.52009	1.	11.	267.682564	-211.36	-58.
4.584994	1.	11.	263.588862	-199.62	-58.
4.51719	1.	11.	223.21	-107.64	-56.592337
4.686205	1.	11.	153.241507	-121.66	-58.
4.999342	1.	11.	249.903841	-129.49	-58.
4.493073	1.	11.	195.14	-129.49	-58.417223
4.432472	1.	11.	189.6	-178.74	-58.451391
5.279847	1.	11.	168.436403	-133.4	-58.
4.461512	1.	11.	223.565922	-98.5	-58.
4.332683	1.	11.	189.92	-144.49	-57.653462
4.371554	1.	11.	195.8	-139.6	-53.028571
4.436132	1.	11.	234.3	-178.635785	-57.
4.888866	1.	11.	210.245878	-180.05	-57.
4.998526	1.	11.	245.07	-152.141583	-57.
4.528528	1.	11.	201.02	-107.64	-54.952593
4.422313	1.	11.	184.7	-167.155407	-56.
4.919416	1.	11.	177.860914	-145.47	-55.
4.392062	1.	11.	182.77664	-183.63	-55.
4.35457	1.	11.	173.61	-181.18455	-55.
5.15681	1.	11.	265.796124	-130.79	-55.
4.341645	1.	11.	181.502445	-129.49	-55.
4.685812	1.	11.	182.74	-174.83	-51.371692
4.475716	1.	11.	195.14	-114.81	-53.924481
4.744854	1.	11.	218.97	-158.85	-51.048978
4.451323	1.	11.	169.952934	-165.7	-54.
4.610882	1.	11.	247.36	-113.624885	-53.
4.354537	1.	11.	240.328261	-105.68	-53.
4.709255	1.	11.	238.104497	-215.93	-53.
4.780742	1.	11.	231.04	-203.53	-52.194307
4.599953	1.	11.	174.26	-201.749722	-53.
5.226711	1.	11.	207.055287	-200.6	-53.
4.59245	1.	11.	204.93	-187.87	-54.272509
4.367152	1.	11.	187.034275	-151.34	-53.
4.480471	1.	11.	202.65	-132.788045	-53.
4.362051	1.	11.	215.7	-99.55249	-53.
5.001267	1.	11.	206.24	-142.54	-52.036375
5.04417	1.	11.	273.14	-125.58	-47.896701
5.143513	1.	11.	253.56	-186.400705	-52.
4.724036	1.	11.	218.64	-179.338659	-52.
4.93016	1.	11.	221.419628	-169.94	-52.
4.52881	1.	11.	196.671295	-149.06	-52.
6.05305	1.	11.	193.84	-159.55585	-52.
4.963785	1.	11.	200.04	-217.56	-51.954121
5.442729	1.	11.	192.53	-226.36	-47.124034
4.624528	1.	11.	239.2	-169.530377	-52.
4.464063	1.	11.	186.599434	-135.69	-51.
4.332519	1.	11.	159.663882	-115.79	-51.
4.534568	1.	11.	219.94	-115.483886	-50.
4.530341	1.	11.	212.11	-108.165425	-50.
4.808905	1.	11.	218.97	-213.32	-49.825403
4.611742	1.	11.	229.41	-220.82	-50.873107
5.166352	1.	11.	219.035814	-224.08	-50.
6.430322	1.	11.	243.821994	-204.51	-50.
5.080179	1.	11.	253.88	-197.936677	-50.
4.462756	1.	11.	262.04	-206.14	-48.219662
4.844562	1.	11.	263.35	-148.08	-51.113205
4.92539	1.	11.	246.516871	-123.29	-50.
5.834735	1.	11.	213.74	-192.44	-49.530347
4.972787	1.	11.	177.85	-193.165523	-49.
4.422118	1.	11.	245.07	-180.975692	-49.
4.646172	1.	11.	263.38284	-193.09	-49.
4.838413	1.	11.	222.23	-80.725756	-49.
4.592499	1.	11.	209.18	-223.477283	-49.
4.585453	1.	11.	163.777931	-177.44	-49.
5.016076	1.	11.	174.58	-171.24	-45.372268
5.299046	1.	11.	270.53	-152.	-44.473671
4.629739	1.	11.	192.21	-174.83	-50.317064
4.785649	1.	11.	226.542085	-107.64	-47.
5.056478	1.	11.	251.835528	-131.45	-47.
4.769047	1.	11.	177.061558	-132.43	-47.
4.387138	1.	11.	161.034436	-126.88	-47.
4.360737	1.	11.	223.53	-98.997539	-46.
4.784082	1.	11.	203.744911	-104.7	-46.
4.36133	1.	11.	194.49	-132.7169	-46.
4.420962	1.	11.	190.222862	-142.86	-46.
4.349978	1.	11.	189.27	-181.68	-44.673452
4.372453	1.	11.	169.524399	-186.24	-46.
4.729627	1.	11.	207.22	-183.96	-46.076751
4.683668	1.	11.	210.48	-173.566854	-46.
4.402644	1.	11.	226.47	-177.573682	-46.
4.381194	1.	11.	235.777604	-178.42	-46.
4.874394	1.	11.	199.06	-122.97	-50.002117
6.091189	1.	11.	186.01	-166.411188	-45.
5.234809	1.	11.	189.27	-124.434166	-45.
4.460356	1.	11.	216.03	-184.29	-42.882235
5.589498	1.	11.	237.89	-188.498223	-45.
4.527072	1.	11.	177.2	-114.49	-48.563962
4.334516	1.	11.	177.85	-106.054816	-45.
4.590162	1.	11.	235.359839	-104.37	-45.
4.755528	1.	11.	225.17	-153.63	-44.032286
4.778984	1.	11.	178.83	-143.19	-40.929519
4.395837	1.	11.	170.945457	-126.23	-44.
4.565735	1.	11.	178.83	-182.33	-46.548749
4.929592	1.	11.	182.74	-175.81	-39.43341
5.222871	1.	11.	195.193224	-115.46	-42.
4.966392	1.	11.	200.36	-128.84	-39.370706
4.342385	1.	11.	199.39	-139.93	-42.872143
6.287839	1.	11.	251.067807	-105.68	-42.
5.049253	1.	11.	245.625822	-116.77	-42.
4.779115	1.	11.	211.015727	-99.81	-42.
4.837268	1.	11.	211.46	-203.2	-43.986962
4.371139	1.	11.	171.32	-203.193588	-42.
4.70032	1.	11.	185.03	-150.802241	-42.
5.32908	1.	11.	237.24	-213.673435	-42.
5.457102	1.	11.	232.02	-198.652538	-42.
4.484366	1.	11.	183.781229	-188.53	-42.
4.835846	1.	11.	220.6	-162.712152	-42.
4.666728	1.	11.	164.8	-169.28	-41.195131
4.852765	1.	11.	242.120393	-172.54	-41.
4.529411	1.	11.	217.33	-174.18	-39.381884
4.38702	1.	11.	194.16	-153.132203	-41.
4.593507	1.	11.	272.81	-204.51	-38.509895
5.174421	1.	11.	249.955458	-185.27	-41.
4.469668	1.	11.	270.2	-135.005806	-41.
5.224136	1.	11.	282.323289	-135.04	-41.
4.763253	1.	11.	259.43	-182.027119	-40.
4.644724	1.	11.	185.35	-135.04	-39.74613
4.594269	1.	11.	263.02	-145.8	-37.085914
4.794526	1.	11.	208.52	-109.338882	-38.
5.292149	1.	11.	219.94	-119.38	-35.768504
4.689807	1.	11.	220.92	-225.38	-35.887415
4.521645	1.	11.	210.675756	-224.41	-38.
4.961437	1.	11.	253.56	-196.302913	-38.
4.834651	1.	11.	276.4	-143.19	-34.582191
4.897975	1.	11.	255.592882	-154.93	-37.
4.375661	1.	11.	246.7	-165.7	-32.681784
4.711619	1.	11.	245.07	-182.33	-32.518188
4.8349	1.	11.	250.62	-129.82	-37.031835
4.592526	1.	11.	203.539813	-149.39	-36.
6.327188	1.	11.	171.	-170.26	-31.489002
4.679709	1.	11.	169.04	-182.98	-30.563535
4.341191	1.	11.	261.146709	-130.47	-35.
4.527867	1.	11.	209.83	-179.444228	-35.
4.556838	1.	11.	208.87688	-193.09	-35.
4.819263	1.	11.	226.618948	-108.29	-35.
4.603141	1.	11.	239.52	-145.155585	-35.
4.664465	1.	11.	230.71	-169.422985	-35.
4.475659	1.	11.	198.116162	-142.21	-34.
5.383115	1.	11.	222.316671	-97.85	-34.
4.799795	1.	11.	235.61	-178.745487	-34.
5.149745	1.	11.	190.661785	-181.03	-34.
5.199789	1.	11.	174.91	-188.2	-38.016056
5.021162	1.	11.	193.51	-133.08	-29.759145
5.003366	1.	11.	186.99	-124.154092	-34.
4.564258	1.	11.	176.87	-128.84	-33.53512
5.345877	1.	11.	167.08	-126.88	-32.249739
5.176636	1.	11.	176.87	-108.94	-31.388483
4.703928	1.	11.	199.06	-110.695767	-33.
5.096931	1.	11.	179.81	-141.88	-27.520615
6.753756	1.	11.	186.33	-169.28	-28.414292
4.410699	1.	11.	182.649149	-188.2	-31.
4.451933	1.	11.	173.197025	-205.81	-31.
6.027681	1.	11.	237.24	-206.488835	-31.
4.356113	1.	11.	236.59	-187.87	-33.812135
5.160984	1.	11.	249.64	-116.427949	-31.
4.400243	1.	11.	189.328836	-115.46	-31.
4.367049	1.	11.	197.43	-121.34	-34.019168
4.891861	1.	11.	189.720385	-147.76	-31.
5.115471	1.	11.	220.270087	-176.79	-30.
4.376	1.	11.	208.52	-210.71	-30.983643
4.784959	1.	11.	197.43	-156.232467	-29.
5.185763	1.	11.	231.04	-152.65	-23.850694
4.51429	1.	11.	223.552479	-165.37	-29.
4.993327	1.	11.	216.03	-106.046609	-29.
4.898016	1.	11.	241.16	-172.288635	-29.
4.965468	1.	11.	255.469105	-180.37	-28.
4.967776	1.	11.	218.64	-225.71	-23.613472
4.701527	1.	11.	205.91	-141.968593	-25.
4.913374	1.	11.	256.49	-195.7	-27.639631
4.809475	1.	11.	256.82	-188.85	-19.452179
4.492758	1.	11.	208.85	-181.655267	-24.
4.432581	1.	11.	250.95	-128.163663	-23.
4.90568	1.	11.	241.81	-130.624837	-23.
4.947918	1.	11.	252.25	-137.32	-27.323091
4.762681	1.	11.	261.06	-139.93	-23.034355
4.607509	1.	11.	196.78	-141.929463	-23.
5.607589	1.	11.	189.92	-128.19	-18.544393
4.550965	1.	11.	199.39	-131.77	-20.742334
5.584373	1.	11.	231.248353	-171.89	-23.
4.352336	1.	11.	185.35	-181.35	-23.37496
4.588045	1.	11.	179.683465	-128.84	-22.
5.380021	1.	11.	236.886031	-182.33	-22.
4.778465	1.	11.	179.48	-187.87	-17.561128
5.092723	1.	11.	193.19	-150.881436	-20.
5.351191	1.	11.	203.63	-151.67	-19.01381
5.708701	1.	11.	243.613561	-200.92	-18.
5.013234	1.	11.	180.46	-142.09562	-17.
4.347476	1.	11.	196.354857	-151.02	-9.
4.837046	1.	11.	205.26	-155.483989	-9.
4.810386	1.	11.	205.59	-143.19	-12.561806
4.550088	1.	11.	196.78	-133.73	-8.36398
5.051523	1.	11.	234.96	-135.36	-4.924879
5.593368	1.	11.	237.24	-189.18	-7.12715
4.515899	1.	11.	236.921892	-177.11	-9.