5.972975	0.4	12.	15.65	-234.104157	-0.74
6.427224	0.4	12.	-2.162171	-220.56	-0.74
4.935706	0.4	12.	32.964433	-223.5	-0.74
5.247222	0.4	12.	32.3	-234.708846	-0.74
5.515745	0.4	12.	35.334176	-206.21	-0.74
5.212235	0.4	12.	24.440536	-200.34	-0.74
5.336233	0.4	12.	11.935889	-181.75	-0.74
6.214139	0.4	12.	-7.84	-237.36252	-0.74
4.535826	0.4	12.	4.753606	-251.55	-0.74
5.319856	0.4	12.	-21.22	-220.56	-3.307813
4.745767	0.4	12.	6.821296	-204.9	-6.54
6.240357	0.4	12.	-26.44	-193.16	-2.077316
8.126732	0.4	12.	-32.830874	-178.16	-7.5
5.883705	0.4	12.	20.725528	-174.57	-7.33
7.214984	0.4	12.	1.473757	-168.05	-8.58
6.180303	0.4	12.	19.9	-210.45	-3.824308
6.418408	0.4	12.	11.41	-157.28	-2.492694
7.205666	0.4	12.	25.455309	-162.18	-8.87
4.861844	0.4	12.	22.83	-148.865796	-9.49
6.844486	0.4	12.	-4.91	-205.23	-9.932531
4.678288	0.4	12.	-0.99	-180.12	-10.097819
6.644452	0.4	12.	-15.02	-184.36	-6.994515
6.657753	0.4	12.	-29.05	-206.54	-6.640462
5.078849	0.4	12.	-3.291583	-227.74	-9.72
4.512722	0.4	12.	-11.11	-220.56	-13.471545
5.455365	0.4	12.	-7.84	-246.547483	-10.69
5.38739	0.4	12.	15.	-228.928707	-10.86
5.879375	0.4	12.	30.66	-230.292515	-10.92
7.487847	0.4	12.	32.3	-215.073317	-11.2
5.133226	0.4	12.	25.751691	-199.03	-11.31
4.788641	0.4	12.	15.33	-191.86	-9.649535
5.237388	0.4	12.	2.93	-194.79	-13.005985
6.054373	0.4	12.	15.	-242.74	-10.827471
6.774616	0.4	12.	34.91	-244.04	-11.408419
5.191048	0.4	12.	-24.740549	-218.93	-16.54
5.479784	0.4	12.	8.355533	-206.86	-17.17
4.743006	0.4	12.	-23.51	-194.386769	-17.4
4.934894	0.4	12.	16.723498	-178.81	-17.57
5.160933	0.4	12.	-23.18	-176.284238	-17.68
5.104617	0.4	12.	8.696801	-168.7	-18.93
6.199134	0.4	12.	15.992675	-157.94	-19.61
4.677452	0.4	12.	-3.352933	-165.44	-19.95
6.453573	0.4	12.	-1.32	-228.06	-21.405107
4.843019	0.4	12.	-17.0511	-228.39	-20.92
6.035689	0.4	12.	-35.58	-195.966717	-20.58
5.489782	0.4	12.	19.9	-209.96004	-20.75
5.334355	0.4	12.	-2.348669	-179.79	-20.69
5.610371	0.4	12.	33.93	-224.8	-21.291538
6.129202	0.4	12.	40.92983	-205.56	-21.77
5.250311	0.4	12.	28.387791	-200.66	-21.43
4.838184	0.4	12.	36.86	-235.195162	-21.6
5.724499	0.4	12.	24.46	-237.241275	-21.6
4.866279	0.4	12.	14.078351	-228.06	-21.6
4.695673	0.4	12.	7.17	-243.091637	-22.06
5.335477	0.4	12.	-2.29	-247.692803	-21.77
5.459581	0.4	12.	-12.044971	-239.15	-22.06
4.850561	0.4	12.	-6.463207	-202.62	-22.06
4.715377	0.4	12.	-14.869721	-190.88	-22.17
5.034137	0.4	12.	-13.39	-180.77	-18.801563
4.746686	0.4	12.	-5.56	-212.73	-23.081077
4.874639	0.4	12.	20.22	-189.57	-26.790923
5.122647	0.4	12.	32.62	-188.712142	-23.08
4.700105	0.4	12.	30.150132	-214.04	-23.48
4.642504	0.4	12.	6.52	-196.75	-24.945936
5.496763	0.4	12.	16.63	-199.03	-19.512528
5.472711	0.4	12.	2.27	-187.62	-27.788156
5.330766	0.4	12.	-33.95	-173.59	-21.837878
4.983541	0.4	12.	8.15	-253.18	-21.781813
5.30632	0.4	12.	1.3	-263.94	-21.828917
5.098397	0.4	12.	-17.35511	-208.17	-25.41
7.470415	0.4	12.	-1.151968	-133.8	-25.53
5.665124	0.4	12.	6.798327	-145.21	-26.21
4.76156	0.4	12.	-12.74	-140.65	-27.105823
5.259324	0.4	12.	43.93329	-215.67	-26.61
5.191624	0.4	12.	-12.907614	-218.6	-27.12
5.442327	0.4	12.	-23.83	-222.881543	-27.52
4.535257	0.4	12.	21.53	-176.85	-26.44238
4.607223	0.4	12.	10.76	-178.139683	-28.25
4.577716	0.4	12.	31.97	-245.68	-24.800318
5.468381	0.4	12.	-20.9	-167.902574	-28.31
4.571475	0.4	12.	-14.042494	-157.94	-28.42
4.709132	0.4	12.	44.04	-191.709763	-28.94
5.010398	0.4	12.	-29.078346	-185.01	-29.05
6.553364	0.4	12.	-8.49	-260.917908	-28.99
5.412014	0.4	12.	-14.469116	-247.63	-28.99
4.985511	0.4	12.	20.87	-249.670914	-29.05
5.191561	0.4	12.	4.23	-206.86	-33.347284
4.538333	0.4	12.	13.04	-164.46	-28.66239
5.048033	0.4	12.	19.66126	-154.02	-29.79
4.491251	0.4	12.	-5.945584	-165.44	-30.13
4.784674	0.4	12.	3.140786	-172.29	-30.13
5.730933	0.4	12.	-25.79	-239.472907	-31.15
4.530796	0.4	12.	-6.257999	-229.37	-31.15
7.498853	0.4	12.	40.78	-178.855688	-31.32
4.616621	0.4	12.	1.62	-157.94	-31.933932
4.849124	0.4	12.	-25.75812	-194.79	-31.27
5.120537	0.4	12.	-45.602436	-186.64	-31.27
5.055491	0.4	12.	-44.39	-173.92	-30.422881
4.651655	0.4	12.	28.117348	-237.2	-31.89
6.043484	0.4	12.	42.097382	-237.85	-31.84
4.643665	0.4	12.	24.737486	-202.29	-31.84
4.823323	0.4	12.	36.911238	-207.19	-31.84
5.222966	0.4	12.	36.54	-227.08	-32.438475
5.300496	0.4	12.	6.52	-228.39	-35.132159
5.268529	0.4	12.	-2.62	-250.429576	-32.18
5.08841	0.4	12.	-6.288767	-240.46	-32.23
6.098245	0.4	12.	10.76	-243.72	-35.562941
4.828044	0.4	12.	-6.7971	-200.34	-32.23
4.640823	0.4	12.	-52.22	-196.566894	-32.97
5.573894	0.4	12.	-56.14	-180.424903	-32.97
4.714757	0.4	12.	-9.8	-184.975686	-33.03
4.612075	0.4	12.	29.36	-188.021548	-33.14
4.549267	0.4	12.	20.11747	-212.73	-33.14
4.973839	0.4	12.	-9.47	-210.472949	-33.14
4.526463	0.4	12.	31.97	-217.365457	-33.71
4.849329	0.4	12.	-32.64	-176.11941	-35.47
6.651911	0.4	12.	6.84	-257.74	-33.503321
6.289196	0.4	12.	-2.62	-273.056524	-35.47
5.266197	0.4	12.	-18.28	-202.691995	-35.42
4.967154	0.4	12.	17.329522	-193.49	-35.42
4.816394	0.4	12.	11.41	-202.62	-39.605433
5.534114	0.4	12.	48.775066	-214.04	-36.95
5.008081	0.4	12.	8.15	-186.64	-37.349798
6.666542	0.4	12.	23.81	-175.609882	-38.2
5.725651	0.4	12.	-12.5859	-254.16	-39.
4.687012	0.4	12.	-22.85	-171.206109	-39.
5.03092	0.4	12.	40.78	-198.71	-35.204603
5.077064	0.4	12.	15.202743	-156.3	-39.85
5.221697	0.4	12.	-21.87	-182.341024	-39.85
5.127599	0.4	12.	29.69	-249.92	-35.424949
5.348016	0.4	12.	17.94	-258.160373	-39.79
5.213371	0.4	12.	-10.035576	-162.83	-40.14
5.159906	0.4	12.	12.39	-170.41171	-40.14
4.640876	0.4	12.	-19.92	-213.38	-36.766325
4.701569	0.4	12.	-19.92	-225.13	-36.62155
5.197761	0.4	12.	1.95	-163.81	-40.280074
5.95808	0.4	12.	-44.783581	-180.44	-42.98
4.621358	0.4	12.	43.861928	-185.33	-43.09
4.71358	0.4	12.	33.6	-235.796224	-43.21
6.234756	0.4	12.	41.302575	-227.74	-43.26
5.428837	0.4	12.	29.36	-194.266322	-43.49
4.541017	0.4	12.	28.05	-203.93	-41.250782
4.86247	0.4	12.	17.94	-210.45	-44.478435
6.649809	0.4	12.	-10.826984	-235.89	-43.55
4.497394	0.4	12.	-1.97	-249.96936	-43.55
4.532109	0.4	12.	-7.19	-201.013081	-43.66
5.426688	0.4	12.	-9.063433	-211.75	-43.66
4.710367	0.4	12.	7.82	-248.61	-45.012205
5.59519	0.4	12.	21.659928	-237.2	-43.89
4.533232	0.4	12.	6.19	-231.544233	-44.51
4.787364	0.4	12.	-24.436567	-240.13	-44.4
4.899719	0.4	12.	-7.19	-141.098337	-44.34
5.620495	0.4	12.	33.93	-214.04	-45.087721
5.477018	0.4	12.	26.720513	-223.82	-45.03
5.254401	0.4	12.	-39.483057	-170.	-45.03
5.149459	0.4	12.	-2.29	-154.67	-43.810701
5.390265	0.4	12.	-45.596812	-220.56	-45.03
5.054832	0.4	12.	-28.667412	-196.1	-45.03
5.343993	0.4	12.	-11.325564	-182.07	-45.54
4.652461	0.4	12.	-55.16	-184.68	-49.287248
5.198799	0.4	12.	7.17	-261.33	-46.795127
4.724998	0.4	12.	1.579454	-271.12	-45.93
4.512857	0.4	12.	9.13	-140.735937	-46.45
7.012147	0.4	12.	-27.75	-151.41	-39.865605
5.538252	0.4	12.	-33.62	-180.77	-46.336216
5.919572	0.4	12.	-22.53	-134.78	-44.085624
5.314534	0.4	12.	-0.34	-123.944538	-46.22
5.330885	0.4	12.	44.975961	-151.74	-46.39
5.192744	0.4	12.	41.340338	-138.04	-46.39
4.701145	0.4	12.	42.482904	-125.97	-46.67
4.830957	0.4	12.	28.886877	-125.64	-46.67
6.126044	0.4	12.	20.22	-141.336668	-46.67
6.064129	0.4	12.	15.65	-196.086421	-47.36
4.902319	0.4	12.	-32.97	-161.85	-47.364467
4.878657	0.4	12.	-11.11	-126.95	-45.041356
5.111736	0.4	12.	12.39	-128.91	-47.44692
5.5131	0.4	12.	15.65	-112.665105	-47.64
6.231358	0.4	12.	46.734702	-169.35	-47.64
5.507841	0.4	12.	57.614888	-159.57	-47.41
4.482186	0.4	12.	55.79	-132.17	-48.751606
5.887778	0.4	12.	59.570562	-145.21	-47.64
5.580749	0.4	12.	32.62	-163.15	-42.676117
5.229516	0.4	12.	7.5	-150.911768	-47.58
4.874714	0.4	12.	-28.424165	-252.85	-47.58
6.265144	0.4	12.	-39.82	-250.536335	-47.53
4.857521	0.4	12.	-46.67	-240.548038	-47.53
4.641211	0.4	12.	-54.51	-213.71	-48.357519
4.731599	0.4	12.	-64.652353	-205.56	-47.53
5.051174	0.4	12.	-68.364599	-194.14	-47.53
4.580366	0.4	12.	48.61	-214.904571	-48.66
4.541217	0.4	12.	29.03	-177.51	-48.224134
5.928352	0.4	12.	54.81	-176.85	-54.543738
4.714671	0.4	12.	22.83	-168.210365	-49.29
4.975481	0.4	12.	-10.78	-252.85	-50.428775
5.423571	0.4	12.	-19.837572	-262.64	-49.86
4.93284	0.4	12.	20.234174	-258.07	-49.86
5.078115	0.4	12.	29.36	-253.105661	-49.86
5.613461	0.4	12.	40.13	-200.160713	-49.86
5.887967	0.4	12.	-22.53	-172.195454	-49.86
5.038561	0.4	12.	17.808147	-155.98	-49.86
4.54481	0.4	12.	-13.06	-156.163533	-49.86
5.043364	0.4	12.	17.29	-221.21	-49.638703
5.100066	0.4	12.	13.37	-175.22	-49.821362
4.92163	0.4	12.	8.47	-161.52	-51.482618
6.097677	0.4	12.	-20.9	-206.86	-48.833988
5.212268	0.4	12.	-22.85	-186.31	-53.751133
4.771704	0.4	12.	-44.06	-184.214843	-53.15
4.894601	0.4	12.	48.055297	-188.27	-53.15
5.413294	0.4	12.	34.25	-153.673495	-53.15
5.379333	0.4	12.	-36.23	-234.884178	-53.15
5.357382	0.4	12.	-15.02	-227.940004	-53.15
5.874305	0.4	12.	-53.146934	-225.78	-53.15
4.541259	0.4	12.	5.23751	-185.66	-53.44
4.661401	0.4	12.	1.3	-168.053993	-53.44
4.76305	0.4	12.	37.03643	-233.93	-53.44
5.807546	0.4	12.	28.38	-240.883259	-53.44
4.67293	0.4	12.	21.054257	-185.01	-53.44
6.813112	0.4	12.	-15.35	-196.218604	-53.67
4.634757	0.4	12.	27.07	-201.32	-52.545968
4.587231	0.4	12.	31.32	-191.247731	-53.67
6.035946	0.4	12.	-5.56	-205.23	-56.954185
4.82935	0.4	12.	-5.23	-244.596323	-53.61
4.86088	0.4	12.	-4.25	-137.39	-54.673354
4.87036	0.4	12.	31.64	-216.96035	-56.22
6.359097	0.4	12.	1.576159	-254.16	-56.22
6.10857	0.4	12.	-1.642664	-269.49	-56.17
4.549322	0.4	12.	-42.980781	-169.35	-56.17
5.01868	0.4	12.	-32.09611	-178.48	-56.91
5.6951	0.4	12.	48.838405	-139.02	-56.51
4.525243	0.4	12.	44.04	-148.426502	-56.51
5.316731	0.4	12.	4.88	-118.489957	-56.45
4.940456	0.4	12.	-21.55	-134.273768	-56.51
4.857921	0.4	12.	-26.12	-152.098496	-56.45
4.558303	0.4	12.	18.450572	-235.89	-56.57
5.030399	0.4	12.	9.13	-240.325178	-56.57
5.895201	0.4	12.	-16.	-239.692151	-56.57
4.578366	0.4	12.	-43.41	-218.93	-58.284926
5.002753	0.4	12.	-9.8	-182.4	-55.938656
4.667794	0.4	12.	17.94	-136.573374	-56.74
5.892411	0.4	12.	42.74	-117.711598	-56.74
4.676049	0.4	12.	30.99	-112.394961	-56.74
4.557193	0.4	12.	28.71	-128.25	-60.561952
4.582253	0.4	12.	-10.13	-125.481343	-57.13
4.96323	0.4	12.	-48.63	-158.59	-53.584007
4.50388	0.4	12.	-30.03	-198.05	-57.40074
7.186908	0.4	12.	18.72775	-209.8	-57.08
5.381416	0.4	12.	-53.517683	-202.62	-57.25
4.838151	0.4	12.	9.78	-128.077257	-57.19
5.829272	0.4	12.	52.2	-164.796442	-57.65
4.864661	0.4	12.	9.45	-151.465045	-57.59
4.807315	0.4	12.	-1.64	-153.7	-58.004883
4.673496	0.4	12.	13.7	-192.91108	-57.59
5.712657	0.4	12.	-23.406948	-250.57	-58.1
4.503401	0.4	12.	-35.149288	-252.85	-58.1
4.677502	0.4	12.	-39.5	-244.540425	-58.1
5.115636	0.4	12.	-27.1	-262.610484	-58.1
4.971563	0.4	12.	-52.135596	-246.98	-58.1
4.537791	0.4	12.	-50.439543	-235.56	-58.27
4.860089	0.4	12.	-64.3	-220.56	-55.771602
5.17057	0.4	12.	-63.97	-236.563354	-57.19
5.188156	0.4	12.	-66.91	-208.330174	-58.04
5.035755	0.4	12.	-70.639756	-195.12	-58.27
4.544437	0.4	12.	38.465027	-171.96	-57.93
4.753214	0.4	12.	39.15696	-161.52	-58.21
5.701575	0.4	12.	19.24	-122.38	-58.341702
4.881177	0.4	12.	5.54	-202.890025	-58.38
4.859813	0.4	12.	10.089532	-106.07	-59.52
5.583842	0.4	12.	-4.58	-109.01	-55.286754
5.013728	0.4	12.	43.545809	-210.45	-58.9
5.446857	0.4	12.	29.69	-178.48	-59.620934
4.615378	0.4	12.	-34.27	-211.43	-55.716414
4.859004	0.4	12.	-27.1	-164.13	-59.424192
5.337941	0.4	12.	-1.97	-193.49	-59.038375
4.525379	0.4	12.	-35.91	-189.25	-59.652457
5.086718	0.4	12.	20.87	-108.727561	-59.24
6.305007	0.4	12.	-24.48	-121.4	-59.795817
5.919933	0.4	12.	-33.62	-138.37	-55.568416
5.338022	0.4	12.	20.22	-166.42	-59.060077
5.11372	0.4	12.	27.4	-228.291881	-59.52
4.692267	0.4	12.	-0.01	-175.10708	-59.52
6.418206	0.4	12.	-13.06	-144.89	-54.504839
5.792571	0.4	12.	7.82	-228.934009	-59.81
5.298572	0.4	12.	-19.92	-177.669374	-59.92
4.891567	0.4	12.	20.22	-152.155183	-59.92
5.220786	0.4	12.	48.252784	-199.03	-59.92
4.616007	0.4	12.	-4.259244	-219.58	-59.92
4.841533	0.4	12.	-57.43581	-211.75	-59.92
4.52592	0.4	12.	-12.08	-154.67	-62.047054
4.839893	0.4	12.	19.685016	-256.77	-60.09
4.690294	0.4	12.	-12.74	-263.413777	-60.03
5.219225	0.4	12.	18.654792	-222.84	-60.77
5.335589	0.4	12.	10.790444	-161.2	-62.48
5.448714	0.4	12.	13.7	-175.87	-62.738925
5.219099	0.4	12.	-24.16	-186.64	-65.276043
5.246871	0.4	12.	-18.426092	-226.11	-63.16
5.900801	0.4	12.	-47.33	-182.4	-65.926511
5.169427	0.4	12.	-42.265864	-229.69	-63.16
5.792143	0.4	12.	-12.08	-249.59	-63.449422
4.673851	0.4	12.	43.499264	-185.99	-63.33
4.908148	0.4	12.	-23.18	-206.86	-62.329163
5.552174	0.4	12.	-7.52	-149.46	-182.488688
6.004274	0.4	12.	29.173463	-201.32	-63.73
4.82566	0.4	12.	22.18	-191.53	-61.978252
4.921981	0.4	12.	35.56	-191.748878	-65.32
4.494613	0.4	12.	29.69	-150.11	-66.316318
5.041525	0.4	12.	-12.096532	-197.08	-65.26
5.737609	0.4	12.	-6.562469	-239.48	-65.49
5.681197	0.4	12.	58.08	-138.453064	-66.12
4.97869	0.4	12.	-3.93	-133.104153	-66.34
5.251995	0.4	12.	-40.15	-171.120037	-66.86
5.588028	0.4	12.	21.85	-132.312939	-66.91
5.275096	0.4	12.	32.62	-138.297436	-67.42
6.661433	0.4	12.	46.33	-130.21	-66.677311
5.520078	0.4	12.	46.788452	-143.58	-67.77
6.044047	0.4	12.	30.34	-213.06	-67.418174
5.040525	0.4	12.	39.268053	-220.56	-67.82
6.926644	0.4	12.	15.33	-200.565217	-67.82
5.737713	0.4	12.	20.22	-241.44	-65.20625
5.403095	0.4	12.	8.037063	-252.2	-67.82
6.658565	0.4	12.	4.408688	-268.83	-67.82
4.586545	0.4	12.	-16.98	-238.557865	-67.82
5.40362	0.4	12.	-70.325961	-222.19	-67.82
5.906401	0.4	12.	-66.113572	-239.15	-67.82
5.190322	0.4	12.	52.874639	-158.59	-67.82
6.005562	0.4	12.	3.91	-150.955123	-67.82
5.713825	0.4	12.	-0.99	-162.641682	-67.82
4.595308	0.4	12.	9.45	-189.25	-65.822769
4.516719	0.4	12.	-30.469623	-177.83	-67.82
5.786159	0.4	12.	3.91	-121.12985	-67.82
5.277671	0.4	12.	-12.928193	-126.3	-67.82
5.201775	0.4	12.	-21.55	-140.413012	-67.82
7.230292	0.4	12.	-52.22	-153.37	-70.745936
4.68043	0.4	12.	-49.456974	-165.11	-67.82
5.850429	0.4	12.	-59.4	-226.43	-64.358286
4.846483	0.4	12.	30.66	-236.87	-67.867448
4.621938	0.4	12.	-11.43	-187.699592	-68.05
4.808201	0.4	12.	-27.42	-150.76	-72.129497
4.932439	0.4	12.	-36.56	-245.881796	-68.22
5.574018	0.4	12.	-21.405112	-255.79	-68.22
4.796803	0.4	12.	-48.96	-253.525186	-68.22
4.958324	0.4	12.	8.15	-240.453637	-68.22
4.71111	0.4	12.	37.537954	-174.24	-68.22
5.910474	0.4	12.	39.8	-157.673133	-68.22
5.458695	0.4	12.	-11.11	-171.051191	-68.22
6.66358	0.4	12.	33.6	-115.808297	-68.22
5.380134	0.4	12.	-3.93	-204.767669	-69.02
5.827119	0.4	12.	-69.19	-209.498626	-69.02
4.521176	0.4	12.	46.98	-210.45	-70.033995
4.702457	0.4	12.	62.552453	-170.98	-68.96
4.966895	0.4	12.	15.	-123.775855	-68.96
4.88205	0.4	12.	-37.21	-211.75	-69.038356
6.488228	0.4	12.	-0.34	-180.164456	-69.64
5.859967	0.4	12.	-1.32	-193.81	-72.115018
4.538174	0.4	12.	-34.277498	-189.57	-69.58
5.30225	0.4	12.	-23.08671	-197.08	-69.58
4.739986	0.4	12.	22.51	-162.5	-70.003242
5.053342	0.4	12.	25.77	-177.706022	-69.75
5.597752	0.4	12.	-24.81	-167.442245	-69.93
4.582227	0.4	12.	-20.9	-178.575964	-69.93
4.845423	0.4	12.	10.43	-225.78	-69.923005
5.419668	0.4	12.	-3.27	-228.847728	-69.93
6.390998	0.4	12.	-56.46	-210.45	-72.458801
5.512993	0.4	12.	-47.072929	-237.52	-69.93
4.995255	0.4	12.	16.217763	-150.43	-70.44
5.018805	0.4	12.	-7.725897	-148.8	-70.44
4.665021	0.4	12.	-17.31	-158.982153	-70.44
4.925832	0.4	12.	-30.03	-219.275113	-70.44
5.863185	0.4	12.	-33.734342	-141.95	-70.72
5.940134	0.4	12.	51.077216	-196.75	-71.29
6.254862	0.4	12.	21.53	-229.783062	-71.29
6.028893	0.4	12.	19.57	-217.62	-73.040136
6.42994	0.4	12.	17.159702	-261.33	-71.29
4.954863	0.4	12.	-7.144043	-261.98	-71.29
4.494199	0.4	12.	11.617507	-163.15	-73.
4.669088	0.4	12.	-25.14	-209.47	-74.727014
5.571028	0.4	12.	-22.075797	-227.08	-73.45
5.140419	0.4	12.	-12.08	-218.93	-69.23941
5.336735	0.4	12.	13.04	-173.665276	-73.39
5.561407	0.4	12.	50.24	-182.368363	-73.39
4.536096	0.4	12.	-3.346742	-251.87	-73.39
4.999845	0.4	12.	-25.46	-243.119531	-73.39
4.776504	0.4	12.	-56.79	-185.33	-70.59031
4.632744	0.4	12.	37.819472	-201.64	-73.85
4.645899	0.4	12.	28.05	-147.683803	-75.38
5.926296	0.4	12.	21.85	-192.042386	-75.33
4.913421	0.4	12.	34.58	-187.571938	-75.38
4.739549	0.4	12.	-1.576157	-239.15	-76.12
6.351347	0.4	12.	-5.4093	-138.37	-76.46
4.506406	0.4	12.	-39.313749	-167.07	-76.97
5.731001	0.4	12.	-32.825539	-234.26	-77.37
5.221981	0.4	12.	-46.633492	-205.88	-77.32
5.69115	0.4	12.	-12.252741	-199.36	-77.37
4.514465	0.4	12.	16.31	-139.34	-74.798007
5.868136	0.4	12.	37.52	-135.178495	-77.49
4.482452	0.4	12.	-24.48	-139.34	-81.624967
4.959195	0.4	12.	-7.19	-125.350167	-77.83
4.578956	0.4	12.	-0.66	-150.1176	-77.83
4.668579	0.4	12.	53.51	-158.26	-79.950973
5.406254	0.4	12.	51.608192	-144.56	-77.83
5.040111	0.4	12.	36.204167	-219.58	-77.83
5.892477	0.4	12.	27.07	-208.004102	-77.77
4.813415	0.4	12.	20.42797	-244.37	-77.94
5.651584	0.4	12.	4.88	-255.891998	-77.94
5.919175	0.4	12.	-1.64	-273.872825	-77.94
6.240598	0.4	12.	-61.03	-250.260531	-78.
5.568047	0.4	12.	-74.757975	-229.69	-78.
4.987668	0.4	12.	-62.66	-222.52	-79.768916
4.547236	0.4	12.	-75.554546	-219.26	-78.
6.390208	0.4	12.	-13.72	-241.211131	-78.
5.317174	0.4	12.	15.33	-206.21	-79.652191
4.681535	0.4	12.	10.76	-192.551876	-78.11
5.370503	0.4	12.	-11.963948	-185.01	-78.06
4.995409	0.4	12.	4.23	-128.58	-75.817163
4.57725	0.4	12.	24.46	-135.145698	-78.34
5.145621	0.4	12.	36.86	-154.35	-78.609095
4.630236	0.4	12.	-2.62	-161.631983	-78.34
4.953021	0.4	12.	-51.57	-160.54	-81.684628
4.615912	0.4	12.	-44.916515	-147.5	-78.34
5.239466	0.4	12.	-43.41	-248.403036	-78.34
4.672484	0.4	12.	-23.83	-251.4663	-78.34
5.152579	0.4	12.	34.58	-235.498485	-78.34
5.290847	0.4	12.	13.18962	-237.2	-78.34
5.205081	0.4	12.	41.43	-177.330879	-78.34
4.693824	0.4	12.	5.286826	-215.02	-78.62
5.011591	0.4	12.	58.4	-171.31	-78.247107
5.367611	0.4	12.	6.760462	-140.65	-78.91
5.734569	0.4	12.	-65.142938	-203.27	-79.08
4.706884	0.4	12.	-76.37	-209.447648	-79.08
4.69235	0.4	12.	-2.503208	-204.58	-79.08
4.734799	0.4	12.	44.04	-208.733536	-79.08
4.750544	0.4	12.	-1.97	-186.008536	-79.59
4.534337	0.4	12.	-2.300973	-174.57	-79.7
4.506291	0.4	12.	-44.72	-184.68	-80.349282
4.5017	0.4	12.	-27.385099	-177.18	-80.73
4.654498	0.4	12.	-20.57	-169.35	-80.470948
4.532053	0.4	12.	-32.32	-190.88	-78.959811
5.141327	0.4	12.	26.42	-163.15	-80.013149
5.07851	0.4	12.	26.29125	-180.77	-81.41
5.600446	0.4	12.	14.019533	-152.39	-81.01
4.943021	0.4	12.	-1.64	-221.952333	-81.01
4.521595	0.4	12.	-29.38	-223.249703	-81.01
5.856883	0.4	12.	-52.55	-230.863677	-81.01
5.777887	0.4	12.	16.164716	-225.13	-82.09
4.952432	0.4	12.	46.65	-199.615789	-82.09
5.873165	0.4	12.	14.67	-126.95	-83.972088
5.694581	0.4	12.	-14.37	-145.826685	-83.11
5.299982	0.4	12.	8.152118	-162.5	-83.11
4.848367	0.4	12.	26.75	-236.22	-85.70503
5.092114	0.4	12.	-54.51	-210.45	-85.04939
7.405437	0.4	12.	-76.894896	-242.74	-83.11
6.93838	0.4	12.	-36.56	-262.96	-79.372235
5.853707	0.4	12.	11.74	-263.831329	-83.17
5.765587	0.4	12.	-28.991349	-203.93	-83.46
5.309284	0.4	12.	-23.77328	-214.69	-83.4
4.831015	0.4	12.	-13.975649	-219.91	-83.4
4.784055	0.4	12.	-28.07	-242.920195	-83.91
4.986445	0.4	12.	16.074673	-175.55	-83.63
5.189716	0.4	12.	-4.517314	-254.81	-83.63
6.727171	0.4	12.	-15.02	-271.2634	-83.63
5.058297	0.4	12.	-22.85	-185.01	-86.132315
5.386958	0.4	12.	-76.634899	-192.84	-84.37
5.435889	0.4	12.	-69.84	-181.09	-80.073213
4.866737	0.4	12.	35.89	-200.163257	-84.37
4.95803	0.4	12.	-20.781097	-228.39	-84.37
5.349834	0.4	12.	51.359125	-184.36	-84.54
4.561529	0.4	12.	23.49	-197.887486	-85.33
5.55064	0.4	12.	25.12	-144.761919	-85.67
4.79751	0.4	12.	37.781189	-185.99	-85.67
5.094519	0.4	12.	-40.15	-235.85684	-87.49
5.265783	0.4	12.	35.56	-138.69	-88.394074
4.524031	0.4	12.	46.33	-146.320193	-87.89
4.796603	0.4	12.	50.24	-136.394077	-87.89
5.451543	0.4	12.	44.939701	-162.83	-87.89
5.420803	0.4	12.	59.944594	-156.96	-87.89
5.303486	0.4	12.	-8.380192	-130.54	-87.89
4.724961	0.4	12.	16.63	-139.02	-90.359061
4.544933	0.4	12.	0.64	-154.073307	-87.89
5.286907	0.4	12.	-38.827982	-169.35	-87.89
5.122736	0.4	12.	-17.96	-135.909698	-87.89
4.575674	0.4	12.	30.99	-211.43	-87.04425
5.229146	0.4	12.	38.294844	-219.26	-87.89
4.95079	0.4	12.	-69.173094	-223.82	-88.29
5.004856	0.4	12.	-52.510213	-246.98	-88.29
5.122351	0.4	12.	-10.45	-231.164357	-88.29
5.472384	0.4	12.	-7.077394	-245.02	-88.29
4.730576	0.4	12.	17.94	-245.35	-87.679899
4.563568	0.4	12.	20.145664	-209.47	-88.29
5.322944	0.4	12.	9.755029	-199.69	-88.8
4.658201	0.4	12.	44.829428	-174.57	-88.57
5.597178	0.4	12.	35.23	-149.957966	-88.57
4.96637	0.4	12.	-12.646556	-183.05	-88.57
5.723669	0.4	12.	-11.43	-200.01	-89.157449
5.163071	0.4	12.	-3.27	-165.862299	-88.57
6.039958	0.4	12.	10.76	-187.29	-89.479291
4.889602	0.4	12.	5.517682	-233.93	-88.57
4.877885	0.4	12.	7.5	-245.062882	-88.57
5.778995	0.4	12.	41.11	-232.627413	-88.69
4.946223	0.4	12.	5.86	-215.927499	-88.69
4.89743	0.4	12.	-19.403551	-256.77	-88.69
5.544077	0.4	12.	-36.23	-252.540333	-88.69
5.002106	0.4	12.	-39.5	-205.56	-85.548896
5.83108	0.4	12.	-2.403486	-190.55	-89.6
5.105488	0.4	12.	-0.99	-205.56	-91.189794
6.344753	0.4	12.	63.956214	-170.98	-89.6
4.855007	0.4	12.	-66.58	-199.966046	-89.6
5.352121	0.4	12.	48.583686	-208.82	-89.6
4.744526	0.4	12.	7.225118	-137.06	-89.82
4.816666	0.4	12.	-50.26	-185.33	-90.789601
5.005834	0.4	12.	3.25	-177.83	-90.51437
5.486179	0.4	12.	31.97	-167.810078	-90.51
5.004145	0.4	12.	-45.531651	-155.98	-90.62
5.756912	0.4	12.	-2.95	-275.477802	-90.56
6.181023	0.4	12.	16.331392	-272.75	-90.56
5.936246	0.4	12.	23.49	-255.778412	-90.56
5.116898	0.4	12.	32.05506	-245.68	-90.56
5.205832	0.4	12.	48.85803	-220.89	-90.56
5.26238	0.4	12.	20.608086	-160.54	-90.96
6.019164	0.4	12.	-27.75	-171.96	-91.433622
5.012575	0.4	12.	21.2	-221.21	-90.869813
5.513913	0.4	12.	-59.057327	-231.32	-92.1
4.936448	0.4	12.	52.38137	-197.4	-92.78
5.248736	0.4	12.	20.87	-180.286736	-92.78
5.32418	0.4	12.	13.7	-151.613195	-92.78
4.760222	0.4	12.	-32.819009	-226.11	-92.78
6.459054	0.4	12.	11.08	-127.28	-96.898024
4.587039	0.4	12.	-9.8	-144.048918	-93.4
5.005509	0.4	12.	-14.69	-158.943317	-93.4
4.645077	0.4	12.	4.771129	-162.18	-93.4
4.644064	0.4	12.	-27.101454	-216.65	-93.4
4.965335	0.4	12.	29.69	-229.100735	-93.4
4.555983	0.4	12.	19.24	-233.61	-93.33902
5.551671	0.4	12.	-5.88	-218.28	-94.857258
4.925034	0.4	12.	-0.554866	-227.41	-93.4
4.652219	0.4	12.	-59.08	-214.04	-93.949206
5.516525	0.4	12.	-70.5	-234.764699	-93.4
5.575238	0.4	12.	-43.41	-260.447146	-93.46
5.639025	0.4	12.	6.52	-256.053587	-93.46
5.796207	0.4	12.	-32.64	-272.1	-92.673073
5.367676	0.4	12.	-21.881569	-200.99	-93.46
5.150717	0.4	12.	-33.3	-198.516237	-93.46
5.816466	0.4	12.	13.044272	-171.31	-93.8
4.705138	0.4	12.	-16.98	-246.33	-91.082575
6.3419	0.4	12.	-8.82	-262.226788	-93.8
5.231139	0.4	12.	-75.476079	-212.41	-94.2
6.796394	0.4	12.	33.93	-126.97	-94.2
5.395131	0.4	12.	22.51	-120.43	-93.139781
5.342354	0.4	12.	0.64	-118.318622	-94.2
4.67683	0.4	12.	3.25	-105.703935	-94.2
5.115795	0.4	12.	14.67	-99.88	-89.127545
6.300137	0.4	12.	-28.29234	-135.43	-94.2
5.43593	0.4	12.	-41.266883	-145.21	-94.2
5.653754	0.4	12.	-64.3	-167.39	-93.934679
7.912895	0.4	12.	-66.623886	-153.7	-94.2
4.526057	0.4	12.	-53.016558	-145.87	-94.2
6.826705	0.4	12.	-50.452872	-127.28	-94.2
5.611672	0.4	12.	-69.665692	-183.05	-95.17
5.666805	0.4	12.	-77.68	-196.737726	-95.17
5.07114	0.4	12.	58.184806	-185.33	-95.17
5.146785	0.4	12.	35.23	-199.929881	-95.17
4.791061	0.4	12.	-18.28	-228.725285	-95.17
5.256163	0.4	12.	-28.07	-235.827228	-95.17
4.647988	0.4	12.	-37.21	-159.89	-95.573046
4.966932	0.4	12.	22.310333	-195.45	-95.45
4.656825	0.4	12.	40.45	-188.987234	-95.79
5.128765	0.4	12.	27.619038	-147.82	-97.16
4.794335	0.4	12.	-62.01	-193.153355	-97.16
5.349018	0.4	12.	-43.684544	-238.83	-98.01
4.583233	0.4	12.	34.58	-219.203747	-98.01
5.138074	0.4	12.	56.77	-151.068821	-97.95
5.278119	0.4	12.	50.36186	-142.28	-98.01
5.682327	0.4	12.	44.04	-152.651851	-98.01
6.265508	0.4	12.	44.37	-168.093858	-98.58
4.982001	0.4	12.	22.063787	-135.1	-98.18
5.150481	0.4	12.	-0.34	-148.403673	-98.18
5.856096	0.4	12.	-12.120546	-131.84	-98.63
5.800483	0.4	12.	-58.798292	-246.65	-98.41
4.983794	0.4	12.	-70.244101	-221.54	-99.03
5.863797	0.4	12.	-9.980287	-237.52	-98.63
4.501829	0.4	12.	8.47	-245.935843	-98.58
4.509308	0.4	12.	28.541945	-207.84	-98.58
5.297657	0.4	12.	45.02	-180.104795	-98.58
5.111485	0.4	12.	34.25	-158.606324	-98.58
5.673638	0.4	12.	35.56	-139.67	-101.865442
4.860079	0.4	12.	-16.33	-182.07	-103.119207
5.191844	0.4	12.	-55.276511	-202.62	-98.69
5.126091	0.4	12.	6.84	-233.759141	-98.63
6.223802	0.4	12.	-4.91	-250.820548	-98.63
5.258663	0.4	12.	-4.25	-164.373762	-98.86
5.068287	0.4	12.	5.423404	-219.58	-98.86
4.785739	0.4	12.	10.11	-201.511887	-98.86
4.531098	0.4	12.	-40.194534	-204.25	-98.86
5.537294	0.4	12.	-36.23	-247.021166	-98.86
5.287084	0.4	12.	-23.312364	-261.01	-98.86
5.569984	0.4	12.	-5.56	-183.678451	-99.6
5.262209	0.4	12.	-8.438002	-205.56	-99.6
5.063937	0.4	12.	57.42	-166.876834	-99.6
5.752323	0.4	12.	-39.82	-175.943509	-99.6
5.233467	0.4	12.	-69.19	-202.302021	-100.11
5.645689	0.4	12.	-45.04	-190.556496	-100.11
5.055021	0.4	12.	2.841674	-137.39	-100.11
4.72884	0.4	12.	32.74411	-170.98	-100.57
5.39375	0.4	12.	3.879537	-174.57	-100.57
5.068897	0.4	12.	6.52	-186.585489	-100.57
5.823327	0.4	12.	42.41	-227.41	-101.041473
5.10387	0.4	12.	44.7	-214.713748	-100.57
5.818834	0.4	12.	54.792108	-223.82	-100.57
5.583177	0.4	12.	28.71	-238.83	-98.341947
5.152455	0.4	12.	18.92	-245.65569	-100.57
5.213344	0.4	12.	-32.236905	-149.13	-101.99
4.747899	0.4	12.	-48.96	-218.14699	-101.99
5.476714	0.4	12.	-49.61	-158.91	-101.936774
4.782718	0.4	12.	24.14	-158.630712	-102.22
4.541021	0.4	12.	21.53	-219.58	-101.805979
5.038226	0.4	12.	-61.35818	-229.04	-102.22
5.640624	0.4	12.	-46.635509	-251.55	-102.22
5.187738	0.4	12.	-36.89	-218.978915	-102.73
4.74473	0.4	12.	-27.1	-179.661341	-102.73
4.883331	0.4	12.	-14.04	-167.89107	-102.73
5.180079	0.4	12.	20.939441	-186.64	-102.96
4.841007	0.4	12.	30.99	-183.05	-103.01213
5.433599	0.4	12.	50.155919	-199.03	-102.96
5.204452	0.4	12.	-32.862796	-229.04	-102.96
4.809299	0.4	12.	-75.456118	-234.59	-103.58
5.262044	0.4	12.	-49.94	-270.330087	-103.58
7.094022	0.4	12.	-36.89	-274.05	-109.428153
4.90259	0.4	12.	-11.822043	-219.91	-103.52
5.292219	0.4	12.	-29.184664	-206.54	-103.52
4.931958	0.4	12.	-32.32683	-194.14	-103.52
4.958427	0.4	12.	12.235932	-161.52	-103.52
6.406583	0.4	12.	11.41	-146.372332	-103.52
4.746189	0.4	12.	-26.259306	-163.15	-103.52
4.663166	0.4	12.	25.44	-228.995569	-103.69
5.704333	0.4	12.	-24.81	-216.802213	-104.04
5.467482	0.4	12.	-60.12579	-171.31	-104.15
5.581253	0.4	12.	-63.15479	-213.38	-104.15
4.971904	0.4	12.	-16.65	-250.955015	-104.21
5.035159	0.4	12.	14.67	-175.934811	-104.21
6.466904	0.4	12.	-73.11	-175.55	-106.563656
5.124694	0.4	12.	-79.96	-188.884261	-105.17
5.817063	0.4	12.	-66.25	-187.94	-105.998568
5.290848	0.4	12.	-35.91	-158.91	-105.48861
5.375618	0.4	12.	64.845646	-181.75	-105.17
4.770997	0.4	12.	53.83	-188.649658	-105.17
6.325013	0.4	12.	36.86	-204.9	-106.406721
5.176715	0.4	12.	-18.28	-228.216251	-105.17
5.963071	0.4	12.	-25.79	-242.279936	-105.17
4.715804	0.4	12.	-16.98	-197.585918	-106.14
5.524027	0.4	12.	-23.18	-189.423531	-106.14
5.148768	0.4	12.	27.4	-196.80986	-106.14
5.012342	0.4	12.	37.385796	-190.88	-106.14
5.456549	0.4	12.	14.35	-210.45	-102.532521
4.691543	0.4	12.	23.81	-146.934261	-108.19
4.830539	0.4	12.	47.285817	-151.09	-108.19
5.425266	0.4	12.	55.515358	-141.95	-108.13
5.680898	0.4	12.	15.98	-133.852217	-108.13
4.760248	0.4	12.	-42.11	-234.239513	-108.13
4.867013	0.4	12.	-51.57	-238.993195	-108.13
4.889097	0.4	12.	31.704228	-219.26	-108.13
4.588315	0.4	12.	-64.3	-244.975719	-108.58
4.6583	0.4	12.	53.715747	-158.91	-108.58
5.385239	0.4	12.	41.76	-161.448844	-109.04
5.154858	0.4	12.	42.09	-172.963589	-108.81
4.651251	0.4	12.	39.15	-145.87	-109.302348
5.210844	0.4	12.	42.09	-133.612166	-108.87
4.852838	0.4	12.	4.56	-220.867659	-108.87
4.597599	0.4	12.	-1.97	-239.48	-109.632307
5.55193	0.4	12.	5.86	-249.408802	-108.87
4.73229	0.4	12.	12.72	-228.247567	-108.87
5.592551	0.4	12.	-7.616761	-160.54	-108.87
4.52272	0.4	12.	-0.406774	-144.24	-108.87
4.80173	0.4	12.	-11.439674	-135.43	-108.87
5.918725	0.4	12.	-1.64	-129.36408	-108.87
5.207182	0.4	12.	-48.63	-207.992186	-108.81
5.108063	0.4	12.	-58.75	-196.089443	-108.92
5.566117	0.4	12.	-81.706386	-214.69	-108.92
6.087168	0.4	12.	-39.17	-250.89	-111.648656
6.574742	0.4	12.	-25.14	-258.07	-114.684007
4.621225	0.4	12.	-12.74	-237.402595	-108.98
6.589996	0.4	12.	15.98	-199.955495	-108.98
5.754661	0.4	12.	51.231482	-179.14	-108.98
4.602203	0.4	12.	30.148694	-154.02	-108.98
6.944254	0.4	12.	28.71	-131.134641	-108.98
4.859553	0.4	12.	-72.007281	-223.17	-109.21
4.68019	0.4	12.	-8.289965	-184.03	-109.83
5.837448	0.4	12.	-3.6	-197.08	-106.282351
5.236375	0.4	12.	-2.648098	-209.14	-109.83
4.827311	0.4	12.	63.00939	-169.03	-109.83
4.939921	0.4	12.	-40.47	-169.217754	-109.83
4.491385	0.4	12.	-36.89	-204.411378	-109.83
5.352888	0.4	12.	-44.06	-195.047993	-110.29
6.922249	0.4	12.	-35.25	-182.696318	-110.74
4.724175	0.4	12.	-70.17	-204.849022	-110.29
5.675278	0.4	12.	41.76	-237.85	-107.732806
4.951469	0.4	12.	49.986485	-224.8	-110.63
5.521119	0.4	12.	28.38	-239.980519	-110.63
4.800329	0.4	12.	16.598029	-241.76	-110.63
4.632726	0.4	12.	45.68	-214.36	-110.51203
4.975632	0.4	12.	26.1	-208.82	-110.049241
4.900358	0.4	12.	7.25171	-191.53	-110.63
4.607542	0.4	12.	1.670818	-175.55	-111.2
5.948278	0.4	12.	30.34	-170.	-111.928731
5.439581	0.4	12.	-50.26	-218.907183	-112.11
6.220443	0.4	12.	-24.81	-145.21	-111.122712
4.480954	0.4	12.	-46.374971	-158.59	-112.11
5.268723	0.4	12.	22.080067	-160.54	-112.62
6.111564	0.4	12.	-56.46	-229.04	-113.581412
5.501921	0.4	12.	-54.83	-252.2	-109.783411
4.952831	0.4	12.	-34.724218	-219.26	-113.42
5.056379	0.4	12.	-33.95	-231.443619	-113.42
4.881157	0.4	12.	18.92	-184.549265	-113.42
5.424716	0.4	12.	31.64	-181.715365	-113.42
5.78306	0.4	12.	-12.08	-174.57	-113.106488
5.149817	0.4	12.	51.22	-205.033447	-114.04
5.599251	0.4	12.	8.47	-153.289267	-114.04
4.911538	0.4	12.	8.8	-166.080593	-114.04
4.888579	0.4	12.	-20.24	-160.22	-113.367623
5.609562	0.4	12.	-24.81	-203.873375	-114.04
5.86833	0.4	12.	-10.038437	-217.62	-114.04
4.511138	0.4	12.	22.317242	-228.39	-114.04
4.819986	0.4	12.	-31.957354	-195.77	-114.04
4.70759	0.4	12.	17.802309	-219.91	-114.04
4.506314	0.4	12.	18.26	-172.61	-113.510726
4.857862	0.4	12.	-71.931318	-234.91	-115.29
5.031673	0.4	12.	-7.19	-249.141461	-115.29
5.450735	0.4	12.	-20.9	-244.803155	-115.29
4.74717	0.4	12.	-23.18	-222.19	-115.729263
5.141032	0.4	12.	56.77	-190.306764	-115.29
4.970662	0.4	12.	60.03	-180.353369	-115.29
4.528471	0.4	12.	-57.44	-167.879991	-115.29
4.685664	0.4	12.	-78.829497	-185.01	-115.29
5.284848	0.4	12.	-3.458765	-227.41	-115.29
4.537474	0.4	12.	-11.76	-203.340058	-115.29
4.561794	0.4	12.	-23.83	-182.742815	-116.09
4.499392	0.4	12.	-22.85	-191.847709	-116.6
5.246176	0.4	12.	32.62	-196.42	-117.229056
4.624887	0.4	12.	48.29	-194.47	-118.882994
5.064389	0.4	12.	37.19	-212.690766	-116.6
6.352844	0.4	12.	-67.23	-187.29	-121.623152
4.631784	0.4	12.	-35.58	-241.804989	-118.36
5.689917	0.4	12.	-51.24	-242.130582	-118.36
4.737457	0.4	12.	-42.723638	-227.41	-118.36
4.844598	0.4	12.	-61.065188	-213.06	-118.36
4.531349	0.4	12.	37.880506	-222.52	-118.36
4.882829	0.4	12.	11.927808	-209.8	-118.36
5.28438	0.4	12.	48.94	-140.836812	-118.36
6.649341	0.4	12.	11.497242	-141.63	-118.36
4.627365	0.4	12.	16.31	-129.968182	-118.36
5.142627	0.4	12.	8.47	-123.582624	-118.36
6.189684	0.4	12.	-34.27	-150.11	-118.331024
4.516443	0.4	12.	27.4	-141.988256	-118.53
4.53413	0.4	12.	-49.29	-210.057372	-118.87
4.790028	0.4	12.	-0.66	-163.423458	-118.87
4.572243	0.4	12.	-0.66	-143.825796	-118.87
4.792963	0.4	12.	-6.54	-153.92938	-118.87
4.534882	0.4	12.	55.355926	-154.02	-118.87
4.912352	0.4	12.	6.19	-227.41	-120.973386
4.488897	0.4	12.	-0.882832	-239.8	-119.04
4.849314	0.4	12.	-15.35	-229.511229	-119.04
5.333152	0.4	12.	-55.16	-198.903326	-119.04
5.848523	0.4	12.	47.367514	-163.81	-119.04
5.238942	0.4	12.	45.210019	-151.74	-119.04
4.997956	0.4	12.	37.84	-138.423451	-119.04
5.990051	0.4	12.	44.37	-179.934556	-119.04
5.702023	0.4	12.	31.960715	-155.65	-119.04
5.737245	0.4	12.	-11.43	-131.824221	-119.04
5.764339	0.4	12.	-66.241792	-248.29	-119.04
4.505842	0.4	12.	20.87	-193.225932	-119.04
5.453395	0.4	12.	-78.98	-214.69	-122.117979
6.974774	0.4	12.	-79.63	-196.201775	-119.04
5.797714	0.4	12.	-67.67953	-222.52	-119.33
4.862448	0.4	12.	-4.827947	-189.57	-120.18
5.149995	0.4	12.	-1.945849	-203.6	-120.18
5.680951	0.4	12.	-0.244905	-216.97	-120.18
5.138629	0.4	12.	-39.968378	-205.23	-120.18
5.728467	0.4	12.	58.062809	-170.33	-120.18
5.703811	0.4	12.	-45.251276	-173.92	-120.18
5.267032	0.4	12.	-47.573254	-189.57	-120.64
5.37541	0.4	12.	10.76	-247.96	-120.449968
4.595229	0.4	12.	13.276706	-234.91	-120.64
4.698679	0.4	12.	23.937972	-244.04	-120.64
6.297671	0.4	12.	41.11	-240.387021	-120.64
4.887835	0.4	12.	47.202413	-226.43	-120.64
4.678261	0.4	12.	21.745973	-207.51	-120.64
5.46198	0.4	12.	11.567715	-199.03	-120.64
4.677929	0.4	12.	6.52	-188.816065	-120.58
4.744666	0.4	12.	-39.282489	-182.72	-122.
4.951874	0.4	12.	34.423918	-167.07	-121.94
5.841978	0.4	12.	-3.406024	-175.55	-122.91
4.872534	0.4	12.	19.57	-151.787706	-122.91
5.234861	0.4	12.	-46.02	-161.298341	-123.65
6.01504	0.4	12.	25.44	-184.884396	-123.65
4.77406	0.4	12.	-34.039002	-222.84	-123.76
5.846412	0.4	12.	-59.4	-234.314809	-124.33
5.032996	0.4	12.	53.458328	-205.56	-124.22
6.514303	0.4	12.	18.92	-223.17	-126.270144
6.590891	0.4	12.	28.131339	-232.3	-124.22
4.812581	0.4	12.	-23.18	-211.483467	-124.22
5.815201	0.4	12.	-19.92	-159.167211	-124.22
4.991519	0.4	12.	3.258735	-151.09	-124.22
5.592794	0.4	12.	11.08	-161.824526	-124.22
4.926521	0.4	12.	38.82	-189.346621	-124.22
5.489484	0.4	12.	-33.62	-194.291361	-124.27
4.559012	0.4	12.	-26.44	-139.864952	-124.27
4.82447	0.4	12.	-68.791057	-201.32	-124.39
4.767144	0.4	12.	-42.43	-215.02	-127.427522
4.561854	0.4	12.	-53.85	-218.143573	-124.33
5.28335	0.4	12.	-26.44	-236.374202	-124.33
5.223094	0.4	12.	-8.82	-237.85	-126.565737
4.502972	0.4	12.	50.079862	-216.32	-124.33
5.17408	0.4	12.	14.35	-183.38	-123.988252
4.918481	0.4	12.	-14.984212	-176.53	-124.33
5.649186	0.4	12.	22.51	-167.019172	-124.9
4.491514	0.4	12.	-29.43307	-170.66	-125.35
5.522832	0.4	12.	-62.466612	-167.72	-125.35
4.904827	0.4	12.	-57.877579	-181.09	-125.35
5.058013	0.4	12.	-12.931625	-215.02	-125.35
4.971822	0.4	12.	-22.2	-225.061585	-125.35
5.209016	0.4	12.	-16.186004	-248.29	-125.35
7.381486	0.4	12.	66.854687	-185.66	-125.35
4.577835	0.4	12.	-15.988104	-200.01	-125.35
6.530852	0.4	12.	-17.96	-147.17	-127.954954
4.872442	0.4	12.	-27.196095	-180.12	-126.26
5.501125	0.4	12.	34.413718	-200.01	-127.34
5.76233	0.4	12.	53.703999	-193.81	-127.86
4.834307	0.4	12.	-21.55	-192.84	-128.062635
5.248572	0.4	12.	19.57	-142.710754	-128.59
5.007693	0.4	12.	48.94	-147.881451	-128.59
4.705996	0.4	12.	8.47	-132.49	-126.662438
5.691313	0.4	12.	39.14311	-211.43	-128.59
4.996293	0.4	12.	31.66317	-219.91	-128.59
4.818562	0.4	12.	9.14689	-210.78	-128.59
4.711924	0.4	12.	-2.95	-138.572776	-129.11
4.580271	0.4	12.	31.97	-137.992728	-129.11
4.820013	0.4	12.	34.330109	-150.76	-129.11
5.110375	0.4	12.	38.114364	-160.22	-129.11
6.00302	0.4	12.	60.5936	-153.7	-129.05
4.582415	0.4	12.	43.190493	-172.61	-129.05
5.972223	0.4	12.	52.044051	-179.14	-129.11
4.64158	0.4	12.	-2.090852	-161.2	-129.05
5.025023	0.4	12.	23.49	-194.474092	-129.05
5.356367	0.4	12.	2.6	-227.74	-131.092601
5.707575	0.4	12.	2.021874	-241.11	-129.05
6.76685	0.4	12.	-37.21	-247.345795	-129.05
4.943362	0.4	12.	-73.43	-232.3	-128.065383
4.95407	0.4	12.	-67.79077	-218.6	-129.79
4.650714	0.4	12.	-43.083088	-230.35	-129.79
7.134473	0.4	12.	-55.81	-244.37	-132.59445
5.196401	0.4	12.	-9.15	-226.763654	-129.79
4.500057	0.4	12.	-34.6	-160.87	-126.387196
5.497213	0.4	12.	-48.253059	-206.54	-130.13
5.378513	0.4	12.	-35.990572	-206.54	-130.75
5.833924	0.4	12.	-46.538429	-195.12	-130.75
6.876923	0.4	12.	17.29	-247.327864	-130.87
4.610074	0.4	12.	45.616277	-232.63	-130.87
5.29989	0.4	12.	31.64	-244.7	-131.383836
5.728443	0.4	12.	23.49	-206.138247	-130.87
5.464327	0.4	12.	-2.803358	-202.29	-130.87
4.978199	0.4	12.	7.503628	-198.05	-130.87
5.651466	0.4	12.	-5.6396	-188.27	-130.87
6.104529	0.4	12.	65.219753	-170.66	-130.87
6.267982	0.4	12.	50.57	-162.18	-134.086302
4.635178	0.4	12.	-40.15	-183.748044	-132.23
4.695453	0.4	12.	0.913179	-215.02	-132.29
5.522798	0.4	12.	33.026551	-169.35	-132.74
5.890666	0.4	12.	22.51	-152.80937	-133.6
4.980814	0.4	12.	1.95	-171.440722	-133.6
7.092358	0.4	12.	-19.26	-234.26	-140.405859
5.199211	0.4	12.	-37.919614	-221.87	-134.56
6.144629	0.4	12.	-61.03	-228.39	-135.2694
5.114918	0.4	12.	-23.83	-209.450573	-134.62
4.556085	0.4	12.	-33.534208	-191.53	-134.62
4.51833	0.4	12.	-10.78	-180.314427	-134.62
5.329746	0.4	12.	20.22	-183.38	-135.726188
5.170459	0.4	12.	35.638071	-184.03	-134.62
6.088641	0.4	12.	48.577744	-204.9	-134.62
5.790986	0.4	12.	52.746816	-221.87	-134.62
5.32885	0.4	12.	26.75	-229.04	-135.764423
4.527788	0.4	12.	13.7	-228.209348	-134.62
4.792327	0.4	12.	10.43	-152.06	-135.260814
4.542197	0.4	12.	11.74	-161.408827	-134.68
4.959449	0.4	12.	-22.85	-155.897187	-134.68
5.782003	0.4	12.	-49.463609	-167.39	-134.68
7.173344	0.4	12.	-60.563658	-194.79	-134.68
5.931327	0.4	12.	-73.458657	-203.27	-134.68
5.469665	0.4	12.	-52.55	-217.62	-136.933796
4.691117	0.4	12.	7.5	-183.778691	-134.68
5.21225	0.4	12.	-17.009414	-165.11	-135.47
4.919358	0.4	12.	22.83	-168.585745	-135.47
5.981783	0.4	12.	-9.147012	-212.08	-135.47
4.605242	0.4	12.	-21.87	-221.580282	-135.47
4.679838	0.4	12.	-13.39	-200.721891	-135.53
5.195745	0.4	12.	-49.61	-179.46	-133.810764
5.310505	0.4	12.	61.34	-182.4	-136.523349
5.470302	0.4	12.	-12.060327	-244.37	-135.81
6.369708	0.4	12.	-23.51	-249.59	-140.667642
5.378996	0.4	12.	-21.22	-174.870533	-136.27
6.706202	0.4	12.	-34.93	-172.61	-137.991524
5.960203	0.4	12.	-6.54	-150.76	-140.561569
6.095832	0.4	12.	40.53178	-195.12	-137.52
4.7678	0.4	12.	-24.07157	-192.51	-138.09
5.42749	0.4	12.	7.17	-137.71	-136.75314
4.824181	0.4	12.	20.22	-142.988558	-138.77
4.569479	0.4	12.	47.96	-146.19	-139.18048
5.054459	0.4	12.	51.193249	-191.21	-139.45
6.606649	0.4	12.	33.93	-221.87	-144.612216
4.803029	0.4	12.	2.93	-244.745874	-139.45
6.779252	0.4	12.	-35.25	-237.57755	-140.19
5.471514	0.4	12.	-6.54	-226.913378	-140.65
4.745437	0.4	12.	40.78	-153.71826	-140.87
7.172198	0.4	12.	43.904316	-176.85	-141.22
5.256299	0.4	12.	61.058797	-165.44	-141.33
5.675231	0.4	12.	59.05	-152.72	-140.615454
6.231913	0.4	12.	46.	-162.18	-146.058336
5.248113	0.4	12.	26.1	-202.95	-145.182363
4.797622	0.4	12.	10.76	-206.480515	-141.61
5.621589	0.4	12.	0.97	-194.79	-139.141831
4.490941	0.4	12.	15.33	-193.16	-140.839606
4.506318	0.4	12.	31.32	-151.41	-139.155393
4.726467	0.4	12.	30.99	-137.187698	-141.78
4.927825	0.4	12.	41.43	-138.799967	-142.13
6.278219	0.4	12.	-36.163355	-211.1	-141.95
4.949773	0.4	12.	-42.76	-198.021391	-141.95
4.737362	0.4	12.	16.96	-236.67083	-141.95
6.439305	0.4	12.	28.966933	-238.5	-142.47
5.259723	0.4	12.	42.589847	-231.	-142.24
5.217972	0.4	12.	23.81	-213.06	-140.974971
4.680746	0.4	12.	8.072785	-228.71	-142.24
4.995459	0.4	12.	-1.64	-163.15	-145.322185
5.301876	0.4	12.	31.838495	-169.03	-144.06
5.249348	0.4	12.	-1.090463	-211.43	-144.06
6.059659	0.4	12.	-42.538824	-225.78	-144.29
4.882813	0.4	12.	-2.29	-178.48	-141.073267
5.346733	0.4	12.	12.72	-181.75	-145.839659
4.487468	0.4	12.	29.36	-182.07	-145.498599
4.636871	0.4	12.	16.96	-159.762541	-144.97
4.799868	0.4	12.	5.779449	-155.	-144.97
6.158703	0.4	12.	-14.232137	-181.75	-144.97
4.932757	0.4	12.	-38.336604	-185.33	-144.97
4.721262	0.4	12.	-32.97	-199.018022	-145.02
6.284798	0.4	12.	19.24	-225.408626	-145.14
5.432785	0.4	12.	11.08	-170.98	-144.98353
4.652687	0.4	12.	43.942064	-208.82	-145.82
5.385264	0.4	12.	-11.76	-204.58	-147.481912
4.64796	0.4	12.	-21.55	-223.498416	-148.21
6.187261	0.4	12.	-12.08	-245.02	-147.626607
5.568684	0.4	12.	46.33	-198.982945	-150.88
6.832221	0.4	12.	59.38	-183.507285	-151.51
4.769845	0.4	12.	41.11	-152.39	-155.594823
5.604396	0.4	12.	51.424375	-170.33	-153.44
4.522434	0.4	12.	60.03	-156.3	-154.91857
4.788102	0.4	12.	41.76	-140.710456	-153.95
5.798287	0.4	12.	31.066311	-157.28	-153.95
6.223543	0.4	12.	24.46	-144.89	-152.630497
4.817316	0.4	12.	30.66	-189.848301	-151.39
4.587966	0.4	12.	33.93	-217.95	-155.963213
4.838871	0.4	12.	-17.263385	-191.21	-151.68
5.041567	0.4	12.	14.482785	-204.58	-151.9
5.049386	0.4	12.	20.920997	-192.84	-151.68
5.356762	0.4	12.	21.016984	-175.55	-151.96
4.526738	0.4	12.	46.422883	-182.07	-151.73
4.872289	0.4	12.	49.92	-158.59	-156.169395
4.673869	0.4	12.	-7.84	-223.028762	-152.36
4.545378	0.4	12.	2.93	-243.646395	-152.36
4.656468	0.4	12.	20.619081	-238.17	-152.36
7.042506	0.4	12.	8.47	-221.713622	-152.36
5.651388	0.4	12.	24.14	-213.413034	-152.36
4.72988	0.4	12.	-1.471976	-194.79	-152.36
5.60064	0.4	12.	-41.59175	-214.04	-152.36
7.218198	0.4	12.	-47.	-199.03	-156.054225
4.594009	0.4	12.	34.35306	-168.7	-154.52
5.013029	0.4	12.	1.95	-209.14	-154.283615
4.689839	0.4	12.	-2.29	-169.073308	-154.52
5.068775	0.4	12.	-15.952803	-169.03	-154.52
5.741801	0.4	12.	-35.91	-228.555426	-154.52
7.225373	0.4	12.	-39.277831	-244.04	-154.52
5.494135	0.4	12.	32.426652	-236.87	-154.52
7.301927	0.4	12.	42.09	-227.826671	-154.52
5.39057	0.4	12.	-5.945834	-180.12	-154.97
5.379674	0.4	12.	15.386693	-160.54	-154.97
6.055196	0.4	12.	-1.554548	-154.67	-155.6
5.908749	0.4	12.	-32.64	-190.23	-158.874537
4.859419	0.4	12.	-33.171644	-201.64	-155.6
4.718085	0.4	12.	24.79	-228.180111	-156.28
5.256779	0.4	12.	46.33	-216.32	-157.80569
5.778706	0.4	12.	58.914717	-206.21	-156.05
5.255557	0.4	12.	8.8	-184.03	-158.616929
6.26751	0.4	12.	8.8	-171.546301	-156.56
4.901103	0.4	12.	39.122947	-205.56	-156.28
4.868422	0.4	12.	-20.9	-216.231123	-156.56
6.789711	0.4	12.	-23.18	-180.02238	-156.96
4.559478	0.4	12.	-11.34621	-206.54	-157.76
5.604599	0.4	12.	-20.9	-227.882802	-159.12
4.994807	0.4	12.	-9.8	-233.632967	-159.12
6.263494	0.4	12.	-10.13	-250.440465	-159.12
5.483354	0.4	12.	53.510708	-189.57	-162.02
4.699536	0.4	12.	26.787429	-196.75	-161.17
5.329314	0.4	12.	-14.166038	-195.12	-162.19
4.510898	0.4	12.	18.380745	-200.99	-162.08
5.519263	0.4	12.	19.631375	-181.09	-162.08
5.070999	0.4	12.	-33.3	-217.383808	-163.44
5.498173	0.4	12.	3.58	-245.05728	-163.33
5.372509	0.4	12.	18.869892	-237.2	-163.39
5.622292	0.4	12.	1.62	-220.54381	-163.44
5.138854	0.4	12.	25.50627	-210.78	-163.44
4.678777	0.4	12.	0.32	-190.023308	-163.39
4.497282	0.4	12.	39.832059	-157.94	-163.44
5.668317	0.4	12.	36.54	-142.11029	-163.61
5.263234	0.4	12.	53.18	-165.762762	-163.61
4.693646	0.4	12.	13.811577	-145.87	-163.73
4.575566	0.4	12.	50.24	-152.522046	-163.73
5.570749	0.4	12.	34.080764	-187.62	-164.01
6.301948	0.4	12.	49.59	-177.83	-164.980919
5.495117	0.4	12.	14.67	-210.45	-164.341715
4.781265	0.4	12.	11.74	-226.434438	-164.13
5.423346	0.4	12.	-12.74	-181.42	-164.210981
4.843556	0.4	12.	29.36	-159.565713	-164.58
5.346348	0.4	12.	24.79	-146.113141	-164.58
5.290246	0.4	12.	-8.953078	-165.44	-164.64
4.841495	0.4	12.	-19.26	-169.784514	-164.64
5.462112	0.4	12.	3.601383	-208.17	-164.64
4.666943	0.4	12.	-9.638744	-218.93	-164.64
6.696371	0.4	12.	68.672926	-163.48	-164.64
4.767508	0.4	12.	41.43	-167.1367	-165.66
5.450621	0.4	12.	17.634411	-159.24	-165.49
4.740429	0.4	12.	-32.97	-242.09	-168.222294
5.824972	0.4	12.	-43.74	-205.88	-170.685528
4.724965	0.4	12.	24.79	-169.684605	-166.17
5.447307	0.4	12.	5.86	-159.602503	-166.74
4.698851	0.4	12.	6.70041	-170.66	-167.42
4.508879	0.4	12.	-2.95	-177.51	-166.176694
4.48328	0.4	12.	-24.305186	-213.06	-167.48
6.289342	0.4	12.	-29.05	-201.196768	-167.54
5.539055	0.4	12.	-30.36	-180.727622	-167.93
5.333	0.4	12.	-11.099102	-205.23	-168.5
5.920485	0.4	12.	-22.2	-242.673019	-168.9
5.241585	0.4	12.	28.38	-222.19	-171.189283
5.770235	0.4	12.	46.33	-203.93	-165.364823
7.647904	0.4	12.	33.220523	-199.03	-171.52
4.524702	0.4	12.	15.021154	-197.4	-172.14
6.002426	0.4	12.	48.94	-192.51	-172.541309
4.550786	0.4	12.	-19.58373	-196.1	-172.37
4.682383	0.4	12.	9.646542	-179.79	-172.31
6.781144	0.4	12.	-9.15	-237.707914	-172.77
4.597028	0.4	12.	-22.85	-228.71	-176.923962
4.510735	0.4	12.	39.15	-155.33	-173.054824
5.783421	0.4	12.	43.06	-143.250164	-173.96
4.782576	0.4	12.	47.63	-160.22	-176.045688
4.566894	0.4	12.	8.147702	-146.85	-173.96
6.529036	0.4	12.	-6.54	-195.12	-174.444546
5.289071	0.4	12.	0.32	-225.13	-177.752443
5.705616	0.4	12.	22.849198	-210.45	-174.19
5.001076	0.4	12.	39.8	-185.66	-172.984586
7.836671	0.4	12.	49.59	-173.27	-180.485082
4.631908	0.4	12.	10.864503	-217.3	-174.59
5.510359	0.4	12.	4.23	-207.19	-178.421592
5.05941	0.4	12.	30.264215	-148.15	-175.04
4.480029	0.4	12.	-5.427618	-164.13	-175.04
5.130815	0.4	12.	-24.81	-170.935439	-175.04
5.31862	0.4	12.	-8.17	-216.65	-178.559434
7.018871	0.4	12.	14.35	-226.76	-181.853811
6.567185	0.4	12.	19.24	-153.04	-176.405878
4.69304	0.4	12.	37.19	-173.712913	-176.06
6.991516	0.4	12.	28.05	-187.62	-180.157883
5.803242	0.4	12.	-17.098982	-161.52	-176.75
5.871436	0.4	12.	23.16	-166.623628	-176.8
6.096823	0.4	12.	5.86	-157.28	-178.949349
5.746154	0.4	12.	0.575259	-178.16	-177.54
4.611661	0.4	12.	12.72	-169.35	-179.220955
5.71604	0.4	12.	-20.575186	-214.36	-177.49
7.103429	0.4	12.	-28.4	-189.709311	-177.94
5.184319	1.	11.	-3.26	-180.669925	0.06
4.724832	1.	11.	-12.08	-172.29	-12.573125
4.680024	1.	11.	-16.274585	-212.73	-14.44
4.63141	1.	11.	-15.35	-200.938346	-15.07
4.625455	1.	11.	-33.3	-166.079536	-15.01
5.728892	1.	11.	-22.070292	-155.98	-15.01
5.516985	1.	11.	-8.82	-153.48369	-15.01
5.728313	1.	11.	-34.036125	-155.65	-15.01
4.444338	1.	11.	12.06	-219.91	-17.235305
4.461003	1.	11.	2.6	-216.65	-12.00148
4.368225	1.	11.	-7.701073	-191.86	-16.54
4.878998	1.	11.	-10.686631	-173.27	-27.8
4.783527	1.	11.	-28.4	-156.128698	-27.8
5.915443	1.	11.	-40.8	-147.82	-25.387503
4.56714	1.	11.	5.86	-219.26	-30.94163
4.347471	1.	11.	9.13	-214.04	-23.935838
4.662537	1.	11.	13.04	-206.677094	-27.8
4.670055	1.	11.	24.40626	-223.17	-27.8
4.903044	1.	11.	17.29	-230.35	-31.869858
4.552987	1.	11.	-21.356856	-178.81	-27.8
4.628328	1.	11.	-28.07	-204.756994	-27.8
5.456922	1.	11.	-1.32	-115.53	-37.084214
5.808693	1.	11.	-26.12	-116.51	-33.956782
5.900961	1.	11.	18.26	-129.23	-37.525855
4.914926	1.	11.	-2.29	-220.387087	-36.78
5.286465	1.	11.	-31.99	-216.961992	-36.73
4.51803	1.	11.	-40.600785	-196.42	-36.73
4.817673	1.	11.	-31.01	-164.13	-33.229516
4.36028	1.	11.	-20.57	-160.76842	-36.73
4.878849	1.	11.	-32.97	-190.55	-36.48771
4.899047	1.	11.	-40.8	-147.5	-41.019174
4.650372	1.	11.	-8.128979	-173.27	-38.89
4.350015	1.	11.	-1.486007	-191.21	-38.89
4.444511	1.	11.	19.24	-220.168367	-38.89
4.39028	1.	11.	-30.065925	-206.21	-38.89
4.836261	1.	11.	-4.25	-99.55	-37.755834
4.91854	1.	11.	-43.74	-207.19	-40.516354
4.9784	1.	11.	-14.69	-191.274161	-41.1
5.115072	1.	11.	-35.25	-136.41	-41.12306
4.571623	1.	11.	-59.08	-174.424685	-42.86
5.686919	1.	11.	29.69	-150.613487	-42.86
4.331713	1.	11.	3.58	-176.85	-38.749853
4.540816	1.	11.	19.24	-185.36648	-42.86
4.828616	1.	11.	-20.870695	-120.1	-48.27
4.829171	1.	11.	-9.8	-114.725417	-48.15
4.684063	1.	11.	-29.614806	-215.67	-48.15
5.002295	1.	11.	-4.91	-223.742712	-48.15
4.723084	1.	11.	4.56	-203.749611	-48.15
5.005313	1.	11.	7.569988	-218.6	-48.15
4.620923	1.	11.	-39.5	-202.191462	-48.15
5.260982	1.	11.	-37.48089	-191.21	-48.15
4.528781	1.	11.	-51.154293	-194.14	-48.15
4.34678	1.	11.	-20.208997	-161.85	-49.06
4.332942	1.	11.	-10.687877	-172.94	-49.06
4.379217	1.	11.	-0.68188	-191.53	-49.06
4.888724	1.	11.	-30.798935	-226.76	-49.06
5.59512	1.	11.	-5.23	-94.08139	-49.35
4.711844	1.	11.	31.97	-143.610689	-54.46
5.218948	1.	11.	34.25	-133.498024	-54.41
4.373013	1.	11.	-59.08	-170.426976	-54.46
5.680697	1.	11.	7.584454	-140.97	-58.16
4.653582	1.	11.	-12.74	-115.53	-61.262289
4.982854	1.	11.	-42.43	-128.58	-59.029923
5.211979	1.	11.	-42.70377	-144.56	-58.16
4.648427	1.	11.	-36.89	-154.67	-54.763419
5.801718	1.	11.	-14.35813	-166.09	-58.16
4.680762	1.	11.	-49.61	-191.922515	-58.33
4.642811	1.	11.	4.88	-217.382886	-58.33
5.106623	1.	11.	-5.411885	-229.69	-58.33
5.266027	1.	11.	-30.858913	-221.87	-60.2
4.382312	1.	11.	-13.097153	-212.73	-59.75
6.833034	1.	11.	-4.25	-99.22	-66.558049
5.108798	1.	11.	-59.4	-189.57	-57.422033
5.81248	1.	11.	-39.82	-202.29	-61.916013
5.090125	1.	11.	-60.38	-170.542104	-64.64
5.110095	1.	11.	31.97	-166.74	-64.65211
4.912177	1.	11.	-31.01	-230.346486	-67.14
4.716052	1.	11.	-45.37	-218.28	-69.777869
5.159009	1.	11.	-13.06	-210.78	-76.242983
4.336637	1.	11.	-37.21	-154.512586	-74.08
5.904146	1.	11.	-50.59	-132.651121	-74.08
4.898498	1.	11.	-65.93	-191.53	-72.57005
5.555381	1.	11.	-52.55	-197.08	-72.71924
5.171613	1.	11.	-37.54	-200.01	-76.101299
4.595545	1.	11.	5.54	-139.710453	-68.39
4.992103	1.	11.	3.58	-217.861953	-68.62
4.380324	1.	11.	34.25	-170.	-76.118796
4.495819	1.	11.	45.35	-165.756627	-74.93
5.238193	1.	11.	-63.111144	-172.94	-74.93
4.960428	1.	11.	-50.26	-176.2	-74.767651
6.033376	1.	11.	-62.66	-160.526512	-76.18
5.270144	1.	11.	-48.31	-218.561982	-80.56
4.805519	1.	11.	-38.050565	-216.65	-80.56
4.346017	1.	11.	-10.78	-171.63	-79.240689
4.634957	1.	11.	-25.14	-158.59	-77.517168
4.503041	1.	11.	-16.207201	-157.61	-80.95
4.99509	1.	11.	-20.24	-195.332325	-84.25
5.082533	1.	11.	-61.399687	-190.88	-84.25
4.333993	1.	11.	-13.06	-211.1	-88.634298
6.354575	1.	11.	-26.712091	-125.32	-84.48
5.282081	1.	11.	-49.61	-137.39	-86.622917
4.479014	1.	11.	-35.924288	-157.94	-84.48
4.479761	1.	11.	-33.95	-184.03	-88.862214
4.789255	1.	11.	-40.8	-191.812444	-88.46
5.415424	1.	11.	-48.63	-200.99	-90.285919
4.557987	1.	11.	-40.47	-216.32	-92.62291
4.95396	1.	11.	-49.29	-223.073297	-90.96
4.549444	1.	11.	-26.565927	-160.54	-91.3
4.490634	1.	11.	-31.874595	-153.04	-91.36
4.529671	1.	11.	-13.656872	-171.96	-91.36
5.74935	1.	11.	25.667996	-105.75	-91.36
4.637281	1.	11.	-20.85365	-145.87	-91.36
6.305694	1.	11.	-56.14	-176.2	-87.413162
4.638655	1.	11.	-51.24	-167.07	-96.102046
5.341487	1.	11.	-19.92	-188.143592	-95.62
4.451871	1.	11.	-33.95	-184.36	-97.828573
5.787013	1.	11.	-22.2	-125.078015	-96.13
4.77545	1.	11.	-15.67	-117.16	-91.935951
6.266674	1.	11.	-16.98	-104.77	-99.014043
4.928476	1.	11.	14.35	-110.64	-92.279019
4.625748	1.	11.	-31.554966	-170.98	-103.69
4.624323	1.	11.	-20.642455	-155.	-103.81
4.916044	1.	11.	46.65	-124.34	-103.142763
5.392632	1.	11.	-54.239944	-183.7	-104.09
4.624145	1.	11.	-48.31	-172.346723	-104.55
5.076675	1.	11.	-42.43	-136.08	-108.210516
4.677073	1.	11.	-47.251063	-144.24	-104.43
5.598158	1.	11.	-41.78	-125.395661	-104.43
4.509317	1.	11.	-16.65	-142.275635	-104.38
4.356826	1.	11.	-10.415562	-152.06	-104.38
4.351469	1.	11.	-16.6071	-209.14	-105.12
4.735417	1.	11.	-13.39	-122.28969	-106.03
5.776271	1.	11.	-17.96	-115.21	-113.480373
6.213799	1.	11.	-8.49	-110.97	-105.788769
4.387899	1.	11.	8.8	-118.79	-108.156188
4.534664	1.	11.	-27.42	-171.919983	-115.35
4.674686	1.	11.	-32.261764	-161.2	-115.35
4.633547	1.	11.	-54.18	-179.082176	-115.35
5.302979	1.	11.	-1.32	-117.49	-114.468226
4.895118	1.	11.	-14.37	-143.640204	-115.92
4.607902	1.	11.	-12.195863	-167.07	-125.35
5.303407	1.	11.	-13.39	-173.179787	-175.1
5.647095	1.	11.	-15.35	-185.99	-175.517289
4.469159	1.	11.	3.91	-189.323666	-174.64
4.927785	1.	11.	18.92	-187.29	-171.052942
4.659352	1.	11.	36.818972	-177.83	-165.55
4.66178	1.	11.	30.135503	-157.94	-179.7
4.413034	1.	11.	38.17	-211.1	-169.866432
5.169094	1.	11.	14.35	-149.78	-148.977476
4.44861	1.	11.	-18.664941	-213.38	-146.1
4.54774	1.	11.	-20.808396	-200.99	-145.31
4.846857	1.	11.	-25.76087	-183.38	-145.19
4.363147	1.	11.	-27.75	-200.672954	-134.56
5.10354	1.	11.	-26.44	-239.165825	-157.53