4.587541	0.4	12.	27.74	66.21	-4.398435
6.535035	0.4	12.	-55.458014	-43.38	126.32
7.116122	0.4	12.	-25.13	-61.97	132.860449
4.718669	0.4	12.	-15.34	-55.45	123.159078
4.499215	0.4	12.	-29.37	-39.14	127.646028
5.256117	0.4	12.	-18.27	-48.93	130.529953
5.74047	0.4	12.	3.26	-50.370638	126.32
4.9774	0.4	12.	0.854401	-37.51	126.32
4.999148	0.4	12.	7.18	-23.903248	126.32
5.522993	0.4	12.	14.637051	-45.01	126.32
5.797907	0.4	12.	-2.94	-67.014092	126.32
6.298416	0.4	12.	-47.808484	-67.84	126.32
5.552289	0.4	12.	-36.55	-61.97	126.858931
4.87761	0.4	12.	-26.953947	-19.9	121.66
6.099125	0.4	12.	-2.28	-14.03	126.61206
5.996352	0.4	12.	-6.484564	0.65	120.64
6.947396	0.4	12.	-15.34	11.09	125.412776
5.640568	0.4	12.	-38.669927	-12.07	118.02
5.671827	0.4	12.	-33.597167	1.3	117.22
4.544958	0.4	12.	-27.583979	10.44	116.26
4.776653	0.4	12.	-40.46	10.11	120.263158
5.98361	0.4	12.	-29.04	21.637468	116.43
5.119713	0.4	12.	-59.72	-29.74301	115.29
5.736406	0.4	12.	-50.323614	-41.75	115.29
4.77756	0.4	12.	-50.144499	-67.52	115.29
4.911963	0.4	12.	-40.539076	-69.15	115.29
5.631738	0.4	12.	-38.51	-57.360898	115.35
4.620245	0.4	12.	-28.06	-61.65	119.4203
4.830192	0.4	12.	-17.95	-62.3	115.946485
4.486611	0.4	12.	-17.3	-51.37252	114.84
5.442381	0.4	12.	0.501313	-63.93	114.84
5.832806	0.4	12.	11.018187	-48.6	114.84
5.450292	0.4	12.	23.949165	-45.01	114.84
4.6342	0.4	12.	2.28	-43.71	111.177448
5.251532	0.4	12.	3.26	-28.623396	115.58
4.633192	0.4	12.	-7.51	-24.974904	115.58
5.69198	0.4	12.	-8.81	-37.18	117.375915
5.885983	0.4	12.	-6.201296	-50.56	115.58
6.02496	0.4	12.	-71.14	-23.48	120.071061
5.814799	0.4	12.	-78.64	19.069049	111.88
4.993404	0.4	12.	-85.82	-31.96	109.533518
5.32565	0.4	12.	-84.19	-43.32855	110.69
4.576636	0.4	12.	-96.327654	-33.27	110.91
5.14823	0.4	12.	-26.43	-56.228079	110.97
7.236363	0.4	12.	29.7	-18.59	116.175912
4.509806	0.4	12.	-32.84971	-16.31	109.55
4.480848	0.4	12.	-8.16	-8.81	108.821361
6.07961	0.4	12.	-1.31	6.386804	107.96
5.097965	0.4	12.	-13.193563	12.07	107.16
5.397006	0.4	12.	-17.3	-1.041165	106.08
5.825937	0.4	12.	-30.35	-2.676916	106.42
4.816036	0.4	12.	-42.1	-9.128899	105.17
5.203907	0.4	12.	-41.44	1.621165	105.51
4.943595	0.4	12.	-18.93	-38.909166	106.82
4.529888	0.4	12.	-0.65	-78.93	109.985644
5.897317	0.4	12.	4.136608	-88.39	103.86
5.641865	0.4	12.	-7.575241	-90.68	103.58
5.218756	0.4	12.	1.485263	-4.57	105.68
4.529907	0.4	12.	11.42	-3.02688	103.81
5.0373	0.4	12.	9.422185	7.18	103.81
5.992407	0.4	12.	28.39	15.66	107.061796
6.670629	0.4	12.	46.66	0.829788	103.47
5.353961	0.4	12.	41.12	-10.634239	103.47
4.787315	0.4	12.	46.34	-44.36	106.391921
5.169714	0.4	12.	-44.05	19.653023	103.47
5.115408	0.4	12.	-55.117719	18.27	103.47
4.720786	0.4	12.	-49.325103	10.11	102.78
5.339575	0.4	12.	-74.76583	12.72	103.18
5.654597	0.4	12.	-65.92	20.22	106.453669
5.327583	0.4	12.	-77.01	-9.46	107.10662
4.629933	0.4	12.	-72.12	3.26	107.196806
4.577156	0.4	12.	-57.43	0.98	100.511577
5.599234	0.4	12.	-63.31	9.246631	103.18
5.213591	0.4	12.	-12.73	-57.08	103.695955
4.913954	0.4	12.	-4.58526	-50.88	103.18
4.580019	0.4	12.	-20.23	-62.95	106.356037
4.693043	0.4	12.	12.73	-25.931807	103.18
4.507265	0.4	12.	17.622286	-53.49	103.18
4.527573	0.4	12.	27.439342	-50.23	103.18
4.502547	0.4	12.	21.21	-39.378694	102.73
5.347988	0.4	12.	-25.633008	21.53	102.67
4.728476	0.4	12.	-11.42	23.712969	102.67
4.648545	0.4	12.	-10.12	33.92	107.19712
4.920922	0.4	12.	-0.65	26.629116	102.73
5.282962	0.4	12.	-58.41	35.88	106.40505
5.187032	0.4	12.	-65.27	46.32	103.248998
5.035681	0.4	12.	-84.52	-0.33	100.680369
4.746662	0.4	12.	-84.85	-22.232792	101.99
4.869042	0.4	12.	0.65	-41.1	98.411842
4.645509	0.4	12.	2.61	-31.458065	101.99
4.718331	0.4	12.	-73.236817	-40.45	101.99
4.685148	0.4	12.	-62.	-29.128015	101.99
4.896663	0.4	12.	-18.065021	-25.12	101.99
4.811666	0.4	12.	-9.79	-68.82	106.23998
4.938948	0.4	12.	-0.65	-68.824749	101.99
4.775829	0.4	12.	-28.06	-69.421849	100.85
4.710986	0.4	12.	-41.877539	-82.85	101.19
5.042817	0.4	12.	-41.44	-65.89	105.852131
4.499317	0.4	12.	-32.31	-60.02	99.720252
4.608566	0.4	12.	-79.700662	-31.64	99.77
4.901114	0.4	12.	-49.28	-73.39	101.961571
4.65154	0.4	12.	-72.576906	-50.23	100.06
5.12899	0.4	12.	-89.09	-37.84	101.669756
5.893932	0.4	12.	-87.46	-49.046079	100.06
4.673112	0.4	12.	13.38	-93.29	100.048644
4.555318	0.4	12.	17.95	-75.67	96.219068
5.728196	0.4	12.	6.85	-76.98	101.427717
4.68664	0.4	12.	26.76	-21.53	99.996044
4.529258	0.4	12.	27.580499	-12.07	99.54
4.877175	0.4	12.	18.6	-24.46	95.361446
5.662888	0.4	12.	-24.8	44.69	105.161054
5.023129	0.4	12.	-32.63	34.25	102.278352
4.604016	0.4	12.	-93.955137	-23.48	99.37
4.505977	0.4	12.	-89.41	-15.66	95.921244
4.535492	0.4	12.	-61.229263	-64.91	99.37
4.871879	0.4	12.	-27.41	-47.29	102.692258
6.446777	0.4	12.	-29.04	-26.781145	99.37
5.479295	0.4	12.	-32.93267	-15.	99.37
5.422369	0.4	12.	-21.859384	-11.74	99.37
4.628719	0.4	12.	-0.98	-58.74209	98.75
4.811481	0.4	12.	-31.65	-38.16	101.58857
4.509505	0.4	12.	-40.46	-37.116569	98.63
4.543779	0.4	12.	-49.302147	-39.79	98.92
5.537202	0.4	12.	-60.817238	-39.47	98.92
4.599372	0.4	12.	23.5	33.100245	98.92
4.615613	0.4	12.	36.87	19.24	98.660644
5.351816	0.4	12.	11.75	36.86	99.372163
6.057273	0.4	12.	3.59	54.629603	98.92
4.632561	0.4	12.	-34.92	44.547128	98.92
4.80486	0.4	12.	-46.99	43.38	98.343684
4.73501	0.4	12.	-86.48	19.24	97.18592
4.943316	0.4	12.	24.654003	-60.02	98.35
6.304015	0.4	12.	49.93	-56.43	102.583208
4.995688	0.4	12.	59.949519	-50.23	97.55
4.894839	0.4	12.	50.694794	-44.03	97.73
4.481773	0.4	12.	52.222787	-34.57	97.27
4.602652	0.4	12.	54.17	-23.195637	96.76
4.483052	0.4	12.	-15.34	-88.07	95.682699
5.858547	0.4	12.	-8.128466	-77.63	97.04
4.523826	0.4	12.	-24.8	-78.61	98.961614
5.282036	0.4	12.	1.63	-9.998628	95.34
4.535422	0.4	12.	-0.65	0.638983	95.34
6.030993	0.4	12.	-3.878883	11.09	95.34
4.705896	0.4	12.	6.253915	15.98	95.28
5.225688	0.4	12.	16.918896	25.12	95.28
4.60533	0.4	12.	15.99	11.42	94.331066
4.759008	0.4	12.	23.139188	5.22	95.28
5.534113	0.4	12.	35.24	8.48	97.223554
5.086241	0.4	12.	-18.27	10.11	95.068709
4.539498	0.4	12.	-18.655312	-3.26	94.83
4.654224	0.4	12.	-12.07	2.61	97.612807
5.219613	0.4	12.	-32.63	-1.25672	94.43
5.565456	0.4	12.	-37.91377	12.07	94.43
4.704419	0.4	12.	-26.43	51.54	90.26206
5.857406	0.4	12.	-14.766938	57.08	94.43
4.508198	0.4	12.	-53.84	48.27	93.005344
4.766492	0.4	12.	-48.3	56.079805	94.43
4.890692	0.4	12.	-67.88	36.86	95.325917
4.595454	0.4	12.	-79.62	29.232555	94.43
5.059273	0.4	12.	-77.34	38.81	92.68974
5.01967	0.4	12.	-94.63	3.26	98.417781
4.825933	0.4	12.	-97.36273	11.74	93.8
5.007744	0.4	12.	-34.892119	-48.27	94.14
5.073535	0.4	12.	36.077345	-22.18	94.14
4.820387	0.4	12.	53.84	-15.66	90.501033
4.481493	0.4	12.	-9.46	-30.01	90.222206
4.607013	0.4	12.	-8.096589	-38.16	94.14
4.491101	0.4	12.	-15.99	-43.38	97.070788
4.50722	0.4	12.	-17.724423	-34.9	93.63
4.864385	0.4	12.	17.373781	-13.05	93.97
4.790057	0.4	12.	14.68	-2.624652	93.97
4.66905	0.4	12.	7.51	-68.086698	93.97
5.125597	0.4	12.	69.83	-51.499038	93.97
4.75668	0.4	12.	69.18	-41.42	89.848716
4.687041	0.4	12.	-13.38	-97.607119	93.97
4.808318	0.4	12.	3.26	-101.44	92.761011
5.272837	0.4	12.	-46.01	27.72	95.884994
4.669163	0.4	12.	-49.6	19.9	89.881771
4.512564	0.4	12.	-51.89	-23.588544	93.35
5.081117	0.4	12.	-68.139819	-7.83	93.35
5.484429	0.4	12.	-67.88	-30.635776	93.35
5.279748	0.4	12.	-65.726447	-19.9	93.35
4.484252	0.4	12.	34.92	-11.171218	92.89
4.625076	0.4	12.	48.168342	-7.18	92.89
4.979654	0.4	12.	-17.62	-61.97	94.524048
4.996943	0.4	12.	-10.144753	-51.54	92.95
5.037208	0.4	12.	-49.93	-95.926402	92.95
4.51618	0.4	12.	-84.19	-60.34	93.371679
5.117813	0.4	12.	-26.655496	27.4	92.61
4.599128	0.4	12.	-11.427016	24.14	92.61
5.075939	0.4	12.	-8.48	32.94	96.113126
5.895601	0.4	12.	13.384897	48.93	92.44
5.595214	0.4	12.	23.5	42.586648	92.15
4.67627	0.4	12.	25.13	-49.9	88.429573
4.831956	0.4	12.	38.876047	-58.38	91.98
6.690187	0.4	12.	61.35	-60.99	90.674356
5.320774	0.4	12.	-3.59	-90.02	90.885591
4.981284	0.4	12.	-27.09	-99.81	87.718252
5.92317	0.4	12.	-72.393763	-41.1	91.36
4.747778	0.4	12.	-78.64	-8.48	95.594409
5.136742	0.4	12.	-90.07	-3.044493	91.36
5.343891	0.4	12.	-73.75	0.33	96.674863
4.882593	0.4	12.	-75.38	11.914843	91.36
4.56721	0.4	12.	-67.55	16.96	93.767824
4.998778	0.4	12.	-68.53	26.482286	91.36
4.82209	0.4	12.	-55.15	28.714911	91.36
4.707763	0.4	12.	-55.8	38.16	94.741406
4.585238	0.4	12.	-62.33	43.05	87.136051
4.555857	0.4	12.	33.29	36.431424	91.36
4.663464	0.4	12.	7.51	-30.66	89.808689
4.63243	0.4	12.	44.911235	-46.97	90.73
4.710772	0.4	12.	-26.76	-66.153951	90.73
4.493004	0.4	12.	-35.9	-65.56	92.872314
4.697403	0.4	12.	-29.171321	-56.1	90.73
5.834889	0.4	12.	-6.53	-67.19	91.53425
4.880783	0.4	12.	-76.03	-51.985971	90.05
4.707207	0.4	12.	-84.52	-40.77	93.214198
7.531982	0.4	12.	-102.662786	-34.25	90.05
4.570504	0.4	12.	-99.033157	-14.03	90.05
5.588015	0.4	12.	-102.660813	-3.59	90.05
5.617017	0.4	12.	5.635543	-52.19	91.13
5.134007	0.4	12.	14.36	-44.03	94.842629
4.81325	0.4	12.	25.963182	-40.45	91.13
4.743376	0.4	12.	17.838664	-33.92	91.07
4.564203	0.4	12.	26.76	-30.548329	91.07
4.844245	0.4	12.	-39.49	-86.254791	90.96
4.515842	0.4	12.	-35.9	-76.32	94.499655
4.759718	0.4	12.	-63.63	-47.804945	90.96
5.116252	0.4	12.	-55.8	-3.26	90.30879
5.195338	0.4	12.	-52.54	8.8177	90.51
4.672088	0.4	12.	-77.67	-12.72	86.418209
4.928517	0.4	12.	-32.96	-9.46	87.538911
5.022483	0.4	12.	-36.55	-20.040533	90.51
5.486218	0.4	12.	-18.721859	-23.81	90.45
4.953113	0.4	12.	-12.4	-9.594046	90.39
4.744565	0.4	12.	-3.26	44.165116	89.88
4.532357	0.4	12.	-3.26	57.08	87.529528
5.711046	0.4	12.	44.38	14.656111	89.88
5.241625	0.4	12.	42.140467	2.28	89.88
4.682714	0.4	12.	43.4	-17.133705	89.88
5.934238	0.4	12.	48.003629	-28.38	89.88
4.487234	0.4	12.	43.08	-37.763816	89.88
5.634302	0.4	12.	72.77	-29.716831	89.88
4.498808	0.4	12.	13.125354	-97.53	89.88
6.053517	0.4	12.	25.137723	-96.87	89.88
4.705685	0.4	12.	9.14	-88.201182	88.46
5.030064	0.4	12.	-45.790723	-77.63	88.46
4.952045	0.4	12.	-51.39915	-66.54	88.46
5.190933	0.4	12.	-54.054367	-45.34	88.46
4.483096	0.4	12.	-61.35	-37.761964	88.46
5.071195	0.4	12.	-87.775554	-50.56	88.46
4.489576	0.4	12.	-95.29	-44.36	88.073925
4.582336	0.4	12.	-92.806307	-23.48	88.23
5.607183	0.4	12.	-92.677353	24.14	87.55
4.838631	0.4	12.	-43.73	34.128004	87.61
4.722536	0.4	12.	-35.24	32.62	82.909964
4.994405	0.4	12.	-24.15	64.091068	87.61
5.605122	0.4	12.	-46.99	63.521773	87.32
4.886766	0.4	12.	-60.178716	52.84	87.21
5.019579	0.4	12.	56.78	-83.461841	87.21
4.530969	0.4	12.	48.95	-68.630758	86.87
4.488509	0.4	12.	26.828548	-61.65	87.26
4.938919	0.4	12.	1.96	-73.71	85.130281
4.520603	0.4	12.	-2.61	-46.911984	87.26
4.875342	0.4	12.	26.43	-14.400885	87.26
4.91939	0.4	12.	-66.047718	-67.84	87.26
5.107797	0.4	12.	5.55	36.53	88.454835
4.733962	0.4	12.	4.57	48.844824	84.65
4.547441	0.4	12.	64.94	16.63	89.01952
5.193842	0.4	12.	53.52	35.55	89.215893
4.871488	0.4	12.	59.39	45.131224	84.54
5.242192	0.4	12.	50.91	50.56	86.783058
5.098034	0.4	12.	41.12	44.69	80.313944
4.549658	0.4	12.	44.05	37.84	87.020297
4.623543	0.4	12.	30.67	11.42	87.613129
4.691248	0.4	12.	35.9	20.460207	84.54
4.755843	0.4	12.	27.09	24.14	88.590317
5.106389	0.4	12.	11.481042	21.85	83.46
4.503028	0.4	12.	16.296036	37.51	83.06
5.1314	0.4	12.	9.46	32.62	77.968294
5.152431	0.4	12.	-38.555293	45.99	82.66
4.51771	0.4	12.	-50.58	50.636322	82.66
5.157167	0.4	12.	-15.66	70.45	86.723042
4.655517	0.4	12.	-15.66	60.518823	82.32
5.774849	0.4	12.	8.507288	79.91	82.32
4.608748	0.4	12.	14.68	67.84	86.79337
5.420837	0.4	12.	79.62	26.75	89.153303
6.069524	0.4	12.	81.738292	15.	85.73
5.856091	0.4	12.	80.013602	1.3	85.73
5.303027	0.4	12.	58.74	-42.4	89.14853
5.157717	0.4	12.	76.25627	-61.65	83.91
6.125879	0.4	12.	72.44	-75.35	84.639703
6.607678	0.4	12.	11.1	-105.68	77.663796
5.995212	0.4	12.	-5.948623	-107.64	83.91
4.56793	0.4	12.	-5.55	-80.24	87.155092
4.644073	0.4	12.	-26.11	-82.28093	83.51
5.097906	0.4	12.	-79.62	27.750727	83.51
5.252524	0.4	12.	-22.52	40.083626	83.51
5.599565	0.4	12.	-35.24	62.988079	83.11
4.960733	0.4	12.	69.83	-19.011943	83.11
5.199065	0.4	12.	61.02	-8.800103	83.11
4.611256	0.4	12.	63.495191	-50.88	83.11
5.121033	0.4	12.	3.59	-10.44	80.711306
5.604679	0.4	12.	-13.38	-35.88	79.102342
4.546541	0.4	12.	17.62	-85.13	82.021308
4.933651	0.4	12.	21.924742	-76.32	82.03
4.973415	0.4	12.	32.030003	-71.11	82.03
5.573029	0.4	12.	-65.27	-9.067483	82.03
4.583091	0.4	12.	-47.64	-19.57	82.502132
6.162337	0.4	12.	-92.68	11.964147	82.03
4.58458	0.4	12.	21.86	61.918676	81.75
5.283338	0.4	12.	24.47	46.249311	81.75
5.200262	0.4	12.	30.35	54.8	85.683307
4.833805	0.4	12.	-67.22	-25.44	80.055639
4.562295	0.4	12.	-23.82	-45.99	81.540564
4.816317	0.4	12.	-20.648849	-56.1	80.9
4.893858	0.4	12.	-11.859548	-49.9	80.9
4.854851	0.4	12.	-18.27	-93.903444	80.84
4.89365	0.4	12.	-34.92	-89.132184	80.84
4.862817	0.4	12.	-48.598761	-95.57	79.99
4.76184	0.4	12.	-55.15	-72.610168	79.36
5.717273	0.4	12.	-81.58	-62.212947	79.59
4.968865	0.4	12.	-74.4	-34.433379	79.59
4.794192	0.4	12.	-94.63	-10.917156	79.59
7.657681	0.4	12.	-108.668846	-13.7	79.59
4.61171	0.4	12.	-99.547276	2.61	79.59
5.61819	0.4	12.	-63.96	13.467252	79.59
4.575551	0.4	12.	-72.12	21.228972	79.59
5.156778	0.4	12.	-79.95	14.950627	79.59
5.083586	0.4	12.	-68.53	44.098641	79.59
5.551946	0.4	12.	-58.74	35.867121	79.59
4.737928	0.4	12.	-4.267811	70.45	79.53
4.747304	0.4	12.	0.98	59.878305	79.53
5.020056	0.4	12.	7.18	68.642884	79.53
5.834591	0.4	12.	56.78	28.05	78.505028
5.00054	0.4	12.	20.88	-98.072875	78.51
4.59034	0.4	12.	53.19	-88.39	78.375989
6.095749	0.4	12.	32.96	-57.08	78.637771
4.637344	0.4	12.	-6.217709	-69.47	78.51
4.784466	0.4	12.	-11.75	-60.962791	78.51
5.313163	0.4	12.	-13.897454	-76.	78.51
5.837757	0.4	12.	-27.09	-69.673756	78.51
4.83633	0.4	12.	-33.29	-57.924043	78.51
5.595658	0.4	12.	-3.59	-91.	79.567986
4.74151	0.4	12.	-30.02	-98.5	77.04874
6.958973	0.4	12.	-37.53	-107.38996	78.45
7.211818	0.4	12.	-19.58	-106.51967	78.51
4.557455	0.4	12.	-63.31	-49.25	75.072054
5.021273	0.4	12.	-74.4	-51.54	75.819146
4.716332	0.4	12.	-72.560199	-16.31	78.51
4.512136	0.4	12.	54.922781	0.98	77.77
4.653359	0.4	12.	32.63	6.564177	77.77
4.863134	0.4	12.	40.79	13.196173	77.77
5.375408	0.4	12.	72.44	-33.6	76.455784
4.761735	0.4	12.	59.39	-22.84548	77.77
5.1393	0.4	12.	49.607404	-32.94	77.77
4.599827	0.4	12.	-40.46	19.24	78.794747
4.826514	0.4	12.	-28.72	18.27	79.275907
6.162858	0.4	12.	-31.33	5.154618	77.26
4.920127	0.4	12.	-41.12	-13.522258	77.26
5.613632	0.4	12.	-54.100224	8.81	76.63
4.760285	0.4	12.	10.12	-1.3	76.124453
5.873821	0.4	12.	9.79	9.46	79.975485
4.482002	0.4	12.	42.1	-17.827281	76.92
5.170873	0.4	12.	-26.11	-30.01	73.678366
4.638598	0.4	12.	-14.68	-23.81	73.537514
5.065151	0.4	12.	-50.91	-45.28843	76.01
4.961307	0.4	12.	-58.74	-17.94	77.320134
4.769653	0.4	12.	-52.21	28.471997	75.1
4.484659	0.4	12.	-38.912286	29.03	75.1
4.873549	0.4	12.	-46.99	38.81	76.381189
4.704044	0.4	12.	-42.139021	60.34	75.1
5.506418	0.4	12.	-35.57	77.96	75.490298
4.702031	0.4	12.	78.97	23.825695	74.7
6.071912	0.4	12.	79.95	9.814928	74.7
4.684273	0.4	12.	76.773501	-1.63	74.7
4.624118	0.4	12.	67.88	27.706616	74.7
5.58723	0.4	12.	74.4	40.3715	74.7
4.802724	0.4	12.	42.75	59.04	75.196768
4.906745	0.4	12.	35.24	65.695898	74.7
4.761623	0.4	12.	2.61	74.69	71.686726
4.84008	0.4	12.	-10.585867	78.61	74.7
4.910511	0.4	12.	19.91	-57.483923	74.08
4.89325	0.4	12.	-5.55	-8.81	76.591969
4.680598	0.4	12.	-14.68	-10.76	71.2445
4.780862	0.4	12.	43.73	36.53	71.69234
5.457779	0.4	12.	54.17	54.89562	74.42
4.911818	0.4	12.	31.98	25.12	73.928101
4.710774	0.4	12.	62.176477	18.27	74.42
4.624498	0.4	12.	48.95	-12.370088	74.42
4.616489	0.4	12.	39.49	-9.422278	74.42
5.169797	0.4	12.	58.509329	-76.32	74.42
4.49037	0.4	12.	-35.57	-77.449339	74.19
4.595098	0.4	12.	6.85	-74.37	72.02947
5.129992	0.4	12.	8.838703	-90.35	74.19
4.637488	0.4	12.	64.560668	-53.17	73.
5.014931	0.4	12.	69.83	-76.188455	73.
7.025962	0.4	12.	83.73397	-53.49	73.
4.497902	0.4	12.	81.91	-22.18	75.245819
4.797008	0.4	12.	70.450355	-15.	73.05
5.210335	0.4	12.	81.58	-11.42	74.364243
5.557284	0.4	12.	90.728866	-2.28	73.05
5.018202	0.4	12.	58.74	-13.37	73.487553
5.946412	0.4	12.	81.26	-40.45	70.131832
5.057921	0.4	12.	43.4	-41.75	72.562604
4.541528	0.4	12.	32.691942	-38.49	71.01
5.300571	0.4	12.	41.839123	-27.07	70.32
4.699658	0.4	12.	30.868869	-26.09	70.89
4.695649	0.4	12.	26.128376	47.62	70.89
4.874242	0.4	12.	22.84	56.776942	70.89
4.690253	0.4	12.	35.57	52.19	74.655821
4.932065	0.4	12.	-13.25509	65.89	70.15
5.430598	0.4	12.	-22.19	60.02	74.036631
4.717154	0.4	12.	-31.	66.21	74.125882
4.83472	0.4	12.	-24.8	76.267987	69.98
5.36476	0.4	12.	0.	86.44	73.02602
5.016868	0.4	12.	13.71	73.655314	69.93
4.706086	0.4	12.	-34.59	52.749077	69.93
5.158814	0.4	12.	-20.665651	50.23	69.93
4.703618	0.4	12.	-62.98	49.9	73.599648
4.669825	0.4	12.	-68.85	35.88	71.837354
4.583361	0.4	12.	-58.739711	32.62	69.41
4.777473	0.4	12.	-63.31	14.35	67.032005
5.81973	0.4	12.	-72.488408	23.81	69.41
4.780106	0.4	12.	-60.37	23.48	66.552133
4.869471	0.4	12.	-83.21	17.94	66.9781
4.565202	0.4	12.	-88.553173	27.07	68.28
4.979991	0.4	12.	-83.552835	7.5	68.79
6.261637	0.4	12.	-96.27126	15.	67.99
5.782013	0.4	12.	-26.11	88.106309	68.33
4.724162	0.4	12.	-0.14306	64.26	68.39
5.020162	0.4	12.	82.064553	30.66	68.39
4.73786	0.4	12.	-49.200663	-74.04	68.5
5.369913	0.4	12.	-15.99	-95.638446	68.5
5.522669	0.4	12.	-0.668512	-99.48	68.5
4.499569	0.4	12.	-16.144401	-74.37	68.5
5.195452	0.4	12.	-24.47	-56.1	63.88409
6.201527	0.4	12.	-32.96	-64.099914	68.5
4.687486	0.4	12.	-15.66	-40.77	64.746566
4.925698	0.4	12.	-11.290417	-60.99	67.94
5.501107	0.4	12.	73.1	-65.077601	67.99
4.782446	0.4	12.	93.030093	-32.94	67.94
4.611558	0.4	12.	54.837323	-42.4	67.94
4.775441	0.4	12.	38.51	-86.436522	67.37
6.378193	0.4	12.	55.8	-65.291929	67.59
5.493187	0.4	12.	33.94	-49.554282	67.59
5.211691	0.4	12.	14.598336	-81.54	67.42
4.727817	0.4	12.	25.78	-101.644533	67.25
4.661575	0.4	12.	52.86	-91.111561	67.31
4.58643	0.4	12.	62.720803	-84.48	67.31
6.235361	0.4	12.	76.021438	-84.15	67.31
6.161591	0.4	12.	-34.923868	-99.16	67.31
6.418405	0.4	12.	-7.83	-109.326498	66.86
5.185846	0.4	12.	-46.34	-93.710595	66.06
7.625253	0.4	12.	-72.248339	-70.78	66.4
5.431602	0.4	12.	-69.83	-52.546282	66.17
4.802877	0.4	12.	-63.272513	-43.05	66.23
4.533596	0.4	12.	-74.4	-19.576658	66.
4.827138	0.4	12.	-56.78	-0.33	69.089638
4.593281	0.4	12.	-46.34	-2.94	68.752182
4.987418	0.4	12.	-53.84	11.367099	65.32
4.749078	0.4	12.	43.342916	69.47	65.6
5.103343	0.4	12.	28.841999	73.71	65.6
4.520583	0.4	12.	57.11	73.42735	65.49
5.311817	0.4	12.	53.830397	63.93	65.49
4.736497	0.4	12.	64.29	61.559954	65.38
5.514966	0.4	12.	-52.86	66.21	70.296104
5.714109	0.4	12.	-13.05	88.39	67.846969
5.166165	0.4	12.	-56.78	43.224382	65.04
7.246394	0.4	12.	-99.2	-11.383182	64.98
4.520456	0.4	12.	-77.67	-43.38	61.473317
5.762598	0.4	12.	-94.664806	-30.66	64.3
5.578484	0.4	12.	-6.331991	54.47	64.7
4.778049	0.4	12.	-5.333071	75.35	64.7
4.628739	0.4	12.	-15.01	74.84404	64.7
6.275009	0.4	12.	-43.265084	74.04	64.58
6.517566	0.4	12.	73.973485	17.94	64.47
4.766664	0.4	12.	78.32	2.50826	64.47
5.58256	0.4	12.	71.79	32.463996	64.47
5.524708	0.4	12.	77.99	42.892047	64.47
5.987213	0.4	12.	61.68	47.238279	64.47
5.06388	0.4	12.	28.146748	62.95	64.35
4.876063	0.4	12.	44.71	59.078761	64.13
4.643783	0.4	12.	38.51	-6.882784	64.13
5.061497	0.4	12.	46.66	-17.214166	64.13
4.768086	0.4	12.	52.86	-24.14	60.645739
4.613793	0.4	12.	60.04	-30.66	59.893439
5.007029	0.4	12.	65.836202	-41.75	63.9
4.762741	0.4	12.	13.05	-101.44	66.021607
4.884773	0.4	12.	-25.061797	-78.28	63.56
5.324709	0.4	12.	-7.648087	-82.52	63.44
4.751364	0.4	12.	-41.12	-70.45	62.455627
5.092895	0.4	12.	-12.4	-28.731808	63.33
4.960282	0.4	12.	-12.73	-16.548519	63.33
4.596923	0.4	12.	-7.83	-5.22	63.589214
4.910788	0.4	12.	-0.713953	-16.63	63.33
4.711894	0.4	12.	11.42	-4.57	65.744964
4.532842	0.4	12.	62.98	26.75	65.759956
5.023632	0.4	12.	72.44	53.173506	62.59
5.010412	0.4	12.	36.55	40.864336	62.93
4.524354	0.4	12.	67.22	-11.231392	62.93
4.494289	0.4	12.	54.5	-8.15	59.745019
5.74428	0.4	12.	62.98	3.065725	62.93
5.728096	0.4	12.	80.93	-27.192632	62.82
4.981197	0.4	12.	84.52	-13.523126	62.19
5.515715	0.4	12.	-39.582654	35.55	62.65
5.41861	0.4	12.	-43.73	61.665803	62.65
5.534075	0.4	12.	-61.68	-22.263684	62.65
5.225853	0.4	12.	-51.56	-44.69	64.820145
4.592843	0.4	12.	-21.54	-23.522836	62.65
4.901679	0.4	12.	16.97	55.312973	60.72
4.608611	0.4	12.	27.09	54.040404	60.72
5.422571	0.4	12.	25.78	40.374939	59.98
4.505877	0.4	12.	36.55	-34.25	63.611082
5.329022	0.4	12.	48.95	-34.25	64.19174
5.821279	0.4	12.	76.69	-50.254889	59.35
5.827395	0.4	12.	66.57	-61.748926	59.35
5.278576	0.4	12.	67.88	-73.06	62.483039
6.416892	0.4	12.	-16.32	53.17	57.360631
6.603177	0.4	12.	-69.6766	48.93	59.12
4.715469	0.4	12.	-70.49	36.86	59.754541
5.321335	0.4	12.	-78.685721	30.66	59.12
4.607273	0.4	12.	-67.22	27.4	60.277159
4.809098	0.4	12.	-23.17	62.620407	59.07
4.896787	0.4	12.	-9.46	68.083483	59.07
5.776169	0.4	12.	1.31	88.72	57.254432
5.304308	0.4	12.	4.89	-63.28	62.010447
4.726526	0.4	12.	-3.92	-69.47	62.657247
4.590848	0.4	12.	81.58	-62.194228	58.73
4.815292	0.4	12.	35.12218	78.61	58.73
5.893007	0.4	12.	38.51	92.513761	58.73
4.799801	0.4	12.	28.72	86.76	61.433748
4.591566	0.4	12.	19.91	67.379638	58.73
4.509445	0.4	12.	-60.7	8.744213	58.5
4.979053	0.4	12.	-71.47	8.660038	58.5
4.649588	0.4	12.	-73.1	-9.423064	58.5
4.576552	0.4	12.	-81.91	-17.94	58.97125
4.573839	0.4	12.	-28.39	-63.93	56.206545
5.139988	0.4	12.	-20.045785	-70.78	58.44
5.423385	0.4	12.	41.139824	-68.17	58.44
5.241694	0.4	12.	45.36	-48.439606	58.44
4.64873	0.4	12.	-37.2	-47.603734	58.04
4.605383	0.4	12.	-21.54	-43.846406	58.04
4.800394	0.4	12.	17.3	-61.561966	58.04
4.65143	0.4	12.	27.41	-58.939706	58.04
4.676816	0.4	12.	-50.911152	-77.3	58.04
4.908184	0.4	12.	0.65	-90.663944	58.04
4.910342	0.4	12.	1.96	-103.010091	58.04
4.834163	0.4	12.	57.673748	-77.96	58.04
4.507615	0.4	12.	31.98	27.572815	58.04
6.930721	0.4	12.	-14.03	39.941329	58.04
4.629003	0.4	12.	-1.31	61.97	55.888201
4.494579	0.4	12.	4.066063	70.45	57.53
5.689428	0.4	12.	14.68	76.32	56.436493
5.713339	0.4	12.	-26.76	72.74	54.246145
5.616801	0.4	12.	-21.585296	83.17	56.91
5.44141	0.4	12.	-26.567672	33.6	57.3
4.758859	0.4	12.	-46.99	48.437899	57.3
4.912904	0.4	12.	11.42	-83.983315	57.3
4.489951	0.4	12.	52.86	-90.35	55.639757
4.491301	0.4	12.	-48.3	-56.75	61.151613
5.072373	0.4	12.	30.550067	3.91	57.3
4.582507	0.4	12.	-0.65	-56.173992	56.85
4.732839	0.4	12.	-12.4	-50.88	53.621729
4.97246	0.4	12.	38.18	-77.96	61.292789
5.346267	0.4	12.	26.76	-77.3	52.784794
5.629674	0.4	12.	-88.21145	5.87	56.91
4.805687	0.4	12.	49.6	31.31	55.735487
5.183765	0.4	12.	89.91533	29.68	56.62
5.223125	0.4	12.	87.78	16.96	61.433149
4.975738	0.4	12.	-27.74	-15.417292	56.51
4.591119	0.4	12.	-37.53	-16.691294	56.51
4.88684	0.4	12.	-52.654807	-33.27	56.51
5.14846	0.4	12.	-5.22	-35.55	56.666763
4.858296	0.4	12.	-57.76	-52.536211	55.66
4.527893	0.4	12.	-67.88	-45.491648	55.49
4.617881	0.4	12.	-91.37	-14.947249	55.6
5.641273	0.4	12.	-88.11	-5.22	59.538142
4.831877	0.4	12.	-76.03	-33.92	53.333147
4.740594	0.4	12.	-63.63	-33.92	55.741413
4.911718	0.4	12.	60.879841	74.37	55.43
5.268914	0.4	12.	59.39	61.65	55.851234
5.837453	0.4	12.	48.95	65.89	54.662639
5.783295	0.4	12.	46.750992	78.28	55.43
5.04989	0.4	12.	-44.71	24.389521	55.09
4.595547	0.4	12.	-33.447592	22.51	55.09
4.882723	0.4	12.	51.23	51.087258	55.09
4.679192	0.4	12.	23.82	-21.85	51.564497
4.840392	0.4	12.	22.19	-45.944246	54.58
6.458865	0.4	12.	9.46	-19.796301	54.58
5.085219	0.4	12.	-11.42	-61.65	57.506411
4.559052	0.4	12.	-54.766026	34.57	53.61
5.150912	0.4	12.	-51.89	15.906854	53.61
7.168412	0.4	12.	-10.77	97.688684	53.61
4.877902	0.4	12.	67.22	23.48	49.810299
5.209397	0.4	12.	75.71	37.18	49.638724
5.52291	0.4	12.	59.72	35.55	57.879009
4.629967	0.4	12.	41.787376	56.75	53.21
7.78166	0.4	12.	73.75	72.44515	53.21
4.805402	0.4	12.	29.04	74.37	50.751799
4.779836	0.4	12.	29.7	64.91	53.048141
4.586652	0.4	12.	-5.938033	76.32	53.04
4.918661	0.4	12.	-8.16	-82.85	50.55273
5.741419	0.4	12.	17.62	-94.59	56.746079
4.965865	0.4	12.	54.488353	-33.27	52.53
4.718873	0.4	12.	64.61	-32.940529	52.02
5.785362	0.4	12.	76.409003	-35.23	52.25
5.213378	0.4	12.	78.357105	-24.14	52.19
4.652295	0.4	12.	59.07	-17.94	49.725659
4.87381	0.4	12.	65.27	-21.53	56.049736
5.636847	0.4	12.	89.258909	-25.77	52.19
4.685285	0.4	12.	-19.25	-31.96	56.002614
5.118936	0.4	12.	-8.752869	-25.44	51.96
4.662845	0.4	12.	-9.915061	-13.7	51.96
4.735023	0.4	12.	-50.91	-13.265611	51.68
4.716058	0.4	12.	-61.02	-14.947116	51.73
5.487179	0.4	12.	-70.81	-21.497287	51.73
5.525732	0.4	12.	70.49	44.03	56.193486
4.559926	0.4	12.	66.532182	55.45	51.39
5.348093	0.4	12.	-34.92	82.061273	51.39
5.449331	0.4	12.	-84.19	-27.07	54.907951
4.853446	0.4	12.	28.06	-12.065223	50.37
4.933526	0.4	12.	-43.08	-38.16	52.404787
4.52053	0.4	12.	66.24	-69.206661	48.61
6.40906	0.4	12.	80.93	-54.490746	48.61
5.295812	0.4	12.	5.22	-64.180179	48.61
4.521624	0.4	12.	-7.18	-69.15	51.621024
4.952069	0.4	12.	-66.9	53.488611	48.61
4.910042	0.4	12.	-60.04	45.34	52.22165
4.545839	0.4	12.	-63.96	36.21	52.151351
4.961533	0.4	12.	-43.860751	36.21	47.81
4.734158	0.4	12.	-11.743479	59.36	48.32
5.202557	0.4	12.	24.15	47.62	52.253254
5.468162	0.4	12.	23.616067	0.98	48.83
5.93544	0.4	12.	83.54	-6.623582	48.61
5.583775	0.4	12.	-74.08	40.447114	48.15
5.691997	0.4	12.	-79.154638	25.12	48.15
5.021953	0.4	12.	-72.044269	6.85	47.92
5.339956	0.4	12.	-15.454918	-60.34	47.81
4.848664	0.4	12.	53.936441	-73.71	47.81
5.110183	0.4	12.	28.06	-51.187347	47.07
4.703052	0.4	12.	36.686125	-44.03	47.58
4.48082	0.4	12.	13.435507	-82.2	47.47
4.652892	0.4	12.	-17.95	-69.47	44.519059
4.892132	0.4	12.	-24.15	-51.59478	47.01
5.277759	0.4	12.	-12.4	-43.05	45.56708
4.609839	0.4	12.	-22.84	-40.24424	46.39
5.259812	0.4	12.	77.34	24.308242	46.73
4.747132	0.4	12.	40.14	82.149497	46.73
5.075346	0.4	12.	27.74	84.48	48.088077
4.6764	0.4	12.	-18.93	78.586258	45.93
6.635482	0.4	12.	-22.84	92.807708	46.28
4.651636	0.4	12.	8.48	77.423034	46.28
5.145906	0.4	12.	10.946956	67.19	46.28
4.67168	0.4	12.	5.87	55.78	43.557123
5.908033	0.4	12.	19.126526	58.71	46.28
4.719187	0.4	12.	-15.66	37.18	43.265218
5.362589	0.4	12.	-6.2	43.71	40.551389
4.860851	0.4	12.	-34.191949	30.66	45.88
4.490823	0.4	12.	-48.666679	47.95	45.59
4.603506	0.4	12.	-79.62	12.344059	45.59
4.912296	0.4	12.	-65.59	10.76	41.338461
4.559034	0.4	12.	-83.54	-13.887735	45.42
4.525836	0.4	12.	-93.454834	-14.35	44.8
5.380695	0.4	12.	-91.39142	-2.94	45.25
4.482247	0.4	12.	-83.54	3.59	43.960608
4.541093	0.4	12.	-37.303814	-42.73	45.25
5.463917	0.4	12.	-47.32	-42.08	41.945419
4.747942	0.4	12.	-60.04	-54.47	43.387401
5.586621	0.4	12.	-73.375035	-45.34	44.68
4.583984	0.4	12.	-33.94	-27.32954	45.03
5.001961	0.4	12.	-30.02	-18.27	43.532239
5.448493	0.4	12.	-45.04082	-20.55	44.34
4.861356	0.4	12.	-70.679699	-31.96	44.8
5.614949	0.4	12.	62.	69.198439	44.8
5.127038	0.4	12.	96.379642	25.12	44.8
4.50478	0.4	12.	86.8	34.573241	44.46
4.779498	0.4	12.	72.77	-48.93	41.213712
6.190448	0.4	12.	84.964376	-38.16	44.29
4.50024	0.4	12.	47.64	-28.05	41.211774
4.942162	0.4	12.	39.438867	-82.52	44.17
4.996205	0.4	12.	41.44	-70.78	47.127171
4.773995	0.4	12.	33.011049	-29.36	44.17
5.381692	0.4	12.	69.940653	1.3	44.17
5.097052	0.4	12.	62.	-8.15	46.534237
5.46334	0.4	12.	72.77	-10.76	45.980179
4.483364	0.4	12.	12.180216	-18.59	44.
4.710486	0.4	12.	9.46	-55.12	40.820634
4.803502	0.4	12.	13.05	-46.64	47.174029
5.902331	0.4	12.	0.33	-38.81	47.262815
5.792747	0.4	12.	3.76375	24.14	44.
5.264703	0.4	12.	3.919845	36.53	43.83
4.928822	0.4	12.	50.559427	66.21	43.89
4.593936	0.4	12.	50.25	56.43	45.274941
4.509397	0.4	12.	60.077211	56.43	43.89
4.902326	0.4	12.	46.66	75.341635	43.89
5.149395	0.4	12.	4.89	86.11	42.036921
5.355094	0.4	12.	-6.475037	82.85	42.92
5.008839	0.4	12.	-1.31	95.126207	42.98
4.616896	0.4	12.	-47.883531	27.4	42.92
4.601067	0.4	12.	-51.89	14.219169	42.98
4.528521	0.4	12.	-56.304697	34.57	41.96
4.558843	0.4	12.	46.620328	-45.99	42.3
4.65993	0.4	12.	56.78	-48.27	42.025151
4.702097	0.4	12.	-8.81	-60.02	38.670668
4.557657	0.4	12.	38.499237	-60.99	42.3
4.651824	0.4	12.	56.78	-58.71	44.528069
6.446333	0.4	12.	54.5	27.4	43.724159
4.797043	0.4	12.	65.92	32.62	45.725891
5.229181	0.4	12.	71.14	62.925814	42.18
6.153148	0.4	12.	52.21	87.09	43.881859
4.543799	0.4	12.	37.53	93.29	42.490586
4.623694	0.4	12.	37.85	67.389222	42.18
5.491384	0.4	12.	27.74	68.806681	42.18
5.055232	0.4	12.	-16.417612	2.94	41.67
4.63776	0.4	12.	-10.839342	-8.48	41.67
5.220504	0.4	12.	-0.65	-16.31	38.837915
5.088196	0.4	12.	-13.05	-24.380802	41.73
4.482859	0.4	12.	68.53	-34.25	43.159395
5.066298	0.4	12.	68.85	-21.064282	41.73
5.071471	0.4	12.	51.150655	-1.63	41.44
4.988424	0.4	12.	40.14	2.048809	41.44
5.546116	0.4	12.	86.15	19.9	41.09119
5.11958	0.4	12.	-13.38	49.25	45.962296
4.787965	0.4	12.	31.368825	46.64	41.44
5.067994	0.4	12.	40.947296	53.82	41.5
5.507264	0.4	12.	32.31	57.08	46.667658
5.090365	0.4	12.	24.47	9.46	40.726102
6.305115	0.4	12.	-28.72	72.893626	40.82
4.615043	0.4	12.	-39.16	52.19	43.173083
5.212023	0.4	12.	-24.15	51.86	43.785232
4.550999	0.4	12.	-25.493037	61.65	40.88
4.640374	0.4	12.	7.51	3.59	43.009267
4.810901	0.4	12.	-7.51	9.46	38.693284
4.782917	0.4	12.	-16.112265	15.	40.14
6.103483	0.4	12.	76.967186	44.36	38.71
4.752815	0.4	12.	41.255152	-21.85	38.43
4.661404	0.4	12.	17.62	-0.792905	38.03
5.334213	0.4	12.	-10.44	59.36	37.635148
5.374779	0.4	12.	-64.802749	46.97	38.03
5.019225	0.4	12.	-64.925705	36.53	38.03
5.04344	0.4	12.	-36.22	62.167935	38.03
4.618718	0.4	12.	60.566879	11.74	38.03
4.68545	0.4	12.	68.187464	-69.47	38.03
6.527794	0.4	12.	8.301494	-69.15	38.03
5.094946	0.4	12.	-7.83	-69.790103	38.03
5.587628	0.4	12.	-23.82	31.64	38.683291
4.821142	0.4	12.	21.21	45.66	38.641147
5.759714	0.4	12.	-42.42	72.93841	37.75
5.995371	0.4	12.	32.075461	80.56	36.16
4.653466	0.4	12.	18.27	72.885955	36.16
7.740532	0.4	12.	20.23	90.40579	36.16
4.485097	0.4	12.	-2.61	66.547453	36.16
4.748422	0.4	12.	8.16	70.175397	36.16
4.827535	0.4	12.	-15.66	90.934158	36.16
5.176375	0.4	12.	14.03	61.67453	36.16
4.88143	0.4	12.	26.43	24.79	40.970937
4.533766	0.4	12.	-30.35	12.395921	36.16
4.75439	0.4	12.	42.1	29.630703	36.16
5.145954	0.4	12.	43.73	43.38	38.557828
5.318092	0.4	12.	15.66	15.	40.280308
5.15743	0.4	12.	15.66	27.07	38.735915
4.775942	0.4	12.	13.38	-81.54	36.257887
6.867924	0.4	12.	87.017692	-58.06	36.16
4.88083	0.4	12.	-16.64	-41.75	33.907048
5.349935	0.4	12.	-26.76	-35.705817	36.16
5.175383	0.4	12.	-77.67	7.926355	34.79
4.782156	0.4	12.	-70.49	0.892733	34.79
5.829628	0.4	12.	-56.78	8.81	34.406082
4.538632	0.4	12.	-50.144913	34.57	34.79
4.839362	0.4	12.	-46.66	47.357861	34.79
5.607149	0.4	12.	59.72	79.313332	34.79
5.039388	0.4	12.	-24.15	-9.287901	34.79
4.64957	0.4	12.	-17.62	-18.069953	34.79
5.183671	0.4	12.	-1.761794	-26.42	34.79
5.273696	0.4	12.	11.42	-33.6	36.48231
4.538051	0.4	12.	24.8	-36.86	34.847907
5.252025	0.4	12.	52.54	-16.96	38.390121
4.738277	0.4	12.	-45.395869	-18.59	34.17
5.344596	0.4	12.	-35.9	-25.69898	34.17
4.743018	0.4	12.	-32.31	37.194298	34.17
4.65188	0.4	12.	-19.600407	41.75	34.17
4.999322	0.4	12.	-10.77	35.82354	34.17
4.797143	0.4	12.	8.16	53.639548	34.22
6.233969	0.4	12.	81.083862	58.38	34.22
4.781817	0.4	12.	-18.6	76.98	33.568989
4.958489	0.4	12.	-28.192562	82.85	34.11
5.509664	0.4	12.	76.342609	-41.1	33.6
6.128895	0.4	12.	88.656332	-30.66	33.6
5.320688	0.4	12.	71.695968	-8.15	33.66
5.000014	0.4	12.	61.02	-1.322136	33.66
5.277694	0.4	12.	14.68	-49.2448	33.66
4.48723	0.4	12.	13.71	-59.237437	33.66
5.173192	0.4	12.	37.2	-40.292812	33.66
4.666131	0.4	12.	-41.44	30.33	32.143076
4.50169	0.4	12.	-33.566057	25.12	33.66
5.12223	0.4	12.	-39.81	13.54938	33.66
5.226026	0.4	12.	-3.5582	18.27	33.66
4.524429	0.4	12.	-1.63	28.7	30.843662
4.921402	0.4	12.	56.45	57.938163	33.6
5.216743	0.4	12.	63.96	68.82	34.007558
5.87089	0.4	12.	46.015812	78.93	33.37
4.485517	0.4	12.	30.738337	-15.66	33.37
4.94277	0.4	12.	9.79	-14.68	29.31445
4.50928	0.4	12.	2.61	-8.596097	33.37
4.697496	0.4	12.	13.71	-9.46	36.764618
4.924236	0.4	12.	15.01	37.18	36.972039
4.617504	0.4	12.	13.62996	45.99	32.75
4.570298	0.4	12.	62.846647	22.18	32.8
5.551016	0.4	12.	73.42	20.87	37.052746
4.520091	0.4	12.	81.91	29.247998	32.8
4.760978	0.4	12.	1.63	83.330227	32.8
5.62167	0.4	12.	-7.51	75.454364	32.8
4.629809	0.4	12.	-17.3	67.259184	32.8
5.322289	0.4	12.	-52.54	23.875521	32.8
4.507199	0.4	12.	55.15	-54.114735	32.23
4.525181	0.4	12.	62.	-46.32	32.210282
6.073439	0.4	12.	51.615754	-43.38	32.23
4.576243	0.4	12.	54.82	-29.029814	32.23
5.376619	0.4	12.	69.51	4.618292	32.23
4.871158	0.4	12.	63.278784	48.27	32.23
4.592552	0.4	12.	57.11	41.1	35.517223
4.758792	0.4	12.	48.160045	36.86	32.23
5.064244	0.4	12.	70.16	55.520085	32.23
4.629197	0.4	12.	34.92	20.22	31.415171
4.745071	0.4	12.	44.278932	19.24	32.23
5.46202	0.4	12.	29.04	-4.24	37.031896
4.867314	0.4	12.	77.67	-17.769115	32.23
5.457439	0.4	12.	35.9	58.754272	31.44
4.751977	0.4	12.	28.992156	68.17	31.44
5.838453	0.4	12.	35.9	90.02	26.358471
4.554517	0.4	12.	54.430845	90.35	31.44
5.348803	0.4	12.	39.10942	69.15	31.44
4.579314	0.4	12.	63.63	33.92	30.783494
5.107769	0.4	12.	53.833491	27.4	31.44
5.318049	0.4	12.	28.81955	50.56	31.44
4.554986	0.4	12.	21.21	58.06	29.212717
5.558122	0.4	12.	27.09	36.455907	31.44
5.755734	0.4	12.	-11.592661	50.23	31.44
4.661421	0.4	12.	0.33	58.939382	31.44
5.194019	0.4	12.	-10.171495	-6.85	31.44
5.43003	0.4	12.	-19.726186	-0.33	31.44
6.347143	0.4	12.	64.29	-18.92519	30.87
4.874646	0.4	12.	51.743367	-6.85	30.93
4.832085	0.4	12.	40.14	2.899603	30.93
4.895138	0.4	12.	51.23	5.34275	30.93
4.627814	0.4	12.	54.82	17.262798	30.93
7.126707	0.4	12.	81.58	13.593243	30.19
4.794105	0.4	12.	72.77	31.64	30.036057
4.724844	0.4	12.	90.287903	40.77	30.41
4.606638	0.4	12.	48.62	63.73626	30.41
4.953662	0.4	12.	45.69	54.147388	30.41
4.506291	0.4	12.	-24.47	59.314417	30.41
5.372142	0.4	12.	-26.76	49.25	33.475098
4.96963	0.4	12.	-29.40306	68.17	30.41
5.056984	0.4	12.	28.06	6.005036	30.41
5.248586	0.4	12.	-1.31	0.33	34.21195
4.553147	0.4	12.	7.83	-0.641532	29.96
4.582341	0.4	12.	-9.79	3.118171	29.96
5.059809	0.4	12.	-55.48	48.177626	29.96
4.737693	0.4	12.	-38.18	50.88	30.663426
4.534781	0.4	12.	40.46	-29.953411	29.68
5.000781	0.4	12.	65.92	-30.01	33.597231
5.667615	0.4	12.	-59.014257	36.21	29.11
4.823874	0.4	12.	41.12	-17.61	24.110983
5.896789	0.4	12.	63.63	-63.28	29.130676
4.64047	0.4	12.	-33.61	59.69	26.141452
5.047566	0.4	12.	70.81	41.1	27.296842
4.556768	0.4	12.	80.6	44.833245	27.74
5.022401	0.4	12.	17.280301	2.28	27.69
5.824809	0.4	12.	12.714249	15.33	26.09
5.348941	0.4	12.	23.5	25.77	25.872021
5.063559	0.4	12.	12.121435	27.07	26.09
5.169314	0.4	12.	36.55	31.867552	26.09
4.88866	0.4	12.	38.330088	42.73	26.09
4.482894	0.4	12.	19.25	81.22	24.359352
5.808378	0.4	12.	9.736646	75.02	26.09
4.543961	0.4	12.	4.223896	65.56	26.09
4.683768	0.4	12.	13.634846	62.95	26.09
4.681343	0.4	12.	34.327152	76.98	26.09
4.930714	0.4	12.	-10.44	87.74	26.184613
5.013868	0.4	12.	-23.970465	7.18	25.01
5.131813	0.4	12.	-17.3	22.916736	25.01
5.030893	0.4	12.	-25.78	30.33	27.391052
4.83806	0.4	12.	-8.227389	40.77	25.01
5.759348	0.4	12.	-14.492182	-22.83	24.62
4.903609	0.4	12.	-21.110857	-11.09	24.62
5.038359	0.4	12.	-74.398426	9.79	24.62
4.835012	0.4	12.	-58.74	4.378294	24.62
4.953764	0.4	12.	-7.51	59.137259	24.62
5.149846	0.4	12.	53.52	77.724319	23.99
4.502898	0.4	12.	77.67	56.003278	24.05
5.930439	0.4	12.	-23.638647	41.42	24.05
5.004837	0.4	12.	-37.2	35.950725	24.05
4.537415	0.4	12.	-48.285631	44.36	24.05
4.55086	0.4	12.	72.27383	-5.22	23.54
4.498626	0.4	12.	62.304106	-10.11	23.54
5.396836	0.4	12.	52.807342	-15.98	23.54
5.088428	0.4	12.	4.24	32.62	21.713139
5.710019	0.4	12.	1.63	18.425063	23.54
5.227218	0.4	12.	-10.12	29.03	19.531662
4.648718	0.4	12.	63.31	73.508887	23.54
4.579402	0.4	12.	-21.54	76.696361	23.54
5.138239	0.4	12.	-42.75	22.51	19.015542
4.705442	0.4	12.	15.01	39.025436	22.74
5.047189	0.4	12.	21.21	46.64	22.75714
5.924443	0.4	12.	9.46	50.303677	22.74
5.048344	0.4	12.	56.45	60.54093	22.74
5.042558	0.4	12.	43.4	78.28	22.095272
6.093426	0.4	12.	1.96	90.691092	22.74
5.491738	0.4	12.	69.18	63.982703	22.74
4.609126	0.4	12.	-11.372916	76.98	22.74
5.276005	0.4	12.	-17.591273	64.91	22.74
4.530537	0.4	12.	71.79	9.35884	21.89
5.352095	0.4	12.	66.9	18.288772	21.89
5.442004	0.4	12.	46.204948	34.57	21.83
4.493974	0.4	12.	57.43	44.994722	21.89
4.567103	0.4	12.	65.27	52.660281	21.89
4.957358	0.4	12.	33.61	21.00792	21.89
4.513274	0.4	12.	45.306601	17.94	21.89
5.215495	0.4	12.	29.7	-10.11	24.719011
5.144963	0.4	12.	64.364265	-46.97	21.89
5.125811	0.4	12.	58.09	-25.44	23.421868
4.790095	0.4	12.	-51.291001	28.05	21.89
5.664308	0.4	12.	68.050406	-62.95	17.74
4.80584	0.4	12.	62.833108	5.87	17.74
4.82484	0.4	12.	67.869146	31.96	17.74
4.98803	0.4	12.	78.97	17.120285	17.74
5.088137	0.4	12.	79.62	27.72	17.654322
4.688852	0.4	12.	78.637531	37.51	17.74
5.810244	0.4	12.	31.98	87.09	14.787608
4.486083	0.4	12.	27.74	58.38	20.5935
5.157413	0.4	12.	29.37	67.52	16.445651
5.221033	0.4	12.	18.644675	60.34	17.74
4.746658	0.4	12.	-26.357232	68.5	17.74
4.485946	0.4	12.	-32.83989	52.51	17.17
4.938774	0.4	12.	-33.61	42.664499	17.45
4.968442	0.4	12.	-12.73	52.48102	17.45
5.099421	0.4	12.	-54.5	40.443365	17.45
4.551413	0.4	12.	19.033925	71.11	16.94
4.674533	0.4	12.	40.46	68.5	20.414673
7.292936	0.4	12.	43.320871	53.82	16.94
5.192548	0.4	12.	27.74	35.55	19.35068
4.519414	0.4	12.	70.16	43.779653	16.32
5.885148	0.4	12.	84.85	48.036351	16.66
5.584813	0.4	12.	59.083177	24.14	16.66
4.660015	0.4	12.	-23.167323	52.19	16.66
7.325609	0.4	12.	-41.244238	61.97	15.86
5.664135	0.4	12.	-0.65	73.39	21.29379
6.267715	0.4	12.	10.12	83.548389	15.41
5.727752	0.4	12.	6.515031	63.93	15.46
5.193103	0.4	12.	0.65	49.887608	15.46
6.135662	0.4	12.	-5.22	83.670139	15.41
4.798777	0.4	12.	15.99	23.81	12.206344
4.857122	0.4	12.	-12.73	40.77	10.098962
4.654988	0.4	12.	-21.21	38.315045	13.7
4.607805	0.4	12.	73.42	56.449462	13.7
5.789287	0.4	12.	60.37	75.055726	13.02
6.281538	0.4	12.	-23.5	82.965329	13.02
5.604337	0.4	12.	9.14	36.430954	12.22
5.694573	0.4	12.	14.141077	46.97	12.22
6.142038	0.4	12.	-6.2	63.738312	12.22
6.214777	0.4	12.	-19.58	60.02	9.129145
5.471287	0.4	12.	-13.38	75.023265	12.22
4.655662	0.4	12.	42.42	75.864396	12.22
5.492618	0.4	12.	62.98	63.28	11.828934
4.602329	0.4	12.	58.969409	51.54	12.22
5.095684	0.4	12.	25.540526	45.01	12.22
5.84607	0.4	12.	52.181378	13.7	11.31
5.889321	0.4	12.	72.12	7.847926	11.31
4.696429	0.4	12.	50.58	28.628715	11.31
5.240065	0.4	12.	55.48	37.84	13.382593
4.730795	0.4	12.	41.44	24.044037	11.31
5.084516	0.4	12.	36.22	15.365066	11.31
5.689368	0.4	12.	69.18	21.2	11.290384
5.925375	0.4	12.	37.305457	38.16	11.31
4.686573	0.4	12.	49.93	63.93	8.028641
5.040199	0.4	12.	70.16	39.47	2.53538
5.761424	0.4	12.	61.749023	30.01	6.25
5.726091	0.4	12.	76.69	49.766849	6.25
6.164782	0.4	12.	84.52	37.694342	6.25
6.060943	0.4	12.	37.154907	67.84	6.25
6.58541	0.4	12.	21.315458	58.38	6.25
5.224187	0.4	12.	19.58	70.365718	6.25
6.743066	0.4	12.	7.83	70.816061	3.75
5.75351	0.4	12.	9.068049	56.43	3.75
5.923473	0.4	12.	36.908042	50.56	3.75
5.186739	0.4	12.	33.61	28.083179	2.39
5.573289	0.4	12.	21.54	33.562668	1.88
5.672577	0.4	12.	23.17	46.97	-2.076992
4.877823	0.4	12.	9.46	45.821277	1.93
5.208122	0.4	12.	40.14	80.524227	1.93
4.693588	0.4	12.	54.964968	52.84	1.93
5.053153	0.4	12.	67.88	56.192701	1.93
4.50413	0.4	12.	59.050173	62.95	1.93
6.536669	0.4	12.	56.173417	40.77	1.93
6.201599	0.4	12.	42.233303	39.14	0.
5.828612	0.4	12.	-13.71	48.731639	2.84
5.220771	0.4	12.	-26.76	62.95	-1.856905
6.116869	0.4	12.	-5.83	81.467274	1.71
6.195928	0.4	12.	-18.718379	71.15	1.71
5.968851	0.4	12.	-20.19	-29.982104	123.19
5.841869	0.4	12.	-15.62	-12.03	123.189883
4.588408	0.4	12.	-20.781619	0.04	120.41
4.842976	0.4	12.	-38.79	-20.18	125.474011
4.956935	0.4	12.	-41.680402	-28.99	120.75
5.470139	0.4	12.	-78.6	-58.02	115.978725
5.526712	0.4	12.	-81.54	-8.76	118.642743
4.985723	0.4	12.	-63.03198	-16.59	116.94
6.366678	0.4	12.	-50.776252	-17.24	116.32
5.345056	0.4	12.	-48.117511	-5.83	116.71
5.155162	0.4	12.	-54.860616	4.28	116.71
4.791763	0.4	12.	16.760828	-19.2	116.66
5.386732	0.4	12.	14.07	-9.42	118.614323
4.502889	0.4	12.	4.61	-7.46	115.995913
5.515468	0.4	12.	5.26	4.28	119.667313
4.706568	0.4	12.	26.719655	-31.27	115.63
4.578427	0.4	12.	-74.69	-1.503531	114.78
5.092615	0.4	12.	-69.242833	10.81	113.36
4.887712	0.4	12.	-17.899924	19.61	113.36
5.661444	0.4	12.	-8.12	22.22	117.637205
4.594877	0.4	12.	-26.814689	-28.66	112.68
5.304781	0.4	12.	-35.2	-38.77	114.348092
4.544786	0.4	12.	-44.34	-50.19	111.084797
4.498528	0.4	12.	-74.69	-43.66	116.316202
5.639455	0.4	12.	-69.47	-34.86	117.018056
5.071111	0.4	12.	-30.31	-78.24	115.070989
4.620594	0.4	12.	-27.7	-66.956463	111.82
5.053671	0.4	12.	-18.88	-86.07	116.569034
6.261272	0.4	12.	-22.47	-11.37	111.124048
4.737955	0.4	12.	-35.85	-26.88208	110.46
5.042877	0.4	12.	13.1	17.	107.791045
4.876537	0.4	12.	18.32	25.16	110.163409
5.406102	0.4	12.	-2.57	42.800378	105.63
5.62903	0.4	12.	-13.01	50.6	110.460983
4.99406	0.4	12.	-75.01	27.77	103.409366
5.298667	0.4	12.	-72.4	35.6	110.338282
4.66827	0.4	12.	-50.954074	28.75	105.12
5.473283	0.4	12.	-35.2	11.062859	105.4
4.835952	0.4	12.	-22.968501	7.54	105.4
5.906518	0.4	12.	-7.46	-28.610784	104.15
4.661971	0.4	12.	26.896769	-31.27	104.55
5.91555	0.4	12.	35.61	-61.28	103.598132
5.963694	0.4	12.	60.74	-63.56	103.8712
7.624462	0.4	12.	61.496027	-77.59	103.35
5.32517	0.4	12.	37.24	-76.61	99.380161
5.284549	0.4	12.	27.45	-86.305104	102.44
6.29395	0.4	12.	-40.286833	-98.79	102.16
4.532074	0.4	12.	-100.265075	-11.05	100.68
5.359997	0.4	12.	-18.85706	34.62	100.68
4.833075	0.4	12.	-43.03	34.62	104.116796
4.801686	0.4	12.	8.2	5.91	90.522356
5.015185	0.4	12.	-27.065474	15.05	93.69
4.976804	0.4	12.	-44.34	-10.860726	93.52
4.780358	0.4	12.	-13.840344	46.36	91.81
5.13598	0.4	12.	2.	27.422011	91.93
4.608418	0.4	12.	-1.26	-33.55	85.440383
4.591709	0.4	12.	-41.73	10.48	85.072816
4.723458	0.4	12.	-38.79	23.652622	89.37
4.761694	0.4	12.	-23.13	-13.763867	89.37
5.040853	0.4	12.	-15.62	33.575333	88.69
5.041742	0.4	12.	-19.86	21.57	86.92984
4.809839	0.4	12.	-32.59	38.21	90.90788
5.67428	0.4	12.	33.33	-83.78	86.349919
6.031757	0.4	12.	-20.84	10.89114	83.97
5.395321	0.4	12.	-13.66	0.535154	83.91
4.543543	0.4	12.	-0.364751	12.44	83.91
5.000239	0.4	12.	-2.24	1.02	83.7353
5.381377	0.4	12.	20.93	16.849008	83.74
4.71798	0.4	12.	26.57143	36.25	83.74
4.55492	0.4	12.	-46.825744	-31.92	83.29
4.689064	0.4	12.	-6.92138	-25.72	82.09
4.549715	0.4	12.	-9.42	19.687833	82.09
4.828879	0.4	12.	-20.819626	51.9	82.09
4.987823	0.4	12.	29.09	-31.92	81.505233
4.949231	0.4	12.	33.334174	-22.79	81.01
5.11945	0.4	12.	-21.5	-7.223133	81.01
4.911259	0.4	12.	1.180066	24.18	81.01
4.772693	0.4	12.	11.14	-43.99	84.779618
4.600606	0.4	12.	-58.7	-1.259482	79.93
4.526099	0.4	12.	-51.475352	-9.09	79.93
4.847443	0.4	12.	-82.85	-46.93	78.440008
4.807372	0.4	12.	-76.32	37.138182	79.93
5.813553	0.4	12.	-35.479186	-23.77	79.7
4.718407	0.4	12.	-30.96	-6.48	75.084728
4.872902	0.4	12.	-43.03	-1.047477	79.7
4.802979	0.4	12.	-2.555287	37.55	79.53
5.034659	0.4	12.	-4.2	52.23	75.120179
4.8333	0.4	12.	-19.54	23.53	76.66076
5.210469	0.4	12.	-13.01	44.672588	78.34
4.585926	0.4	12.	-64.275846	-37.47	78.17
6.543325	0.4	12.	-93.94	-53.41247	77.83
5.302264	0.4	12.	-25.09	-15.61	75.744868
4.884639	0.4	12.	8.85	43.1	75.532428
4.72885	0.4	12.	22.56	8.52	74.799606
4.933236	0.4	12.	-12.36	-0.28	71.070533
4.734178	0.4	12.	-0.28	13.09	73.637623
5.831409	0.4	12.	-1.26	-30.62	72.641189
5.28933	0.4	12.	20.884097	21.9	73.22
6.19844	0.4	12.	23.21	33.229728	73.22
5.696412	0.4	12.	9.328119	18.96	73.22
5.359687	0.4	12.	-82.85	-13.66	71.005169
4.716499	0.4	12.	11.372085	-47.9	70.95
5.259428	0.4	12.	26.47	-64.87	68.293528
6.175592	0.4	12.	24.84	-77.481101	70.95
5.673838	0.4	12.	42.14	-97.762802	70.95
4.95442	0.4	12.	-50.54	-32.9	66.456387
4.668038	0.4	12.	-5.51	-39.1	66.562686
5.05925	0.4	12.	29.739505	14.39	70.21
5.296664	0.4	12.	40.51	29.4	65.081653
4.724006	0.4	12.	-17.25	-53.154169	70.1
4.599212	0.4	12.	-22.15	-64.472348	70.1
5.950256	0.4	12.	-23.78	-87.7	72.1672
5.303513	0.4	12.	-38.46	-87.075524	70.1
5.395893	0.4	12.	20.6	0.04	64.669634
5.443564	0.4	12.	-79.599276	32.99	69.93
5.239636	0.4	12.	-64.36684	-9.74	69.93
5.687555	0.4	12.	-2.57	37.328186	68.9
4.786237	0.4	12.	-5.689648	-48.88	68.9
5.169725	0.4	12.	-35.85	-16.147223	68.11
4.942393	0.4	12.	-10.4	45.266346	68.33
4.53814	0.4	12.	9.51	63.65	69.222102
6.17402	0.4	12.	-0.61	1.67	71.829527
5.020885	0.4	12.	2.33	-9.42	69.447816
4.669721	0.4	12.	12.488099	30.38	67.99
4.933997	0.4	12.	-26.06	-0.106534	67.03
6.110653	0.4	12.	65.31	-23.315218	67.08
6.214978	0.4	12.	49.652612	0.04	65.95
5.713238	0.4	12.	52.685361	29.4	66.34
5.844206	0.4	12.	18.785772	11.79	65.43
5.082175	0.4	12.	60.41	17.764472	62.08
4.986415	0.4	12.	90.477017	0.04	62.08
6.374163	0.4	12.	21.68647	26.79	62.08
5.478077	0.4	12.	2.	18.799136	61.63
4.803836	0.4	12.	-33.57	-90.31	57.017439
4.963482	0.4	12.	-14.97	-93.57	57.354868
5.03427	0.4	12.	25.17	-105.262606	57.02
6.965995	0.4	12.	36.92	-89.33	54.388813
5.109363	0.4	12.	62.7	-92.049467	56.34
4.531226	0.4	12.	69.55	-82.633113	55.94
5.917298	0.4	12.	-24.43	-100.341174	55.83
5.341827	0.4	12.	-18.918831	-82.48	55.2
4.886628	0.4	12.	-42.05	67.497874	52.76
4.816974	0.4	12.	21.58	10.15	55.074574
5.347486	0.4	12.	13.409558	1.67	52.76
4.536185	0.4	12.	-5.83	-4.2	53.799934
4.733974	0.4	12.	-17.58	-4.362904	51.34
6.100424	0.4	12.	-20.52	-22.134006	51.34
5.007005	0.4	12.	71.83	12.44	53.223312
5.023453	0.4	12.	-4.2	-91.61	47.220833
7.651252	0.4	12.	-9.75	-101.4	39.154866
5.334371	0.4	12.	51.338714	-95.2	46.62
4.481235	0.4	12.	4.61	-6.532653	45.54
6.0393	0.4	12.	-23.78	-91.29	43.873142
5.572073	0.4	12.	-40.75	-85.09	44.855692
5.342426	0.4	12.	-72.08	-6.105145	43.89
5.391978	0.4	12.	-18.56	-80.2	43.620027
5.065341	0.4	12.	3.63	-96.319956	42.41
4.91528	0.4	12.	19.276159	-95.85	42.41
6.249342	0.4	12.	35.61	-93.89	38.308455
4.651479	0.4	12.	27.656652	-79.87	42.41
5.569822	0.4	12.	19.62	-72.683629	42.41
5.117094	0.4	12.	32.67	-68.45	37.50959
5.490434	0.4	12.	62.900703	-84.76	42.41
5.8498	0.4	12.	-31.29	-75.778415	40.14
7.888932	0.4	12.	-55.76	-71.39	35.962092
4.949378	0.4	12.	80.64	2.98	38.274646
5.056807	0.4	12.	84.56	-10.422137	38.32
5.759245	0.4	12.	-57.07	-27.36	36.396123
4.900027	0.4	12.	-18.350113	-58.02	36.73
6.171789	0.4	12.	-1.59	-85.175192	36.73
5.005442	0.4	12.	49.32	-86.859611	32.69
5.043644	0.4	12.	40.18	-76.57287	32.69
4.584883	0.4	12.	44.42	-66.5	35.474689
4.683912	0.4	12.	4.28	-52.8	31.956476
4.510882	0.4	12.	-1.008519	-61.6	32.69
4.486638	0.4	12.	2.98	-42.69	33.369784
5.503112	0.4	12.	-74.595428	-10.07	32.06
5.48039	0.4	12.	1.67	44.73	30.214317
5.05048	0.4	12.	-59.597104	-15.61	31.61
4.791866	0.4	12.	-61.31	-4.2	30.352836
5.617412	0.4	12.	24.443948	-82.48	30.41
4.774328	0.4	12.	18.32	-67.914969	30.41
4.48153	0.4	12.	-70.352424	-47.58	30.41
6.874586	0.4	12.	-64.9	-59.32	32.9758
4.644573	0.4	12.	-52.17	-35.4194	30.41
5.132899	0.4	12.	-18.69111	-76.28	29.22
5.212727	0.4	12.	72.81	-25.72	25.544338
5.421295	0.4	12.	-5.51	-68.78	26.481009
4.669142	0.4	12.	-16.6	-64.118036	26.66
4.850441	0.4	12.	-29.	-60.589559	26.66
5.510415	0.4	12.	59.11	-75.63	27.647201
4.669031	0.4	12.	26.863066	-68.13	25.64
4.888891	0.4	12.	11.46	-84.44	27.208768
5.277036	0.4	12.	7.87	-74.98	20.424081
5.029697	0.4	12.	-1.26	-78.89	27.360176
5.113406	0.4	12.	-27.7	-31.610429	25.18
5.498801	0.4	12.	-30.31	-69.76	20.846527
5.215106	0.4	12.	-49.535578	-62.26	24.73
4.765632	0.4	12.	-54.58463	-50.84	24.73
5.063388	0.4	12.	-63.59	-20.51	23.697842
4.80279	0.4	12.	-73.71	-23.361477	24.73
5.343505	0.4	12.	13.314955	-57.36	23.59
5.126725	0.4	12.	16.03	-44.64	24.035372
5.705903	0.4	12.	-44.34	-52.47	22.827406
5.210031	0.4	12.	2.98	-61.978011	21.77
4.598394	0.4	12.	4.94	-43.01	21.282402
4.91434	0.4	12.	43.402477	-65.19	21.77
6.687147	0.4	12.	36.92	-83.135137	21.77
5.928588	0.4	12.	49.249286	-80.2	21.77
5.579854	0.4	12.	-33.24	-13.114908	21.21
4.848442	0.4	12.	49.32	-44.639195	21.21
5.232688	0.4	12.	-52.5	-11.468232	21.21
4.816572	0.4	12.	-68.293154	-3.54	21.21
6.160825	0.4	12.	-80.603475	-10.07	21.21
5.110032	0.4	12.	-62.61	28.464356	19.44
6.078605	0.4	12.	-12.058152	8.2	19.44
4.93258	0.4	12.	11.46	6.819205	19.44
6.379036	0.4	12.	32.452117	2.65	19.44
5.717508	0.4	12.	46.05	7.611932	19.44
5.608462	0.4	12.	43.230752	-4.2	19.44
5.915562	0.4	12.	10.48	-4.2	19.771562
4.507282	0.4	12.	-2.89	-54.1	21.33057
5.397532	0.4	12.	-58.04	-29.31642	18.36
6.993787	0.4	12.	-64.24	-41.465384	18.08
5.870997	0.4	12.	33.65	-55.73	16.025654
5.282091	0.4	12.	26.455558	-65.84	15.46
7.587927	0.4	12.	23.86	-83.946873	14.89
7.880833	0.4	12.	1.35	-86.199011	15.18
6.335692	0.4	12.	-16.6	-71.39	9.655027
4.639716	0.4	12.	-8.721073	-63.89	15.18
6.893756	0.4	12.	-22.15	-58.410355	15.18
5.744973	0.4	12.	-34.87	-44.54567	15.18
5.08198	0.4	12.	-31.61	-31.27	12.29691
6.479562	0.4	12.	-49.89	-40.470282	14.67
5.881394	0.4	12.	-20.263559	-14.96	14.38
5.140134	0.4	12.	-29.836927	14.07	14.38
4.969014	0.4	12.	-28.02	27.812194	14.38
4.630557	0.4	12.	-53.8	11.79	15.020719
4.669734	0.4	12.	-68.49	7.807195	14.38
5.058659	0.4	12.	-0.06953	-25.72	14.1
6.37449	0.4	12.	17.594507	-52.47	13.08
6.411832	0.4	12.	31.882906	-41.05	13.08
4.771866	0.4	12.	22.56	12.44	12.015169
4.987896	0.4	12.	2.	15.985086	13.08
4.930522	0.4	12.	2.65	26.490506	13.08
5.191055	0.4	12.	-8.77	19.130163	13.08
4.557875	0.4	12.	-40.1	36.761356	12.11
4.890673	0.4	12.	-40.898243	14.07	12.39
4.636162	0.4	12.	60.41	-4.2	12.846233
5.238374	0.4	12.	70.85	-9.612928	12.39
5.997078	0.4	12.	70.53	-21.614202	11.88
6.171088	0.4	12.	-19.780263	-45.29	12.17
4.843908	0.4	12.	46.05	-51.17	14.285149
5.172963	0.4	12.	28.76	-9.258099	11.65
4.602915	0.4	12.	45.08	-12.38898	11.71
5.049755	0.4	12.	-49.56	24.161809	11.43
6.023916	0.4	12.	-43.930025	49.62	11.43
4.636873	0.4	12.	-12.68	28.75	7.338428
5.203843	0.4	12.	-2.57	35.92	13.561298
4.661393	0.4	12.	12.800386	-42.36	11.43
7.036355	0.4	12.	10.16	-64.87	11.448324
7.438341	0.4	12.	-47.450984	-21.16	10.69
6.666793	0.4	12.	-65.22	-19.53	11.662563
6.545891	0.4	12.	-71.42	-7.13	4.997444
5.768577	0.4	12.	-59.68	-2.623582	10.69
4.609085	0.4	12.	-35.2	-10.39	7.696858
5.551762	0.4	12.	-16.489223	-28.01	10.69
5.22118	0.4	12.	47.03	-41.613746	10.69
6.358048	0.4	12.	62.04	-40.765414	10.69
6.365238	0.4	12.	46.05	-68.13	5.478537
5.135803	0.4	12.	33.33	-70.41	5.89042
5.785037	0.4	12.	64.33	-27.68	2.540603
6.640892	0.4	12.	44.1	-1.59	4.400122
5.443463	0.4	12.	31.04	2.65	3.542565
4.996589	0.4	12.	43.44	10.48	4.613386
4.878135	0.4	12.	15.020276	-16.59	8.13
6.126164	0.4	12.	12.77	-1.352759	8.13
5.291365	0.4	12.	1.02	-6.411853	8.13
5.129194	0.4	12.	-12.36	3.725868	8.13
6.553381	0.4	12.	4.61	8.2	2.950682
5.549213	0.4	12.	-46.62	-3.850059	8.13
6.099509	0.4	12.	-2.24	-54.254864	8.13
7.151016	0.4	12.	26.47	-48.56	-2.753653
6.663171	0.4	12.	28.11	-29.64	3.497346
7.699001	0.4	12.	8.280206	-28.99	2.73
4.714075	0.4	12.	-17.25	-18.711164	2.73
4.776914	0.4	12.	-30.616381	-28.66	2.73
7.11299	0.4	12.	-29.	1.188743	2.73
5.60331	0.4	12.	-10.73	16.35	0.843173
6.155785	0.4	12.	6.89	21.57	-2.288684
5.015628	0.4	12.	21.91	11.79	-1.675244
7.218947	0.4	12.	-25.338759	23.53	2.73
4.890742	0.4	12.	-29.33	44.803825	2.27
5.794635	0.4	12.	-53.48	10.185243	1.88
5.672451	0.4	12.	-41.199816	17.	1.88
5.203437	0.4	12.	-13.66	37.88	-2.913293
7.049891	0.4	12.	26.2511	-15.29	1.19
4.684129	0.4	12.	54.54	-16.27	-2.563074
5.806011	0.4	12.	59.11	1.488643	1.19
5.724525	0.4	12.	49.97	26.907521	1.02
4.943702	0.4	12.	57.507176	16.35	1.02
6.188974	0.4	12.	63.35	23.85	-4.926041
6.682936	0.4	12.	-0.94	36.457892	0.97
5.485194	0.4	12.	-2.284867	60.38	0.97
5.884938	0.4	12.	33.	15.167632	0.74
5.171819	1.	11.	-28.67	-50.056747	127.23
5.84743	1.	11.	-12.36	-38.77	131.546879
4.347878	1.	11.	-6.476087	-56.06	126.15
4.682417	1.	11.	-23.45	-43.34	121.788246
4.591921	1.	11.	-38.79	-40.4	129.34501
5.235671	1.	11.	-14.32	-65.935967	125.58
5.674853	1.	11.	-24.11	-72.889429	123.14
4.890012	1.	11.	-61.63	-3.22	116.175694
4.679982	1.	11.	-69.419699	-9.42	118.42
4.459459	1.	11.	27.13	-5.5	113.490787
4.613147	1.	11.	20.6	3.79128	117.85
5.696534	1.	11.	17.419945	-68.13	117.62
5.303978	1.	11.	7.22	-75.96463	116.88
5.241201	1.	11.	21.268249	-55.73	116.83
4.432503	1.	11.	14.07	-33.23	116.047881
4.398689	1.	11.	-42.675506	18.31	115.8
4.367872	1.	11.	-36.338371	31.03	114.1
5.712127	1.	11.	-52.352722	15.05	114.55
4.819315	1.	11.	-69.79	-47.58	108.941078
4.803122	1.	11.	-61.346901	-43.66	113.02
4.602082	1.	11.	-19.86	-72.287047	113.07
4.393494	1.	11.	-65.166125	-70.74	111.03
5.064173	1.	11.	-48.91	-84.120079	110.4
4.367943	1.	11.	-27.04	-44.64	112.475748
4.791292	1.	11.	-49.23	-58.162517	109.83
5.074796	1.	11.	-64.24	-57.69	106.897843
4.619605	1.	11.	-56.74	-51.850278	109.83
5.758726	1.	11.	26.47	-67.47	110.377265
4.469361	1.	11.	20.856711	-78.24	109.44
4.473085	1.	11.	-27.264752	-88.68	107.84
4.901152	1.	11.	-35.368433	-74.98	106.99
5.195831	1.	11.	-37.49	-46.340308	104.77
4.332328	1.	11.	-54.13	-65.84	106.604316
5.963431	1.	11.	54.54	-8.44	108.904267
4.541769	1.	11.	37.57	-47.496395	105.57
4.48985	1.	11.	47.074581	-29.96	105.57
4.57248	1.	11.	39.85	-37.14	109.652813
4.779734	1.	11.	51.866515	-19.2	105.06
4.466225	1.	11.	-66.53	-15.61	102.246525
4.393062	1.	11.	-55.43	-6.684608	105.34
4.698982	1.	11.	-71.1	-30.918688	105.34
5.121469	1.	11.	-46.405685	-22.79	105.34
4.600294	1.	11.	-52.880712	-30.29	104.72
4.605338	1.	11.	-57.39	-17.544126	104.6
4.515176	1.	11.	11.757309	-37.47	104.6
4.335868	1.	11.	7.85228	-48.56	104.6
4.892281	1.	11.	9.51	-58.474816	104.6
4.659656	1.	11.	6.89	-69.11	108.55676
4.71319	1.	11.	21.58	-1.91	105.918139
5.222474	1.	11.	-3.55	-18.22	107.068071
4.827724	1.	11.	13.25764	-14.96	104.32
4.436808	1.	11.	-9.1	-39.088894	104.32
4.49834	1.	11.	-18.23	-48.988667	104.38
5.604368	1.	11.	-66.820184	-5.18	103.64
4.473016	1.	11.	-50.86	-84.996708	99.94
4.54931	1.	11.	-63.59	-74.172855	99.54
5.626487	1.	11.	-44.504342	-53.12	99.37
4.417655	1.	11.	-54.997035	-49.54	99.37
4.729989	1.	11.	-53.48	-58.667785	98.98
4.586755	1.	11.	24.84	-69.785121	99.2
4.884459	1.	11.	16.290127	-65.19	99.2
4.535701	1.	11.	31.37	-39.75	99.974346
4.463863	1.	11.	-27.963396	-87.37	96.3
4.906414	1.	11.	-64.426882	-56.38	95.79
4.821106	1.	11.	-44.66	-63.853304	95.85
4.600708	1.	11.	-76.64	-22.774963	95.
4.746222	1.	11.	-53.8	-32.9	92.221365
4.396589	1.	11.	-53.48	-13.888025	93.12
4.8989	1.	11.	-58.04	-79.176507	92.1
4.428343	1.	11.	-60.	17.33	88.474784
5.300828	1.	11.	-63.59	5.91	90.594056
4.899105	1.	11.	-83.5	6.100572	90.28
5.032824	1.	11.	-43.487264	-0.61	90.16
5.704129	1.	11.	48.66	-72.087762	97.73
4.84761	1.	11.	63.02	-39.75	101.404573
4.777429	1.	11.	60.41	-28.99	101.162847
4.402023	1.	11.	36.92	-32.284074	95.
4.433479	1.	11.	32.922142	-50.84	94.94
4.584728	1.	11.	-39.12	-56.71	90.235794
4.755176	1.	11.	-19.01198	-73.02	94.09
4.524094	1.	11.	17.66	-66.82	89.624405
4.649432	1.	11.	24.587128	-4.85	93.4
4.763751	1.	11.	33.65	-2.89	97.717994
4.372294	1.	11.	57.213797	-6.15	93.01
4.50047	1.	11.	-34.22	-93.811119	92.61
4.835925	1.	11.	-21.17	-106.437567	92.15
4.508001	1.	11.	-0.94	-24.731833	92.44
4.963701	1.	11.	-4.53	-15.29	87.637076
5.163108	1.	11.	8.073944	-18.55	91.24
4.634127	1.	11.	16.03	-53.78	91.386145
4.582008	1.	11.	-20.84	-49.54	92.215075
5.153826	1.	11.	-28.071978	-39.1	91.19
4.567164	1.	11.	-44.66	-41.143635	90.73
4.388675	1.	11.	-37.81	54.515923	90.51
4.670315	1.	11.	42.343854	-79.54	90.51
4.69292	1.	11.	67.27	-1.060999	90.51
5.295658	1.	11.	-37.81	-30.80747	89.99
5.02738	1.	11.	-26.06	-30.62	85.221567
4.780472	1.	11.	-90.017203	-33.88	89.31
4.486752	1.	11.	-81.213828	-29.64	89.31
4.843744	1.	11.	-53.706019	-56.71	88.97
4.393173	1.	11.	4.61	-80.52	91.666661
4.625081	1.	11.	13.75	-76.282619	87.95
4.499657	1.	11.	10.48	-60.62	88.126271
4.438885	1.	11.	48.66	-59.65	91.384
4.431008	1.	11.	-50.54	41.7569	87.83
4.581922	1.	11.	-87.269441	-12.03	87.83
4.64157	1.	11.	-40.42	-70.41	84.695179
5.128585	1.	11.	-52.17	-86.70384	86.98
4.74762	1.	11.	34.96	-40.774429	86.53
4.416032	1.	11.	50.95	-44.64	83.689289
4.465279	1.	11.	81.945265	-26.05	86.53
5.662076	1.	11.	75.914374	-10.72	86.53
4.801591	1.	11.	71.18	9.5	85.879849
5.17443	1.	11.	40.51	27.77	91.180765
4.619252	1.	11.	33.33	45.17692	86.13
4.599028	1.	11.	13.1	59.08	89.517099
5.433197	1.	11.	22.23	-22.79	82.831964
4.828093	1.	11.	-2.24	-58.67	83.728248
5.41917	1.	11.	-67.18	-56.240551	85.62
4.468721	1.	11.	-58.04	-52.14	81.877514
4.507361	1.	11.	-41.4	-61.6	82.344544
4.479063	1.	11.	20.016281	6.24	84.82
4.766492	1.	11.	-46.62	-53.78	82.120338
4.817109	1.	11.	-38.14	-49.21	84.056672
4.919113	1.	11.	61.338557	8.2	82.89
4.48351	1.	11.	48.882521	-5.18	82.89
4.764804	1.	11.	50.3	8.162475	82.89
5.05915	1.	11.	47.36	22.947265	82.89
4.364528	1.	11.	15.38	-65.19	80.074763
5.412164	1.	11.	-34.19211	-37.14	81.75
4.364334	1.	11.	-55.212438	-36.49	81.75
4.399288	1.	11.	-55.11	-27.03	82.29182
5.458193	1.	11.	-64.042868	-80.85	81.75
4.72827	1.	11.	-55.11	22.044732	81.75
4.512983	1.	11.	-64.57	26.295845	81.24
4.449502	1.	11.	14.07	-14.31	80.869252
4.53363	1.	11.	19.3	-6.794406	81.41
4.845337	1.	11.	29.09	-1.618418	81.41
4.434293	1.	11.	15.71	-53.374827	81.41
4.537466	1.	11.	17.99	-35.18	79.83435
4.345032	1.	11.	-75.149851	-4.85	80.16
4.373134	1.	11.	-77.95	3.3	83.066525
4.572027	1.	11.	-86.43	3.3	77.736313
4.342394	1.	11.	-32.802519	53.21	80.22
4.95317	1.	11.	-81.54	-25.143475	78.06
4.372161	1.	11.	-94.768049	-28.66	78.06
4.495254	1.	11.	-90.003319	-36.81	78.06
4.478888	1.	11.	-51.780077	-60.62	78.06
5.291092	1.	11.	60.41	-62.610811	78.06
5.341564	1.	11.	50.62	-58.99	80.259247
4.506131	1.	11.	69.55	-1.91	80.918052
4.418789	1.	11.	49.64	18.96	74.562434
4.373749	1.	11.	6.24	-32.9	79.782013
5.048933	1.	11.	0.37	-20.054953	77.26
4.371245	1.	11.	-9.493159	7.22	77.26
4.664592	1.	11.	-44.690996	-69.76	76.24
4.521672	1.	11.	-53.060125	-86.72	76.18
4.856455	1.	11.	-45.97	-79.332017	76.18
5.094862	1.	11.	-0.565005	-81.17	76.24
4.479225	1.	11.	2.723501	-66.17	76.24
4.863262	1.	11.	46.05	-77.584664	75.61
4.512927	1.	11.	61.39	-37.02245	75.61
4.462802	1.	11.	51.28	-23.77	72.31165
4.45255	1.	11.	50.95	-49.714668	75.61
5.058219	1.	11.	31.04	-14.31	75.761583
4.519318	1.	11.	12.77	-27.390875	75.67
5.424253	1.	11.	2.65	-41.835879	75.21
4.687339	1.	11.	-11.38	30.763409	75.21
4.680695	1.	11.	-29.33	27.299628	75.21
4.732393	1.	11.	5.798287	52.88	74.42
4.874673	1.	11.	16.606077	49.62	74.42
5.921331	1.	11.	23.54	69.635803	74.42
4.633153	1.	11.	33.98	37.435546	74.42
4.744227	1.	11.	53.983911	39.51	74.42
5.578677	1.	11.	43.77	48.64	68.973779
4.915942	1.	11.	-41.087457	11.13	73.79
4.366853	1.	11.	-91.66	-19.53	75.345686
5.004291	1.	11.	-56.74	-54.75	69.140905
6.336239	1.	11.	-62.61	-63.540581	73.51
4.43916	1.	11.	-39.77	-46.27	75.185998
5.188919	1.	11.	-65.22	4.61	73.261921
4.385333	1.	11.	-53.15	56.436483	73.11
5.042665	1.	11.	-22.47	11.79	72.978095
4.991789	1.	11.	-19.86	36.57	68.580841
4.540261	1.	11.	47.406563	8.85	72.65
4.43001	1.	11.	57.587259	8.85	72.65
5.551071	1.	11.	68.141951	9.83	72.65
5.012022	1.	11.	23.018066	-43.66	72.26
4.507773	1.	11.	9.777435	-60.3	72.26
4.981847	1.	11.	1.67	-55.26318	72.26
4.554447	1.	11.	-10.07	17.447776	71.52
4.728395	1.	11.	-29.33	44.4	71.84254
4.865453	1.	11.	-48.658408	47.34	71.52
4.413542	1.	11.	-33.993107	-38.77	71.12
4.725817	1.	11.	-24.43	-42.043566	71.18
4.571043	1.	11.	-40.057087	-29.31	71.18
4.406058	1.	11.	-54.158024	-25.07	71.18
4.366163	1.	11.	-59.02	-34.437435	71.18
4.357153	1.	11.	-69.47	-26.786295	71.18
4.528801	1.	11.	-38.400919	-54.1	70.66
4.661492	1.	11.	15.38	-67.483096	70.72
5.934174	1.	11.	38.87	-70.057866	69.98
4.432048	1.	11.	42.14	-56.128324	70.44
5.09904	1.	11.	21.25	-30.644159	70.27
4.427702	1.	11.	22.88	-12.03	67.893687
5.418729	1.	11.	12.44	-15.29	66.904273
4.509946	1.	11.	-53.8	18.96	73.032247
5.485894	1.	11.	-76.422	-1.91	68.67
4.354884	1.	11.	-47.28	-54.1	72.90744
5.451481	1.	11.	-62.61	-81.488783	68.67
5.596366	1.	11.	43.77	17.	64.744271
4.378255	1.	11.	-77.815197	-30.62	67.59
5.660181	1.	11.	-85.46	-38.883792	67.59
5.348665	1.	11.	-45.97	-20.83	67.016068
4.457378	1.	11.	-70.44	-37.47	69.617766
4.950673	1.	11.	-47.6	-64.407267	66.97
4.404132	1.	11.	5.720172	-34.86	66.06
4.683124	1.	11.	-33.57	9.18	65.602263
5.269858	1.	11.	-36.83	19.826281	66.12
5.232267	1.	11.	-51.653328	-84.11	66.
4.350605	1.	11.	52.147221	-51.49	66.
4.393	1.	11.	6.89	-24.844266	65.55
4.347857	1.	11.	-40.42	3.352854	64.35
4.728074	1.	11.	-50.86	34.59138	64.35
4.403807	1.	11.	47.189113	-81.5	63.22
4.505437	1.	11.	2.65	-78.24	62.901125
4.606141	1.	11.	-34.55	-80.287805	63.16
4.624327	1.	11.	-60.50803	-67.15	63.22
4.837418	1.	11.	31.04	-21.173856	62.71
4.422176	1.	11.	5.26	8.2	60.31846
4.771704	1.	11.	-8.543633	5.91	62.71
4.793035	1.	11.	-21.17	-10.755022	62.19
4.583223	1.	11.	-42.313967	-9.09	62.65
4.463085	1.	11.	-30.061772	-8.11	62.65
4.36658	1.	11.	-51.52	-11.37	66.552429
4.362784	1.	11.	52.58	12.44	59.082744
4.899156	1.	11.	-9.42	21.37195	61.45
4.427502	1.	11.	-21.287	11.79	61.45
4.576177	1.	11.	-20.52	24.18	60.859646
4.40674	1.	11.	-27.7	17.88128	61.45
4.718709	1.	11.	-55.76	53.562157	61.06
4.466313	1.	11.	-31.29	42.281736	61.17
5.761614	1.	11.	5.26	47.99	61.724078
5.652984	1.	11.	13.42	39.18	62.161149
5.091738	1.	11.	1.321591	30.38	61.23
4.362705	1.	11.	48.99	39.84	59.767104
4.582577	1.	11.	-44.01	11.590425	60.6
5.276886	1.	11.	-31.534957	-37.79	60.6
4.378736	1.	11.	-41.4	-34.53	62.125666
4.343679	1.	11.	-41.73	-43.34	64.86733
5.114424	1.	11.	13.183997	-71.39	60.6
4.478546	1.	11.	10.590058	-40.73	60.6
5.137505	1.	11.	7.87	-51.050603	60.6
4.603523	1.	11.	-0.94	-44.256218	60.03
4.333632	1.	11.	-3.22	-26.602118	59.86
5.42477	1.	11.	24.19	-36.545333	59.86
4.441059	1.	11.	36.92	-42.809475	59.92
4.691749	1.	11.	43.352443	-26.05	59.86
4.707068	1.	11.	38.58594	-15.29	58.67
6.240962	1.	11.	-34.22	52.639836	58.9
5.318574	1.	11.	-39.12	-58.683604	57.99
5.127036	1.	11.	15.05	-30.62	60.259478
4.841578	1.	11.	56.82	-54.754327	57.76
4.885178	1.	11.	57.15	-43.121993	57.76
4.921654	1.	11.	-54.979116	24.83	57.53
4.624645	1.	11.	-64.57	18.359353	57.48
4.682305	1.	11.	12.44	88.442372	57.36
5.074691	1.	11.	-80.89	-3.54	50.929497
4.489606	1.	11.	-47.6	-64.700216	55.71
5.289997	1.	11.	-47.28	-47.877419	55.71
4.342117	1.	11.	-70.44	-38.12	60.042624
4.825939	1.	11.	-70.44	-28.33	59.607997
4.748393	1.	11.	-48.58	-85.74	51.884938
4.770474	1.	11.	-44.01	-94.09389	55.88
5.056166	1.	11.	6.24	-33.88	55.565501
5.591835	1.	11.	-45.64	-25.07	55.504034
4.460622	1.	11.	-35.53	-26.942167	55.6
5.184454	1.	11.	-33.184672	63.65	55.6
4.685593	1.	11.	-32.221658	11.13	55.03
4.458761	1.	11.	-48.25	2.33	59.056054
4.788019	1.	11.	-58.257699	-42.69	55.14
5.396502	1.	11.	-89.701764	-36.49	54.86
4.646024	1.	11.	-71.75	-54.189186	54.86
4.657361	1.	11.	-94.421517	-24.75	54.75
4.355033	1.	11.	-71.1	-0.449703	54.8
5.537465	1.	11.	11.711321	16.35	54.58
4.715971	1.	11.	30.902958	-28.66	54.58
4.606335	1.	11.	73.563361	1.02	54.41
4.894643	1.	11.	42.695644	10.15	53.78
4.753397	1.	11.	-37.053262	-69.11	52.87
4.393649	1.	11.	-46.3	-73.02	51.064519
4.573032	1.	11.	45.08	-76.93	54.297855
4.398073	1.	11.	-37.16	-6.650044	52.36
4.653062	1.	11.	-49.518834	-3.87	52.36
5.484214	1.	11.	-60.33	-3.87	51.603473
4.56276	1.	11.	-43.36	57.45	51.487479
4.391614	1.	11.	34.532112	39.51	52.36
4.811163	1.	11.	38.87	47.99	50.692767
4.428269	1.	11.	61.063654	46.03	52.42
4.689537	1.	11.	48.885623	-9.09	51.79
4.87334	1.	11.	2.781817	1.02	52.07
4.960041	1.	11.	-12.443421	10.15	52.07
4.360496	1.	11.	-31.29	-45.867269	51.28
4.632722	1.	11.	-31.94	-56.370393	51.28
4.781687	1.	11.	-32.26	-79.737191	51.28
4.9582	1.	11.	-56.751671	-72.04	51.28
4.725459	1.	11.	-58.554307	-62.26	51.28
4.3683	1.	11.	-22.47	13.913617	51.28
4.471016	1.	11.	-15.558797	23.85	51.28
4.584186	1.	11.	-5.83	26.254972	51.28
4.361944	1.	11.	51.28	7.523413	51.22
4.84723	1.	11.	63.35	14.07	47.246552
4.347326	1.	11.	53.89	17.66	48.867646
4.576469	1.	11.	38.530716	-24.42	50.26
5.187595	1.	11.	-52.82	55.083188	50.71
4.579408	1.	11.	4.663688	47.66	50.82
5.313857	1.	11.	9.51	60.71	54.717512
4.569335	1.	11.	35.9918	-5.83	50.6
5.264292	1.	11.	-42.05	2.751883	50.6
4.539132	1.	11.	49.64	-21.81	51.219091
5.473135	1.	11.	66.29	-44.64	48.125535
4.333582	1.	11.	-32.37043	-34.86	50.08
4.430847	1.	11.	-23.45	-74.128164	50.08
4.719319	1.	11.	-38.14	-62.26	45.551292
4.834316	1.	11.	11.14	-73.534903	50.08
4.42185	1.	11.	1.398912	-75.63	50.08
5.140887	1.	11.	13.1	-8.569385	50.08
4.363538	1.	11.	45.73	20.615775	50.08
4.894331	1.	11.	48.66	39.946418	49.46
5.941534	1.	11.	78.390463	50.93	49.46
4.81533	1.	11.	22.23	22.19444	49.46
4.396573	1.	11.	13.75	48.600542	49.35
4.332911	1.	11.	14.07	35.640815	49.29
4.583675	1.	11.	-25.09	22.87	50.288034
4.351578	1.	11.	0.04	-28.158042	49.35
4.375421	1.	11.	38.87	-35.18	52.65783
4.943541	1.	11.	-40.326811	14.07	49.35
4.369275	1.	11.	-7.175645	34.94	49.35
5.182746	1.	11.	-60.582083	-26.7	49.35
4.402236	1.	11.	68.394045	-56.38	49.18
5.382129	1.	11.	-24.76	2.31414	48.72
4.37387	1.	11.	2.33	12.76	47.376106
5.70532	1.	11.	-1.59	68.54	46.891827
4.901003	1.	11.	-2.89	53.21	49.03656
4.998981	1.	11.	-18.651762	66.26	48.04
4.981958	1.	11.	18.667761	-30.62	47.07
4.786525	1.	11.	-41.4	-53.12	49.057614
4.697455	1.	11.	-29.33	-66.992974	47.07
4.60562	1.	11.	-60.321207	17.	47.07
4.797805	1.	11.	-57.72	26.895014	47.07
4.697637	1.	11.	-67.118652	24.83	47.07
4.385023	1.	11.	15.05	83.54	48.85857
4.809526	1.	11.	39.2	-13.995655	47.07
4.503375	1.	11.	34.31	20.92	46.091451
4.383884	1.	11.	38.22	28.75	48.053758
4.92952	1.	11.	24.52	33.64	50.61929
4.799156	1.	11.	50.3	-84.44	47.999662
5.049449	1.	11.	47.36	-56.954342	46.33
5.203914	1.	11.	29.479316	-62.26	46.33
4.763105	1.	11.	17.66	-58.938612	46.33
5.161584	1.	11.	-0.703315	-54.1	46.33
4.804391	1.	11.	26.266855	-38.12	46.33
4.683656	1.	11.	-49.23	-60.512762	46.33
5.041554	1.	11.	-30.984865	42.12	46.33
4.771685	1.	11.	-45.64	-31.92	44.936534
4.390234	1.	11.	44.112764	-36.16	44.68
4.606856	1.	11.	-51.52	-50.896885	45.2
4.838108	1.	11.	-55.11	-34.636488	45.2
4.815521	1.	11.	-74.69	-15.94	41.777515
4.855449	1.	11.	-82.52	-35.165386	44.85
4.368588	1.	11.	21.25	-20.83	40.076348
4.359771	1.	11.	-63.753509	-38.77	44.17
4.457235	1.	11.	6.6004	-26.38	43.6
4.627043	1.	11.	-3.87	-46.27	41.094267
4.98544	1.	11.	42.79	11.704332	43.6
4.593839	1.	11.	-39.12	-9.74	41.761569
4.802076	1.	11.	-49.56	-5.49144	42.18
5.092388	1.	11.	-61.63	-8.838192	42.18
4.448469	1.	11.	-59.02	-44.64	39.578618
4.578251	1.	11.	-6.81	-33.88	40.356902
4.426681	1.	11.	-18.258757	-33.23	41.73
4.423898	1.	11.	59.76	-24.806543	41.73
4.427183	1.	11.	59.43	-37.297339	41.73
4.522502	1.	11.	-60.593813	-19.2	41.73
4.51596	1.	11.	34.63	35.6	40.049307
4.768078	1.	11.	32.35	7.54	46.444451
5.692614	1.	11.	-46.95	58.832175	41.73
4.805397	1.	11.	-37.960845	2.33	40.59
4.441565	1.	11.	-55.981152	52.23	40.59
4.386753	1.	11.	-27.452545	20.27	39.45
5.290962	1.	11.	64.823799	-55.08	38.26
4.496471	1.	11.	-28.02	0.37	38.336269
4.774493	1.	11.	-70.769836	18.63	37.07
4.569126	1.	11.	-62.61	27.12	38.408454
4.916469	1.	11.	34.63	-52.47	33.054255
4.725272	1.	11.	52.25	-73.528976	37.07
4.996424	1.	11.	-38.14	-57.04	32.428089
4.411043	1.	11.	-26.005662	-66.17	37.07
4.746544	1.	11.	39.2	-6.8366	36.67
4.587374	1.	11.	19.95	-28.33	33.791583
4.652587	1.	11.	-38.190869	-35.18	36.73
4.992241	1.	11.	-28.759267	-54.43	36.73
5.116771	1.	11.	-10.07	24.83	41.134385
4.706292	1.	11.	3.741137	12.11	36.73
4.334745	1.	11.	-44.66	20.59	37.949204
4.801923	1.	11.	25.070204	-60.95	36.1
5.21117	1.	11.	24.943569	-49.54	36.1
4.818019	1.	11.	45.470505	-56.06	36.1
4.471674	1.	11.	-35.2	-65.19	37.039158
4.841293	1.	11.	-35.296446	-46.93	36.1
4.429764	1.	11.	-50.54	-59.54334	36.1
5.606787	1.	11.	-76.351858	-26.05	35.59
5.035903	1.	11.	-48.58	-44.97	30.223807
4.407672	1.	11.	-56.09	-52.275021	35.13
4.476531	1.	11.	-12.68	-50.537392	35.13
4.73654	1.	11.	-66.886578	-21.48	35.02
5.162543	1.	11.	-76.32	-38.45	31.839837
5.198494	1.	11.	-88.920923	-30.94	34.56
5.57447	1.	11.	-84.484739	-17.24	34.56
5.96622	1.	11.	-85.918372	-3.54	34.56
4.790263	1.	11.	-42.05	-74.979206	34.62
4.523551	1.	11.	-45.64	-52.14	37.877628
5.273921	1.	11.	-65.22	-37.47	30.020762
4.463573	1.	11.	-9.983516	-30.94	31.61
4.348291	1.	11.	-20.243979	-29.31	31.61
4.757127	1.	11.	-29.	-18.22	32.187824
5.073872	1.	11.	-45.007482	-9.09	31.61
4.556645	1.	11.	-51.52	-1.827695	31.61
4.525092	1.	11.	11.14	-23.12	35.19456
4.721102	1.	11.	30.72	-29.529197	30.7
4.433049	1.	11.	0.403849	-34.86	29.96
5.074712	1.	11.	-40.320003	1.67	29.39
4.925687	1.	11.	62.37	-36.49	26.650577
4.641346	1.	11.	47.512626	-23.12	29.22
4.756409	1.	11.	19.62	-14.896878	28.71
4.366115	1.	11.	-28.02	19.297421	28.08
4.535024	1.	11.	0.294975	-16.59	28.25
5.296542	1.	11.	-60.179518	18.31	27.4
4.621056	1.	11.	-3.55	-42.69	26.273691
4.420246	1.	11.	-41.73	-35.84	27.370363
4.905904	1.	11.	-32.59	-51.123013	26.09
4.707666	1.	11.	-33.362381	-39.75	26.09
4.423408	1.	11.	25.271919	-48.56	26.09
4.35038	1.	11.	43.650765	-52.47	25.75
5.092087	1.	11.	26.402142	-58.34	25.81
4.697585	1.	11.	30.06	-21.16	25.398619
4.860781	1.	11.	-20.84	-41.38	24.435572
4.635966	1.	11.	8.85	-25.386034	24.39
5.238838	1.	11.	-3.87	-27.842427	24.39
4.834732	1.	11.	21.210879	-26.7	24.39
4.360595	1.	11.	-43.03	-14.802022	23.88
4.480466	1.	11.	15.307086	-34.21	23.88
4.693852	1.	11.	-37.81	8.85	20.305306
5.004908	1.	11.	-12.252489	-48.56	23.88
4.52383	1.	11.	-43.69	-24.522881	23.88
4.707617	1.	11.	25.5	-36.81	24.842906
4.597724	1.	11.	34.31	-48.010113	23.65
4.444562	1.	11.	39.85	-40.037751	23.59
5.674035	1.	11.	74.44	-36.16	22.299741
4.46035	1.	11.	-16.93	-33.049379	21.03
4.908888	1.	11.	-1.04401	-8.11	21.03
4.920425	1.	11.	57.8	-60.277626	20.12
4.836745	1.	11.	52.58	-33.992214	19.39
5.19016	1.	11.	65.63	-31.92	17.481026
4.641285	1.	11.	58.78	-16.59	14.964549
5.146848	1.	11.	35.521276	-29.64	19.39
4.913855	1.	11.	-17.164963	-2.24	18.59
5.352875	1.	11.	-7.79	-34.86	13.803408
5.250072	1.	11.	-45.92379	0.04	18.25
4.564613	1.	11.	-6.008807	-15.94	18.19
4.445267	1.	11.	6.24	-15.451761	18.19
5.04236	1.	11.	15.989715	-15.94	18.19
4.443335	1.	11.	44.956971	-27.68	18.19
4.773329	1.	11.	13.42	-26.739504	14.04
4.455999	1.	11.	-27.37	-0.629496	14.1
4.831403	1.	11.	31.7	-18.832369	14.1
4.954146	1.	11.	51.3965	-21.81	11.37
4.664443	1.	11.	41.16	-21.48	10.290742