5.531575	0.4	12.	30.67	-101.066889	15.01
7.559097	0.4	12.	61.68	-130.14	12.146669
5.919503	0.4	12.	49.530424	-181.03	19.61
4.966107	0.4	12.	34.569044	-114.81	20.58
5.035303	0.4	12.	35.55	-150.36	15.39582
6.210299	0.4	12.	18.29681	-160.47	14.89
5.975625	0.4	12.	65.9	-202.007878	14.78
4.556065	0.4	12.	81.24	-171.89	11.287185
7.601763	0.4	12.	84.83	-151.621848	14.78
7.105149	0.4	12.	99.19	-174.046563	14.78
5.841142	0.4	12.	-12.09	-132.231214	15.46
7.026897	0.4	12.	0.96	-107.96	8.793701
7.279577	0.4	12.	65.58	-111.22	12.560595
7.858034	0.4	12.	81.89	-115.564307	16.54
6.068369	0.4	12.	93.97	-109.326334	20.92
5.290593	0.4	12.	83.85	-101.830818	20.92
6.263308	0.4	12.	133.45	-132.09	11.156752
5.546977	0.4	12.	118.12	-131.93005	14.16
8.204247	0.4	12.	126.6	-114.48	10.571192
5.011696	0.4	12.	114.53	-108.347438	14.16
8.042711	0.4	12.	111.799484	-86.1	14.38
5.741106	0.4	12.	97.88	-93.036994	14.38
5.084325	0.4	12.	76.35	-80.89	12.826868
5.013578	0.4	12.	49.26	-77.827499	16.88
4.71936	0.4	12.	31.561942	-84.15	16.88
5.850639	0.4	12.	-3.6	-151.01	17.070828
6.884417	0.4	12.	70.8	-60.99	13.876267
5.431395	0.4	12.	84.996985	-61.64	18.93
5.228485	0.4	12.	75.612867	-47.94	18.93
6.492089	0.4	12.	53.667344	-61.31	18.93
5.353859	0.4	12.	33.27	-68.420135	18.93
5.211896	0.4	12.	98.59316	-71.43	18.99
6.348713	0.4	12.	121.7	-71.43	14.417557
7.092076	0.4	12.	20.54	-123.430212	20.12
5.184722	0.4	12.	60.68	-180.69	18.4383
4.703059	0.4	12.	57.515841	-90.02	23.02
6.860463	0.4	12.	115.903035	-151.99	23.02
4.762399	0.4	12.	135.736097	-163.41	23.02
5.201142	0.4	12.	71.78	-181.35	19.197815
5.471985	0.4	12.	74.357835	-193.09	23.93
6.655135	0.4	12.	54.98822	-192.76	23.93
6.406838	0.4	12.	46.478045	-207.77	23.88
4.770819	0.4	12.	68.84	-88.092245	24.16
5.144367	0.4	12.	118.44	-118.39	21.82865
4.681702	0.4	12.	105.06	-110.923514	24.56
5.66802	0.4	12.	113.22	-100.78	22.771356
6.67663	0.4	12.	135.480242	-113.5	24.56
5.462548	0.4	12.	129.121546	-132.09	24.45
5.350806	0.4	12.	101.8	-84.837082	24.84
6.084524	0.4	12.	88.09	-81.86	20.436616
5.544914	0.4	12.	74.06	-71.43	25.762432
6.122482	0.4	12.	9.24386	-161.45	25.01
4.813139	0.4	12.	80.91	-175.278909	25.01
6.06142	0.4	12.	82.55	-164.06	21.786225
4.957804	0.4	12.	100.49	-185.59	23.303232
4.691125	0.4	12.	92.891554	-177.11	24.96
4.636071	0.4	12.	108.65	-176.573858	25.07
7.158545	0.4	12.	108.33	-164.39	23.419953
5.63944	0.4	12.	101.8	-152.521826	25.07
4.825913	0.4	12.	119.75	-176.001901	25.07
5.232576	0.4	12.	35.792197	-102.41	25.36
5.926155	0.4	12.	37.19	-158.183328	25.36
4.665631	0.4	12.	81.83079	-125.24	25.36
5.186474	0.4	12.	6.19	-110.390548	25.98
5.030306	0.4	12.	-5.897296	-112.85	25.98
4.736958	0.4	12.	-10.78	-134.251656	26.09
5.169599	0.4	12.	15.65	-149.892118	26.21
6.188223	0.4	12.	64.750013	-206.46	26.26
4.909235	0.4	12.	62.31	-110.89	25.113005
5.494656	0.4	12.	53.5	-77.3	28.883816
5.720643	0.4	12.	40.218195	-78.6	28.08
4.551676	0.4	12.	100.82	-126.927304	29.62
4.501428	0.4	12.	91.68	-121.358901	29.68
4.916322	0.4	12.	66.23	-138.819324	29.79
5.010342	0.4	12.	70.15	-127.679358	29.79
5.279017	0.4	12.	47.990885	-118.07	29.79
5.455012	0.4	12.	42.449229	-93.61	29.79
4.932523	0.4	12.	3.249347	-151.01	29.85
5.276047	0.4	12.	69.17	-169.399034	29.85
5.028943	0.4	12.	43.836109	-180.04	29.85
4.553932	0.4	12.	92.99	-141.505884	29.9
4.969144	0.4	12.	94.62	-164.06	34.362133
4.97578	0.4	12.	81.757125	-89.37	29.85
5.877994	0.4	12.	80.59	-146.659674	29.96
4.776375	0.4	12.	129.54	-143.51	28.082633
4.947583	0.4	12.	135.41	-151.579504	30.19
4.679066	0.4	12.	127.296277	-195.7	30.19
4.488339	0.4	12.	116.16	-191.196206	30.19
4.781451	0.4	12.	107.02	-198.263736	30.13
6.420534	0.4	12.	100.49	-207.77	26.997145
5.268998	0.4	12.	138.35	-173.660728	30.24
5.747881	0.4	12.	127.395651	-184.93	30.3
4.782091	0.4	12.	117.534041	-124.27	30.3
7.085866	0.4	12.	142.615563	-125.24	30.3
6.001173	0.4	12.	92.99	-95.189441	30.3
5.017873	0.4	12.	83.2	-108.765766	30.41
5.598094	0.4	12.	57.74	-170.117475	30.59
5.159745	0.4	12.	76.234743	-203.53	30.59
5.512202	0.4	12.	31.37929	-111.87	30.59
6.118791	0.4	12.	15.	-99.272176	30.64
5.532756	0.4	12.	16.63	-189.291633	31.27
6.770201	0.4	12.	86.46	-188.2	26.433469
5.153399	0.4	12.	108.98	-77.3	32.603734
4.679483	0.4	12.	111.59	-63.27	29.095257
4.686476	0.4	12.	85.276366	-54.14	31.44
4.98384	0.4	12.	112.24	-133.73	31.347373
5.264678	0.4	12.	52.317303	-88.06	34.56
4.61632	0.4	12.	73.73	-81.54	31.620124
5.192032	0.4	12.	112.89	-112.890484	34.56
4.634785	0.4	12.	113.22	-99.8	34.863087
6.094787	0.4	12.	128.88	-107.449665	34.56
4.59742	0.4	12.	127.398403	-129.48	34.56
4.967868	0.4	12.	117.46	-148.73	34.647938
4.885828	0.4	12.	127.58	-165.088465	34.62
6.542096	0.4	12.	71.45	-187.051314	34.62
4.719704	0.4	12.	49.122747	-186.89	34.62
4.571168	0.4	12.	93.31	-104.881831	34.62
5.092416	0.4	12.	75.815159	-157.54	35.02
5.622924	0.4	12.	97.23	-183.3	35.196317
5.349125	0.4	12.	83.2	-79.384681	35.02
4.936467	0.4	12.	102.13	-88.669821	35.02
4.771886	0.4	12.	72.800732	-65.88	35.02
4.558411	0.4	12.	43.39	-105.67	37.409979
4.73994	0.4	12.	114.962591	-166.02	35.19
4.940907	0.4	12.	101.411669	-156.56	35.19
4.773026	0.4	12.	106.69	-147.75	37.370517
4.750929	0.4	12.	141.73488	-164.06	35.19
4.898639	0.4	12.	139.98	-137.31	31.582025
4.794607	0.4	12.	114.2	-88.71	32.925426
5.881726	0.4	12.	101.59578	-172.54	35.3
4.79738	0.4	12.	113.55	-177.11	35.848647
4.749731	0.4	12.	34.666608	-129.48	35.3
4.955004	0.4	12.	-1.97	-129.399342	35.36
4.567685	0.4	12.	89.72	-132.42579	35.47
5.16349	0.4	12.	72.295794	-111.55	35.42
5.426401	0.4	12.	81.24	-100.46	38.098303
5.163525	0.4	12.	-3.12369	-113.5	36.33
4.872537	0.4	12.	4.55	-98.850349	36.61
5.470201	0.4	12.	-18.03131	-111.22	36.73
4.922261	0.4	12.	-11.11	-136.404828	36.84
6.10289	0.4	12.	-13.39	-121.33	33.327999
4.67034	0.4	12.	13.296553	-155.58	36.84
4.69801	0.4	12.	43.494553	-204.18	36.84
4.708775	0.4	12.	58.72	-199.725207	36.84
4.751449	0.4	12.	22.83	-200.26	35.542773
4.641957	0.4	12.	58.461497	-111.55	36.84
5.228367	0.4	12.	63.62	-72.082452	36.9
5.760395	0.4	12.	30.33	-98.82	37.333664
4.670188	0.4	12.	16.899922	-164.39	37.07
4.893131	0.4	12.	-4.91	-159.82	37.388129
5.327744	0.4	12.	52.2	-135.360559	37.24
4.873496	0.4	12.	37.84	-78.708973	38.49
6.906227	0.4	12.	39.14	-143.038824	39.62
5.262984	0.4	12.	16.63	-107.31	38.818379
4.573684	0.4	12.	99.19	-124.92	41.591606
4.575928	0.4	12.	88.09	-122.26404	39.91
5.307566	0.4	12.	75.69	-126.023731	39.91
5.929583	0.4	12.	64.36169	-135.03	40.02
5.532929	0.4	12.	93.97	-148.4	37.762976
4.535123	0.4	12.	131.49	-145.14	39.235757
5.177736	0.4	12.	4.55	-147.1	39.893094
6.024259	0.4	12.	-7.241545	-149.38	40.48
5.455344	0.4	12.	99.51	-212.98	41.122513
5.206592	0.4	12.	111.642715	-206.46	40.48
5.794411	0.4	12.	104.74	-197.14159	40.48
4.824628	0.4	12.	127.162245	-192.11	40.48
5.832824	0.4	12.	139.98509	-184.93	40.48
4.927555	0.4	12.	142.883121	-173.52	40.48
5.644966	0.4	12.	84.5	-213.238601	40.53
5.921687	0.4	12.	71.45	-211.763933	40.53
5.229716	0.4	12.	70.150911	-166.67	40.59
4.940864	0.4	12.	52.52	-172.778287	40.59
5.156875	0.4	12.	74.71	-198.131163	40.59
5.525567	0.4	12.	92.01	-88.796638	40.59
4.510561	0.4	12.	134.76	-118.846836	40.59
4.747146	0.4	12.	112.57	-125.05211	40.59
4.874169	0.4	12.	127.91	-156.427803	40.59
5.956578	0.4	12.	42.41	-123.647327	40.53
5.137988	0.4	12.	11.41	-119.37	40.421704
5.287065	0.4	12.	7.82	-136.01	39.56005
6.576786	0.4	12.	28.38	-152.065321	40.59
4.809704	0.4	12.	11.204029	-176.13	40.59
4.604781	0.4	12.	-2.3	-171.611307	40.7
6.244538	0.4	12.	-6.565447	-184.28	40.7
4.911237	0.4	12.	-32.65	-146.455567	41.56
5.356657	0.4	12.	-20.821682	-141.88	41.56
5.699476	0.4	12.	-21.55	-166.918467	41.56
4.500105	0.4	12.	17.925443	-189.5	41.61
5.438714	0.4	12.	45.02	-195.05	41.849641
5.214857	0.4	12.	84.542343	-156.23	41.84
5.90529	0.4	12.	117.837136	-136.66	42.3
6.197457	0.4	12.	88.09	-65.88	40.877763
4.693286	0.4	12.	81.24	-55.668188	42.69
5.106442	0.4	12.	53.5	-63.27	39.637407
5.46753	0.4	12.	27.520998	-88.71	42.75
5.587403	0.4	12.	48.93	-73.71	42.905749
6.123167	0.4	12.	-18.62	-87.73	38.249772
4.771461	0.4	12.	-8.010568	-77.95	42.75
5.262994	0.4	12.	24.165004	-74.69	42.75
6.376666	0.4	12.	37.84	-66.6185	42.75
5.903888	0.4	12.	108.98	-71.946355	42.81
4.499614	0.4	12.	116.48	-61.519412	42.81
4.72786	0.4	12.	125.85104	-94.91	42.81
4.970395	0.4	12.	113.584288	-187.87	42.92
5.369248	0.4	12.	65.001781	-122.96	42.92
4.802458	0.4	12.	33.36132	-111.87	42.98
4.866748	0.4	12.	17.28	-91.65	39.411307
4.682438	0.4	12.	83.85	-187.22	40.74518
4.830734	0.4	12.	80.789076	-135.03	42.98
4.549306	0.4	12.	-23.51	-131.44	39.759118
5.276006	0.4	12.	68.84	-51.53	39.971956
6.14799	0.4	12.	94.95	-75.99	38.296066
5.712592	0.4	12.	94.598516	-54.14	42.92
5.20251	0.4	12.	119.42	-80.104682	42.92
5.164206	0.4	12.	124.32	-66.86	37.993606
6.513008	0.4	12.	107.35	-51.808238	42.92
5.764141	0.4	12.	99.84	-63.92	38.079331
5.320021	0.4	12.	54.48	-52.83	38.886452
5.777676	0.4	12.	131.204191	-82.19	42.92
5.161139	0.4	12.	100.82	-97.52	43.955915
5.364768	0.4	12.	101.47	-113.5	40.200146
5.282694	0.4	12.	105.59543	-134.7	42.92
4.757576	0.4	12.	76.877559	-145.79	42.92
5.286599	0.4	12.	43.71	-92.3	46.826284
6.812515	0.4	12.	124.64	-178.235425	42.92
6.69747	0.4	12.	145.005099	-151.34	42.92
5.199927	0.4	12.	150.1	-139.27	41.103579
5.485181	0.4	12.	145.85	-127.133989	42.92
5.776172	0.4	12.	89.72	-199.29	44.148128
5.488849	0.4	12.	33.847087	-189.5	42.92
4.835519	0.4	12.	-20.795247	-156.23	44.17
4.744338	0.4	12.	-8.17	-98.17	40.981641
6.298209	0.4	12.	1.476355	-85.13	44.23
5.789312	0.4	12.	9.174382	-68.49	44.23
6.79352	0.4	12.	25.11	-62.62	37.64558
4.718929	0.4	12.	61.01	-145.79	46.052736
5.478012	0.4	12.	123.66	-202.87	45.155491
6.607457	0.4	12.	-32.	-118.490035	44.8
5.067406	0.4	12.	55.13	-90.130765	44.8
5.509652	0.4	12.	69.204721	-87.73	44.8
5.26866	0.4	12.	113.87	-107.907183	44.8
5.107185	0.4	12.	124.939499	-113.18	44.8
4.753566	0.4	12.	126.414274	-129.81	44.8
5.256215	0.4	12.	127.25	-166.02	45.051168
5.519943	0.4	12.	116.48	-150.69	47.999404
4.998557	0.4	12.	71.12	-178.843575	44.91
4.935103	0.4	12.	57.09	-189.526867	44.97
4.684201	0.4	12.	85.81	-76.074275	45.03
5.845557	0.4	12.	73.41	-69.8	45.315316
4.680835	0.4	12.	64.27	-61.581687	45.14
5.248898	0.4	12.	16.63	-142.86	42.812393
5.038427	0.4	12.	9.464613	-161.45	45.14
4.729972	0.4	12.	3.9	-182.08042	45.14
5.894479	0.4	12.	98.54	-185.59	47.791707
4.794008	0.4	12.	112.57	-159.908693	45.2
4.746879	0.4	12.	100.82	-157.86	46.672761
5.013389	0.4	12.	102.78	-86.412261	45.2
5.881766	0.4	12.	53.83	-101.43	39.754378
4.647841	0.4	12.	138.790745	-161.78	45.2
4.910414	0.4	12.	138.67	-136.46739	45.2
4.885138	0.4	12.	115.015534	-90.34	45.37
5.924452	0.4	12.	110.94	-175.47	46.710859
5.226742	0.4	12.	98.86	-173.52	47.674776
5.649117	0.4	12.	1.281603	-112.52	46.5
4.516235	0.4	12.	-2.63	-124.471806	46.5
5.280353	0.4	12.	91.477376	-135.68	46.56
4.789847	0.4	12.	5.29072	-100.78	46.84
5.183892	0.4	12.	-10.78	-139.135669	46.84
5.07949	0.4	12.	54.48	-109.854512	46.84
5.27204	0.4	12.	92.01	-105.35	46.981503
5.12332	0.4	12.	59.38	-200.59	48.268199
6.0459	0.4	12.	42.591372	-207.44	47.07
4.990527	0.4	12.	24.79	-201.89	46.291984
4.635992	0.4	12.	63.830044	-77.3	47.19
4.666692	0.4	12.	-10.13	-160.8	47.241062
5.037801	0.4	12.	52.497011	-128.83	47.41
4.714613	0.4	12.	-12.09	-115.584753	47.47
4.657734	0.4	12.	-29.71	-95.151861	47.64
4.549815	0.4	12.	54.526644	-212.33	47.75
5.106194	0.4	12.	35.880766	-76.32	48.72
4.701365	0.4	12.	18.26	-159.17	51.536696
4.539634	0.4	12.	56.11	-167.839579	48.83
5.15287	0.4	12.	52.241925	-141.88	48.83
5.754471	0.4	12.	20.079089	-100.13	48.83
6.084212	0.4	12.	91.222885	-121.33	50.14
5.336539	0.4	12.	29.68	-164.71	49.056702
5.401887	0.4	12.	140.96	-178.08	49.978825
4.582367	0.4	12.	109.63	-207.030181	50.71
5.013418	0.4	12.	90.38	-213.31	52.849337
4.515782	0.4	12.	69.514105	-206.14	50.77
5.747	0.4	12.	74.810553	-168.95	50.77
6.148511	0.4	12.	1.241361	-147.42	50.77
5.656795	0.4	12.	38.637005	-129.48	50.77
5.393991	0.4	12.	133.45	-122.349303	50.77
4.78304	0.4	12.	118.276988	-123.94	50.77
5.249601	0.4	12.	12.696339	-121.98	50.77
4.915843	0.4	12.	87.040045	-90.34	50.77
5.259565	0.4	12.	-2.63	-168.301987	50.77
5.126522	0.4	12.	-8.5	-178.900954	50.77
4.747654	0.4	12.	35.306285	-144.49	50.77
6.40246	0.4	12.	129.86	-145.14	50.162137
5.106177	0.4	12.	73.73	-158.037576	50.77
5.131102	0.4	12.	-20.57	-136.417609	52.02
5.996424	0.4	12.	-30.048404	-149.71	52.02
5.351855	0.4	12.	14.67	-182.382441	52.02
4.928899	0.4	12.	8.47	-193.791554	52.02
4.814616	0.4	12.	42.027647	-196.68	52.02
5.644225	0.4	12.	133.45	-199.366038	52.02
4.777915	0.4	12.	27.07	-113.351365	53.38
6.519688	0.4	12.	111.78819	-136.01	53.44
5.353695	0.4	12.	110.703435	-77.62	53.44
4.984423	0.4	12.	110.61	-65.61024	53.44
4.630342	0.4	12.	120.73	-71.283719	53.44
4.821202	0.4	12.	122.03	-61.164943	53.44
5.934893	0.4	12.	81.719539	-57.07	53.38
4.868188	0.4	12.	92.760067	-49.25	53.38
5.574068	0.4	12.	72.43	-49.57	55.423787
5.837765	0.4	12.	74.06	-140.9	52.526762
6.065343	0.4	12.	25.44	-190.15	52.746668
5.37416	0.4	12.	122.36	-185.056222	53.44
5.460966	0.4	12.	108.98	-191.823585	53.44
4.960849	0.4	12.	90.935435	-67.84	53.44
4.716506	0.4	12.	48.412795	-75.67	53.44
5.487883	0.4	12.	57.09	-51.2	54.676443
5.316394	0.4	12.	37.84	-57.019161	53.44
5.670721	0.4	12.	12.71	-84.760696	53.44
5.752945	0.4	12.	-14.37	-81.21	52.158294
5.52027	0.4	12.	-21.041941	-95.56	53.44
6.093837	0.4	12.	-23.18	-174.682928	53.5
5.746137	0.4	12.	70.8	-190.45784	53.67
5.103078	0.4	12.	80.59	-182.65	55.103238
6.27363	0.4	12.	98.54	-198.531163	53.67
5.757416	0.4	12.	83.47048	-130.14	53.67
5.90182	0.4	12.	-18.868763	-153.95	54.58
5.196877	0.4	12.	-35.059671	-125.24	54.58
5.613504	0.4	12.	19.783938	-65.23	54.58
4.500805	0.4	12.	27.103197	-54.14	54.58
4.785693	0.4	12.	-5.24	-66.21	53.056903
5.267005	0.4	12.	-9.15	-101.11	52.259007
5.453344	0.4	12.	65.9	-89.04	56.086662
4.831578	0.4	12.	88.145477	-79.25	55.2
5.698696	0.4	12.	70.47	-75.527436	55.2
5.024902	0.4	12.	123.216955	-112.85	55.2
4.976014	0.4	12.	112.89	-106.335403	55.2
5.372587	0.4	12.	129.21	-91.364787	54.86
4.889532	0.4	12.	126.6	-101.960664	55.03
4.935256	0.4	12.	123.34	-132.223379	55.03
4.587397	0.4	12.	48.598684	-87.73	55.03
4.734269	0.4	12.	40.78	-119.677136	55.03
4.566865	0.4	12.	62.225739	-148.73	55.03
5.654288	0.4	12.	62.47937	-136.01	55.03
4.895413	0.4	12.	55.172429	-189.17	55.03
5.312569	0.4	12.	31.31	-65.56	52.714431
5.362221	0.4	12.	127.58	-173.19	56.279679
5.522536	0.4	12.	142.59	-142.45743	55.03
5.236398	0.4	12.	69.062324	-218.2	55.03
5.500216	0.4	12.	29.35	-88.39	55.197183
4.951292	0.4	12.	113.87	-146.12	59.777387
5.335584	0.4	12.	13.36	-148.27812	55.32
4.639603	0.4	12.	3.57	-160.47	54.380013
4.911127	0.4	12.	24.79	-151.66	51.635479
4.93522	0.4	12.	51.87	-103.06	55.562782
4.882656	0.4	12.	64.6	-101.372134	55.26
4.528422	0.4	12.	43.06	-94.91	57.57731
5.510679	0.4	12.	60.68	-68.49	52.599747
5.797071	0.4	12.	70.47	-62.26019	55.37
5.049326	0.4	12.	80.59	-70.77	55.2678
4.620515	0.4	12.	98.54	-89.51876	55.37
5.726004	0.4	12.	121.38	-81.569215	55.37
4.70587	0.4	12.	134.76	-134.132211	55.37
5.163933	0.4	12.	146.51	-132.42	57.215481
4.779133	0.4	12.	142.26	-167.26255	55.37
6.278259	0.4	12.	131.82	-157.922607	55.43
4.686312	0.4	12.	101.8	-164.39	54.479839
4.779464	0.4	12.	95.949846	-153.62	55.43
5.038969	0.4	12.	121.7	-198.100372	55.43
4.882998	0.4	12.	81.57	-205.48	53.870895
4.485394	0.4	12.	2.148646	-182.	55.43
4.69005	0.4	12.	-35.58	-115.018591	55.43
5.266905	0.4	12.	100.49	-63.824931	55.43
4.482984	0.4	12.	107.070999	-50.88	55.43
4.799233	0.4	12.	109.226291	-91.32	55.83
4.525007	0.4	12.	4.560076	-116.44	56.74
5.046338	0.4	12.	-2.63	-125.57	56.221334
5.53637	0.4	12.	77.071561	-85.78	56.79
6.102623	0.4	12.	98.54	-76.32	52.304208
5.1955	0.4	12.	103.43	-109.91	53.231776
5.691836	0.4	12.	0.96	-97.527678	56.96
5.010188	0.4	12.	-9.880181	-137.64	56.96
5.444453	0.4	12.	57.09	-119.386245	57.02
5.690006	0.4	12.	32.94	-200.4151	57.36
6.093963	0.4	12.	12.960457	-203.2	57.36
4.557069	0.4	12.	82.516963	-44.03	57.36
4.530825	0.4	12.	38.300268	-164.71	57.36
4.943544	0.4	12.	50.90622	-127.85	57.7
5.0723	0.4	12.	53.774036	-201.57	57.7
4.783396	0.4	12.	57.167883	-221.79	57.7
4.68625	0.4	12.	-8.17	-158.415363	57.7
4.792641	0.4	12.	19.141218	-134.7	57.7
4.721799	0.4	12.	56.44	-211.296417	58.04
5.426028	0.4	12.	-12.09	-114.280339	58.1
4.938583	0.4	12.	-19.005162	-128.18	58.73
5.177889	0.4	12.	43.71	-139.488258	59.01
5.372191	0.4	12.	72.76	-107.662616	59.07
7.313354	0.4	12.	92.923319	-234.84	60.49
4.836448	0.4	12.	96.9	-218.53	59.284714
4.728759	0.4	12.	74.06	-170.736155	61.17
5.003721	0.4	12.	63.688017	-160.14	61.17
4.914072	0.4	12.	142.867784	-178.41	61.17
5.511902	0.4	12.	146.83	-188.694523	61.17
6.127605	0.4	12.	26.42	-158.881216	61.17
4.939094	0.4	12.	52.85	-162.677292	61.17
4.970376	0.4	12.	-0.99	-148.4	62.638241
4.83585	0.4	12.	14.34	-119.7	61.710486
4.847831	0.4	12.	141.330304	-113.5	61.17
4.776279	0.4	12.	125.95	-122.787567	61.17
4.811559	0.4	12.	137.617311	-122.64	61.17
5.079552	0.4	12.	87.11	-90.775841	61.17
4.719247	0.4	12.	28.38	-103.72	58.933401
5.046604	0.4	12.	41.1	-129.81	61.623946
4.4994	0.4	12.	29.800613	-139.92	61.17
4.966464	0.4	12.	35.306821	-151.66	61.17
5.270256	0.4	12.	-2.63	-170.26	62.533358
5.012276	0.4	12.	-8.17	-181.372217	61.17
5.447039	0.4	12.	116.923393	-206.46	61.17
5.88761	0.4	12.	85.81	-218.727367	61.17
4.797732	0.4	12.	-26.77	-78.93	58.211491
4.707121	0.4	12.	-32.32	-99.15	57.360402
5.119091	0.4	12.	66.23	-202.213959	61.17
4.547249	0.4	12.	128.23	-144.888345	61.17
4.681326	0.4	12.	113.55	-125.24	60.18809
5.468755	0.4	12.	98.54	-134.308884	61.17
5.813457	0.4	12.	74.71	-157.86	62.596356
6.039377	0.4	12.	40.12	-69.8	60.174412
4.768086	0.4	12.	15.32	-178.249091	62.48
4.572424	0.4	12.	26.09	-170.588117	62.48
5.810105	0.4	12.	4.110749	-194.39	62.48
4.933141	0.4	12.	42.094978	-194.07	62.48
5.631449	0.4	12.	-35.8572	-146.77	62.48
5.123884	0.4	12.	-17.31	-144.939685	62.53
4.728266	0.4	12.	2.531504	-138.94	62.48
4.53535	0.4	12.	136.39	-194.326304	62.53
4.494833	0.4	12.	75.37	-232.409552	62.53
5.143839	0.4	12.	-24.16	-92.546978	63.67
4.729776	0.4	12.	-11.974958	-91.	63.67
4.865513	0.4	12.	11.41	-89.205455	63.67
4.87234	0.4	12.	62.97	-48.503295	63.67
6.040125	0.4	12.	49.91	-45.554504	63.67
5.442944	0.4	12.	81.24	-57.4	65.084756
4.876521	0.4	12.	91.68	-50.876326	63.67
4.975555	0.4	12.	90.38	-62.199081	63.67
4.867256	0.4	12.	108.98	-66.666998	63.96
5.472059	0.4	12.	122.001513	-68.16	63.96
5.149601	0.4	12.	123.867305	-54.79	63.96
4.736984	0.4	12.	107.202373	-76.97	63.96
4.523716	0.4	12.	111.26	-137.31	64.467924
5.374388	0.4	12.	119.09	-179.39	62.194039
4.682358	0.4	12.	128.970736	-183.63	63.96
4.842403	0.4	12.	106.37	-200.645317	63.96
4.560435	0.4	12.	94.688538	-210.05	63.96
4.758505	0.4	12.	106.609193	-210.38	63.96
4.510542	0.4	12.	85.16	-187.17371	63.96
5.275758	0.4	12.	76.569564	-194.07	63.96
5.525857	0.4	12.	72.76	-182.32	67.39796
4.495351	0.4	12.	26.197446	-192.44	63.96
5.6582	0.4	12.	15.948171	-191.78	63.96
4.979095	0.4	12.	34.58	-222.44	61.378215
5.523202	0.4	12.	72.788555	-142.53	63.96
5.825211	0.4	12.	27.4	-114.81	63.97322
4.513833	0.4	12.	49.380014	-74.04	63.96
5.270857	0.4	12.	-16.66	-103.39	62.331397
5.779768	0.4	12.	-30.842563	-125.57	64.92
4.91736	0.4	12.	-22.27981	-154.93	64.92
6.117059	0.4	12.	-22.21	-179.968647	64.92
4.70198	0.4	12.	18.26	-65.88	69.700059
5.173255	0.4	12.	10.75	-57.4	62.067295
5.301628	0.4	12.	28.358157	-64.25	65.09
4.52821	0.4	12.	57.005405	-131.44	65.09
4.531737	0.4	12.	60.36	-142.54601	65.09
4.570271	0.4	12.	123.01	-99.48	64.125744
5.204369	0.4	12.	132.8	-92.345033	65.09
5.02685	0.4	12.	133.45	-105.051173	65.09
5.001827	0.4	12.	146.624301	-144.49	65.09
4.824073	0.4	12.	120.73	-135.371044	65.09
5.473541	0.4	12.	136.465176	-152.32	65.38
6.010149	0.4	12.	117.46	-113.526669	65.43
5.387737	0.4	12.	84.18	-75.061708	65.43
4.691492	0.4	12.	73.73	-71.430722	65.43
5.161524	0.4	12.	75.548572	-42.72	65.43
6.01074	0.4	12.	103.76	-56.582013	65.43
5.170069	0.4	12.	120.722196	-88.71	65.43
4.594303	0.4	12.	99.405962	-89.04	65.43
4.807023	0.4	12.	70.8	-54.857825	65.43
4.812844	0.4	12.	50.119888	-100.13	65.43
5.138583	0.4	12.	71.78	-99.15	66.18161
6.414602	0.4	12.	55.892653	-89.69	65.43
4.572606	0.4	12.	20.055353	-148.08	65.43
4.806094	0.4	12.	2.441936	-159.17	65.43
5.920865	0.4	12.	92.133369	-156.56	65.43
4.751756	0.4	12.	102.13	-162.163933	65.43
5.48282	0.4	12.	148.806592	-165.36	65.43
6.043004	0.4	12.	135.612492	-168.95	65.43
5.974695	0.4	12.	135.08	-137.819215	65.43
4.481615	0.4	12.	153.088508	-133.07	65.43
5.359946	0.4	12.	121.38	-191.991365	65.6
4.715814	0.4	12.	81.031226	-205.81	65.6
4.926548	0.4	12.	73.73	-217.22	67.687524
5.510866	0.4	12.	56.808866	-189.5	65.6
5.070694	0.4	12.	1.814981	-180.69	65.6
4.743014	0.4	12.	-36.21724	-111.55	65.6
4.687807	0.4	12.	63.62	-66.774229	65.66
4.607942	0.4	12.	110.94	-100.005662	66.
5.257832	0.4	12.	109.96	-87.08	65.536314
5.212543	0.4	12.	4.572655	-114.15	67.08
5.581499	0.4	12.	-0.02	-104.175817	67.08
5.353057	0.4	12.	96.9	-75.67	67.901403
7.191325	0.4	12.	138.553375	-73.71	67.08
4.660431	0.4	12.	57.74	-116.305011	67.14
4.835685	0.4	12.	30.938784	-207.77	67.77
6.806958	0.4	12.	19.56	-210.305579	67.77
4.711014	0.4	12.	85.16	-42.72	71.951122
4.873894	0.4	12.	1.264185	-72.4	67.77
5.05113	0.4	12.	23.194495	-49.57	67.77
4.626378	0.4	12.	57.674565	-199.94	67.77
5.251669	0.4	12.	-7.515756	-158.84	67.77
5.114529	0.4	12.	40.12	-164.9867	67.77
5.598598	0.4	12.	-12.514391	-117.42	69.3
5.1467	0.4	12.	-21.55	-129.8511	69.3
4.864902	0.4	12.	77.	-122.458789	69.3
5.116499	0.4	12.	46.98	-139.519984	69.3
5.32424	0.4	12.	53.5	-213.96416	69.3
4.551832	0.4	12.	99.51	-39.747718	69.3
4.585605	0.4	12.	-4.156523	-93.28	70.15
4.946215	0.4	12.	102.083813	-221.79	70.55
5.224001	0.4	12.	108.98	-153.62	66.955739
4.816305	0.4	12.	127.25	-124.936014	70.78
4.995344	0.4	12.	139.65	-125.013614	71.29
5.098035	0.4	12.	115.83	-125.28951	71.35
4.611704	0.4	12.	69.17	-167.65	75.769089
4.549405	0.4	12.	58.07	-157.329984	71.46
5.322104	0.4	12.	29.35	-153.689218	71.46
4.521519	0.4	12.	34.380568	-136.66	71.46
5.606231	0.4	12.	47.3	-121.66	66.264863
5.432598	0.4	12.	84.83	-84.511554	71.57
4.847711	0.4	12.	87.11	-115.79	73.663032
5.319203	0.4	12.	-2.95	-188.2	74.536979
4.987685	0.4	12.	-5.89	-169.28	72.624178
4.743165	0.4	12.	62.64	-206.831253	72.26
4.5178	0.4	12.	60.68	-223.19771	72.37
4.687519	0.4	12.	24.13	-169.426145	72.48
5.298731	0.4	12.	16.417239	-180.69	72.77
4.515836	0.4	12.	2.159138	-148.08	72.88
5.070943	0.4	12.	20.87	-127.615884	72.88
6.227561	0.4	12.	146.18	-181.67	71.326996
5.79699	0.4	12.	133.596884	-196.02	73.05
4.591369	0.4	12.	117.46	-206.46	72.68467
6.296188	0.4	12.	144.771358	-109.59	73.11
5.249019	0.4	12.	-28.821617	-75.99	73.11
6.156489	0.4	12.	-38.52	-98.5	69.020254
4.778249	0.4	12.	76.67	-156.015651	73.11
4.950985	0.4	12.	130.494039	-145.14	73.17
5.740753	0.4	12.	-1.286615	-136.01	73.39
4.533372	0.4	12.	65.678064	-75.34	73.45
4.499485	0.4	12.	73.73	-80.89	77.495877
5.608605	0.4	12.	73.73	-111.22	70.255213
5.264669	0.4	12.	67.871887	-125.24	73.45
5.424586	0.4	12.	21.291442	-140.9	73.51
5.913705	0.4	12.	17.93	-158.19	71.671876
5.297285	0.4	12.	8.330001	-194.39	73.56
6.863276	0.4	12.	48.61	-224.07	76.962141
5.268532	0.4	12.	150.1	-154.6	75.000892
5.742673	0.4	12.	95.029799	-64.25	73.73
5.27236	0.4	12.	82.55	-54.79	77.790685
4.632847	0.4	12.	78.728548	-63.6	73.73
5.162427	0.4	12.	57.74	-49.730812	73.79
5.320319	0.4	12.	73.103327	-36.2	73.79
4.951436	0.4	12.	107.97416	-48.27	73.79
4.68409	0.4	12.	61.33	-41.09	70.46098
4.625164	0.4	12.	46.98	-40.660645	73.79
4.918904	0.4	12.	42.59595	-64.58	73.79
5.860041	0.4	12.	10.75	-93.407776	73.79
4.560431	0.4	12.	20.22	-100.46	77.514976
5.379064	0.4	12.	-27.1	-99.751097	73.79
5.214377	0.4	12.	-19.92	-141.23	77.386483
5.838632	0.4	12.	-12.09	-181.679723	73.79
4.870127	0.4	12.	83.52	-218.2	72.489309
4.8881	0.4	12.	34.424102	-219.83	74.13
4.680312	0.4	12.	34.225639	-193.74	74.13
5.484533	0.4	12.	22.5	-196.345714	74.13
5.554445	0.4	12.	75.04	-205.686779	74.13
4.615636	0.4	12.	75.04	-186.24	77.304353
5.24435	0.4	12.	76.881334	-174.82	74.13
4.652227	0.4	12.	100.49	-202.87	74.638408
4.501338	0.4	12.	115.809028	-180.04	74.13
4.715799	0.4	12.	133.13	-180.69	72.997485
5.867224	0.4	12.	111.620352	-143.18	74.13
4.90642	0.4	12.	121.05	-69.14	76.167727
5.269428	0.4	12.	124.64	-57.73	74.041166
4.988451	0.4	12.	111.562793	-62.95	74.13
5.391547	0.4	12.	106.37	-73.052446	74.13
5.160917	0.4	12.	116.16	-75.34	69.51958
4.670375	0.4	12.	47.545525	-79.25	74.13
4.914056	0.4	12.	32.29	-116.44	74.524205
4.764156	0.4	12.	41.52939	-128.18	74.13
4.584622	0.4	12.	92.34	-49.173119	74.13
4.803922	0.4	12.	109.63	-211.68	76.985306
4.554496	0.4	12.	110.28	-197.98	75.347934
5.032169	0.4	12.	90.7	-211.35	75.772794
4.659203	0.4	12.	130.472128	-158.51	74.13
5.160361	0.4	12.	84.914853	-185.59	74.13
4.662113	0.4	12.	37.19	-147.42	73.757956
4.96157	0.4	12.	48.93	-161.649481	74.13
5.26447	0.4	12.	13.36	-170.179075	74.19
5.478775	0.4	12.	61.33	-98.5	72.978139
4.543708	0.4	12.	53.83	-70.288533	74.19
5.045697	0.4	12.	93.31	-122.96	78.124914
5.101576	0.4	12.	46.98	-151.01	77.901689
4.540519	0.4	12.	51.87	-129.48	74.765332
4.740149	0.4	12.	51.22	-109.59	71.88696
6.148772	0.4	12.	69.075443	-194.72	74.19
4.768256	0.4	12.	92.99	-163.668698	74.19
5.506937	0.4	12.	-8.83	-64.58	72.082568
5.936037	0.4	12.	-32.	-88.06	75.802814
5.547978	0.4	12.	-22.21	-65.033963	74.19
4.588332	0.4	12.	-28.08	-121.	74.14831
4.583475	0.4	12.	-16.98	-156.012461	74.93
4.791989	0.4	12.	-12.42	-134.735516	74.93
5.935743	0.4	12.	-1.65	-83.17	75.489749
5.063333	0.4	12.	101.8	-150.39651	74.99
6.110778	0.4	12.	64.993474	-137.97	75.21
4.535445	0.4	12.	57.74	-147.08644	75.21
4.69649	0.4	12.	122.16205	-97.85	75.21
4.612823	0.4	12.	132.15	-106.429847	75.21
5.585498	0.4	12.	141.262975	-97.19	75.21
4.624767	0.4	12.	132.661511	-90.02	75.21
4.67945	0.4	12.	141.94	-145.130583	75.21
5.302147	0.4	12.	120.4	-135.173807	75.21
5.725025	0.4	12.	2.27	-51.86	72.740073
5.563617	0.4	12.	144.406701	-170.58	75.67
6.423725	0.4	12.	157.008879	-165.04	75.67
5.273229	0.4	12.	152.05	-141.725954	75.67
6.333128	0.4	12.	152.05	-123.781685	75.67
5.430254	0.4	12.	139.65	-134.673519	75.67
4.849319	0.4	12.	115.5	-108.27463	75.67
4.634271	0.4	12.	89.128767	-74.36	75.67
4.820195	0.4	12.	79.624244	-73.06	75.67
4.547599	0.4	12.	69.82	-56.631136	75.67
5.265409	0.4	12.	72.080425	-46.96	75.67
4.772505	0.4	12.	61.33	-62.168714	75.67
4.801277	0.4	12.	11.711094	-148.4	75.67
4.729487	0.4	12.	90.7	-153.926623	75.67
5.063469	0.4	12.	103.169764	-163.41	75.67
5.278181	0.4	12.	124.64	-189.558154	75.67
4.73369	0.4	12.	85.16	-202.22	79.151995
4.919334	0.4	12.	68.19	-213.96	77.306658
4.811123	0.4	12.	6.19	-177.304349	75.67
5.508679	0.4	12.	-37.193529	-109.59	75.67
5.024057	0.4	12.	56.44	-83.030563	75.67
5.486405	0.4	12.	99.871353	-91.	75.67
4.906041	0.4	12.	45.34	-96.22	78.554949
4.627803	0.4	12.	141.242187	-159.49	75.67
5.532172	0.4	12.	110.61	-96.22	77.023219
5.020131	0.4	12.	109.96	-83.743268	76.29
4.542704	0.4	12.	119.42	-86.938201	76.29
5.05258	0.4	12.	100.49	-54.14	79.826607
4.939005	0.4	12.	2.92	-103.232383	77.43
4.759433	0.4	12.	0.96	-115.79	78.883628
4.992337	0.4	12.	-11.11	-104.70864	77.37
4.911594	0.4	12.	92.108766	-98.17	77.37
4.626867	0.4	12.	101.752142	-103.39	77.37
4.776838	0.4	12.	132.47	-67.19	76.344291
4.784179	0.4	12.	16.63	-204.149987	77.94
4.772957	0.4	12.	28.05	-210.723631	77.94
5.788941	0.4	12.	128.833143	-169.6	77.94
6.64682	0.4	12.	87.11	-32.277358	77.94
5.700634	0.4	12.	25.76	-41.114224	78.
4.667299	0.4	12.	15.97	-54.47	74.027523
4.794635	0.4	12.	4.88	-74.69	76.554269
4.911135	0.4	12.	68.19	-152.32	78.206069
5.899331	0.4	12.	157.93	-186.56	75.068749
5.240155	0.4	12.	135.74	-79.885012	78.
5.765845	0.4	12.	27.72	-179.259724	78.79
4.535803	0.4	12.	32.62	-163.73	76.655835
4.897914	0.4	12.	50.436097	-202.55	78.85
5.054355	0.4	12.	-8.864208	-114.81	79.87
5.739786	0.4	12.	-18.94	-127.239882	79.87
5.105393	0.4	12.	45.024527	-140.57	79.87
5.490296	0.4	12.	-38.064654	-121.33	79.93
4.562683	0.4	12.	-2.3	-95.67048	80.39
5.206529	0.4	12.	77.32	-96.22	77.417178
5.121627	0.4	12.	33.921277	-96.22	80.44
4.919615	0.4	12.	99.84	-42.719938	80.5
5.205882	0.4	12.	124.97	-115.301625	80.5
5.701729	0.4	12.	77.206382	-118.72	80.5
4.704828	0.4	12.	106.69	-187.87	79.668844
5.307052	0.4	12.	94.29	-193.659613	80.5
5.382544	0.4	12.	54.81	-212.076772	80.56
6.003361	0.4	12.	-26.12	-177.11	76.545992
5.695198	0.4	12.	44.69	-54.47	78.099606
4.678569	0.4	12.	110.94	-174.491848	80.73
6.331759	0.4	12.	57.42	-118.72	79.041005
4.819443	0.4	12.	112.57	-153.95	77.741491
5.014666	0.4	12.	129.21	-125.24	83.7968
6.25689	0.4	12.	-41.78	-136.847268	81.07
4.696454	0.4	12.	28.121167	-151.34	81.81
4.673546	0.4	12.	87.44	-115.13	85.105875
5.453001	0.4	12.	139.236211	-119.05	81.86
5.220446	0.4	12.	83.52	-87.08	83.276653
6.023371	0.4	12.	32.62	-136.99	84.211088
5.497395	0.4	12.	-5.56	-196.552573	82.49
4.618147	0.4	12.	62.34074	-202.87	82.83
5.107073	0.4	12.	147.16	-180.37	82.976864
5.500349	0.4	12.	135.08	-190.687196	83.23
5.214288	0.4	12.	149.758649	-112.2	83.46
5.750506	0.4	12.	130.19	-153.828127	83.51
5.51642	0.4	12.	15.278872	-140.57	83.51
5.19219	0.4	12.	23.034815	-123.61	83.57
5.094582	0.4	12.	11.435939	-196.68	83.57
4.983888	0.4	12.	15.32	-177.748361	83.57
5.727907	0.4	12.	77.98	-153.198609	84.02
5.473448	0.4	12.	66.368375	-161.12	84.08
4.496487	0.4	12.	97.56	-66.867149	84.19
4.677921	0.4	12.	84.18	-64.512493	84.19
4.559294	0.4	12.	84.83	-47.410106	84.25
4.783479	0.4	12.	102.137355	-77.95	84.25
6.042812	0.4	12.	114.340699	-75.67	84.25
4.66072	0.4	12.	122.36	-67.51	86.468999
5.518861	0.4	12.	121.118218	-57.4	84.25
5.507126	0.4	12.	112.89	-46.559995	84.25
4.5195	0.4	12.	62.64	-38.81	80.049811
4.634032	0.4	12.	66.19923	-48.59	84.25
4.584764	0.4	12.	54.48	-47.296485	84.25
4.600914	0.4	12.	-23.84	-73.669575	84.25
4.9054	0.4	12.	-30.69	-95.12176	84.25
5.224893	0.4	12.	75.86923	-196.68	84.37
5.588875	0.4	12.	84.83	-189.718754	84.37
5.163386	0.4	12.	73.06122	-175.15	84.37
5.337688	0.4	12.	32.29	-221.661993	84.42
4.802359	0.4	12.	-11.058714	-170.58	84.42
5.771348	0.4	12.	56.245761	-97.52	84.42
4.958187	0.4	12.	47.496321	-104.37	84.48
5.805223	0.4	12.	45.662247	-129.16	84.65
4.708892	0.4	12.	56.11	-128.83	86.583068
6.422626	0.4	12.	121.750152	-178.74	84.76
5.641489	0.4	12.	107.017936	-200.59	84.76
5.221599	0.4	12.	96.25	-208.31211	84.76
6.470654	0.4	12.	82.22	-222.205457	84.76
5.053135	0.4	12.	117.457119	-214.62	84.76
7.529643	0.4	12.	104.116295	-219.51	84.76
5.411952	0.4	12.	144.87	-197.	82.334479
5.471053	0.4	12.	154.01	-148.754762	84.76
4.905672	0.4	12.	109.96	-62.461479	84.82
4.542325	0.4	12.	45.02	-40.061573	84.82
5.729114	0.4	12.	43.06	-63.889304	84.88
5.447259	0.4	12.	18.834695	-93.61	84.88
5.475627	0.4	12.	31.31	-191.471875	84.93
5.367322	0.4	12.	-11.572522	-185.59	84.93
4.59987	0.4	12.	-12.495036	-154.6	84.93
5.001603	0.4	12.	-29.06	-128.799791	85.05
4.972453	0.4	12.	77.894186	-128.51	85.1
4.77321	0.4	12.	103.1	-121.815968	85.1
5.194539	0.4	12.	123.66	-204.5	80.081775
4.775928	0.4	12.	44.330535	-213.31	85.1
4.696499	0.4	12.	48.331755	-182.98	85.1
4.733805	0.4	12.	37.84	-152.062654	85.1
4.949952	0.4	12.	118.44	-149.716257	85.1
4.76634	0.4	12.	71.76944	-38.48	85.39
5.589496	0.4	12.	130.984113	-92.63	85.39
4.796367	0.4	12.	139.16668	-100.46	85.39
5.389159	0.4	12.	118.77	-100.134441	85.39
4.630155	0.4	12.	129.21	-106.65	84.792766
4.655017	0.4	12.	56.44	-145.79	84.630954
4.726574	0.4	12.	63.62	-134.05	88.951506
4.727906	0.4	12.	125.584096	-135.68	85.45
4.509889	0.4	12.	138.623588	-144.16	85.45
5.067514	0.4	12.	44.815227	-115.13	85.45
4.74359	0.4	12.	34.9	-117.025067	85.45
4.485723	0.4	12.	26.069467	-82.52	85.96
5.635416	0.4	12.	-28.902738	-113.83	85.96
7.177259	0.4	12.	-45.29121	-105.67	85.96
5.31235	0.4	12.	6.307454	-147.75	85.96
5.647811	0.4	12.	57.170975	-86.1	85.96
5.052209	0.4	12.	74.06	-67.84	83.406293
5.200808	0.4	12.	77.32	-77.95	86.557721
4.626724	0.4	12.	74.06	-55.794763	85.96
4.600244	0.4	12.	86.882647	-73.38	85.96
5.117235	0.4	12.	151.07	-134.7	86.280846
5.040509	0.4	12.	139.65	-133.73	88.965763
5.620831	0.4	12.	148.46	-163.891906	86.3
4.942439	0.4	12.	154.916283	-172.54	86.3
4.733323	0.4	12.	136.954028	-164.06	87.09
5.087026	0.4	12.	138.67	-152.97	92.496751
5.16011	0.4	12.	119.75	-191.443835	87.89
5.000413	0.4	12.	82.22	-207.939705	87.89
5.267186	0.4	12.	63.006657	-213.64	87.95
5.609308	0.4	12.	89.07	-150.36	86.64179
5.897929	0.4	12.	96.58	-103.402163	88.
4.618477	0.4	12.	112.722797	-86.76	88.
5.331419	0.4	12.	132.15	-69.606659	88.
4.612253	0.4	12.	84.18	-36.683434	88.
5.116334	0.4	12.	11.08	-115.46	87.925136
4.632428	0.4	12.	0.96	-121.66	89.108551
5.589062	0.4	12.	-2.3	-107.63	86.111576
4.91344	0.4	12.	14.34	-186.592431	88.12
5.11779	0.4	12.	15.438757	-205.48	88.12
5.305909	0.4	12.	2.264146	-186.24	88.12
6.411146	0.4	12.	140.859854	-83.82	88.4
4.944531	0.4	12.	126.6	-82.743731	88.46
4.532561	0.4	12.	63.627667	-68.49	88.97
5.447593	0.4	12.	149.44	-122.016588	88.97
4.78764	0.4	12.	157.305525	-186.89	89.2
4.969531	0.4	12.	33.6	-207.77	87.823424
4.850779	0.4	12.	75.187136	-143.84	90.11
5.183119	0.4	12.	68.600603	-151.99	90.11
4.651819	0.4	12.	43.39	-97.52	91.095452
4.740719	0.4	12.	77.32	-114.22615	90.56
5.142172	0.4	12.	76.35	-96.317737	90.56
5.103239	0.4	12.	92.422484	-197.33	90.56
5.226722	0.4	12.	52.2	-218.426332	90.56
4.672771	0.4	12.	95.669284	-38.16	90.56
4.491471	0.4	12.	93.97	-53.81	87.276508
5.117311	0.4	12.	-7.52	-116.44	92.526153
4.945443	0.4	12.	-19.59	-122.31	90.336603
5.179611	0.4	12.	-25.79	-172.941864	90.96
5.841977	0.4	12.	135.08	-112.659068	93.01
4.712001	0.4	12.	125.419339	-122.96	93.01
4.533431	0.4	12.	88.09	-113.5	94.147339
5.007353	0.4	12.	-0.99	-140.57	96.963428
4.516349	0.4	12.	-11.76	-141.88	93.785387
4.918225	0.4	12.	63.95	-202.366489	93.01
5.515774	0.4	12.	52.85	-170.26	90.144954
5.09058	0.4	12.	-3.939961	-196.68	93.01
5.190935	0.4	12.	-19.27	-110.24	93.295696
4.569859	0.4	12.	85.256076	-91.32	93.01
5.257283	0.4	12.	23.81	-150.053296	92.95
5.665558	0.4	12.	106.69	-151.756892	93.06
5.348493	0.4	12.	125.449647	-169.6	93.06
5.075618	0.4	12.	-40.713514	-120.03	93.06
4.510519	0.4	12.	135.442716	-192.76	93.69
4.587456	0.4	12.	143.323553	-180.04	93.69
5.458479	0.4	12.	62.97	-191.46	89.494168
5.283525	0.4	12.	147.236008	-109.91	93.69
4.756892	0.4	12.	24.562074	-137.31	93.69
4.777179	0.4	12.	23.81	-117.352068	93.69
4.642802	0.4	12.	6.19	-201.57	92.523668
5.971778	0.4	12.	130.19	-145.47	91.922475
4.674986	0.4	12.	80.91	-190.709292	94.48
5.049636	0.4	12.	75.37	-199.703643	94.48
4.826293	0.4	12.	58.793548	-112.52	94.48
4.76296	0.4	12.	70.101426	-106.65	94.48
4.992	0.4	12.	61.653516	-99.48	94.48
5.003405	0.4	12.	71.721427	-87.41	94.48
4.599916	0.4	12.	51.54	-104.102878	94.48
5.336647	0.4	12.	61.447114	-53.81	94.48
4.508824	0.4	12.	54.81	-44.35	94.338297
4.821453	0.4	12.	57.09	-32.5602	94.48
4.793306	0.4	12.	87.175874	-53.49	94.48
5.392645	0.4	12.	94.95	-72.062656	94.48
5.021858	0.4	12.	106.589732	-76.32	94.48
5.60389	0.4	12.	120.73	-50.051945	94.48
4.694233	0.4	12.	117.46	-72.175218	94.48
4.4945	0.4	12.	110.551023	-45.66	94.48
6.441357	0.4	12.	-32.262074	-77.62	94.54
6.930767	0.4	12.	-37.311129	-90.67	94.48
5.29402	0.4	12.	-27.110037	-102.74	94.54
5.139358	0.4	12.	-15.68	-173.378627	94.54
4.714079	0.4	12.	77.65	-153.967991	94.6
7.530665	0.4	12.	-41.667597	-133.4	95.45
5.035992	0.4	12.	-28.73	-143.610233	95.45
4.700339	0.4	12.	-37.22	-147.42	99.616699
4.869819	0.4	12.	-39.094634	-170.58	95.74
6.057905	0.4	12.	-42.44	-158.19	101.074427
5.620258	0.4	12.	-18.185078	-185.91	95.79
5.226151	0.4	12.	-4.26	-151.34	90.629746
4.584023	0.4	12.	-14.37	-150.833637	95.85
5.682214	0.4	12.	-15.35	-162.222034	95.96
4.806023	0.4	12.	16.121951	-178.74	94.43
4.69877	0.4	12.	26.42	-127.53	93.131433
4.764424	0.4	12.	46.65	-144.501631	94.48
4.788962	0.4	12.	30.99	-94.26	90.780528
5.907004	0.4	12.	11.41	-138.255558	95.
5.174772	0.4	12.	101.860192	-197.65	95.
4.9818	0.4	12.	98.54	-208.09	96.421144
5.726658	0.4	12.	109.96	-211.095402	95.
4.772423	0.4	12.	89.72	-213.96	93.424609
4.856042	0.4	12.	74.39	-215.59	95.095766
4.834551	0.4	12.	31.302377	-223.1	95.
5.417585	0.4	12.	31.374	-196.68	95.05
4.581893	0.4	12.	156.028915	-146.12	95.05
5.275964	0.4	12.	157.011055	-159.49	95.05
4.645221	0.4	12.	147.48	-156.602322	95.05
4.531731	0.4	12.	104.08	-60.66	92.281802
5.993512	0.4	12.	76.67	-45.514827	95.05
4.483574	0.4	12.	85.16	-65.923499	95.05
4.742873	0.4	12.	47.181672	-38.16	95.05
4.586121	0.4	12.	32.94	-36.034188	95.05
4.915218	0.4	12.	-1.64384	-96.22	95.05
4.53018	0.4	12.	69.49	-121.33	95.571435
5.0566	0.4	12.	54.16	-131.44	97.296829
5.38189	0.4	12.	126.6	-185.59	94.214537
4.992138	0.4	12.	49.91	-182.367863	95.11
4.538775	0.4	12.	59.05	-177.76	93.917508
4.739599	0.4	12.	44.04	-212.819872	95.11
5.474191	0.4	12.	122.03	-205.977387	95.11
5.177184	0.4	12.	119.42	-146.87372	95.11
5.099035	0.4	12.	-31.871502	-125.24	95.11
5.282085	0.4	12.	36.53	-148.850592	95.11
5.075428	0.4	12.	113.87	-59.690432	95.11
4.844458	0.4	12.	44.232573	-82.84	95.22
4.762613	0.4	12.	21.52	-99.806263	95.22
5.247938	0.4	12.	-19.92	-76.213836	95.39
4.944401	0.4	12.	126.695351	-106.	95.39
4.640104	0.4	12.	125.29	-95.56	93.554908
6.143764	0.4	12.	141.048261	-96.22	95.39
4.606643	0.4	12.	111.59	-100.570817	95.39
5.310097	0.4	12.	71.653407	-133.07	95.39
5.09974	0.4	12.	60.03	-141.712916	95.39
5.336288	0.4	12.	66.56	-44.03	99.998732
4.983404	0.4	12.	73.41	-33.069548	95.51
4.529925	0.4	12.	53.83	-207.921487	95.51
4.687692	0.4	12.	20.87	-193.74	91.236187
4.683627	0.4	12.	44.229098	-112.52	95.51
4.512467	0.4	12.	49.59	-120.35	95.704862
4.838243	0.4	12.	36.86	-127.989944	95.51
5.10803	0.4	12.	35.369485	-117.09	95.51
4.490298	0.4	12.	127.58	-132.386573	95.51
4.722239	0.4	12.	-19.59	-86.76	97.365431
4.503493	0.4	12.	-31.636955	-115.13	96.13
5.52059	0.4	12.	-40.48	-103.06	99.209533
4.578749	0.4	12.	29.709058	-81.54	96.13
5.856617	0.4	12.	19.550817	-86.43	96.13
4.595872	0.4	12.	54.649121	-86.1	96.13
5.231421	0.4	12.	84.5	-77.966016	96.13
5.299758	0.4	12.	73.41	-72.746772	96.13
4.997169	0.4	12.	72.43	-60.66	97.545418
4.533842	0.4	12.	158.287207	-135.68	96.13
5.413798	0.4	12.	146.386899	-138.62	96.13
4.901797	0.4	12.	136.72	-124.398378	96.13
5.800962	0.4	12.	146.83	-195.111504	96.13
4.845207	0.4	12.	55.597037	-159.17	96.13
5.660353	0.4	12.	17.28	-159.040168	96.13
4.731112	0.4	12.	80.26	-179.72	94.911108
4.974546	0.4	12.	145.151909	-169.93	96.3
4.889371	0.4	12.	156.186005	-170.58	96.3
4.856644	0.4	12.	32.29	-171.712046	96.42
4.952995	0.4	12.	135.41	-162.549742	97.5
6.269028	0.4	12.	105.71	-33.924857	97.5
4.720933	0.4	12.	129.21	-154.6	100.005405
4.844788	0.4	12.	114.429532	-85.78	98.07
5.491058	0.4	12.	129.54	-63.493604	98.07
4.552076	0.4	12.	119.826615	-193.41	98.07
4.558079	0.4	12.	63.95	-214.29	98.865447
4.565877	0.4	12.	0.768591	-129.16	98.07
4.879515	0.4	12.	13.69	-112.697898	98.07
5.686543	0.4	12.	88.42	-155.276259	98.07
5.508826	0.4	12.	83.963285	-33.92	98.07
7.747693	0.4	12.	48.61	-230.395565	98.07
6.195393	0.4	12.	17.61	-220.041184	98.07
4.658048	0.4	12.	92.132394	-99.48	98.24
4.694452	0.4	12.	134.843242	-84.8	98.69
4.973245	0.4	12.	123.66	-80.154342	98.69
4.778764	0.4	12.	64.754629	-165.69	99.2
4.73096	0.4	12.	70.47	-179.58416	99.2
4.697077	0.4	12.	148.14	-125.626071	99.2
4.885501	0.4	12.	7.82	-188.475846	99.2
4.956246	0.4	12.	22.18	-206.46	96.229052
6.457805	0.4	12.	32.29	-212.01	98.64182
4.709747	0.4	12.	156.95	-181.35	101.840957
5.15005	0.4	12.	57.204146	-71.75	100.06
6.091173	0.4	12.	71.791961	-146.77	100.51
4.651251	0.4	12.	-0.99	-116.44	104.271765
5.025813	0.4	12.	-12.74	-122.936058	100.91
5.79995	0.4	12.	-23.730703	-130.79	100.91
5.214575	0.4	12.	91.68	-196.379373	100.91
4.661466	0.4	12.	82.22	-206.79	101.9926
6.436587	0.4	12.	134.43	-205.914475	100.91
4.891088	0.4	12.	76.974443	-97.19	100.91
5.498559	0.4	12.	100.862899	-48.92	100.91
5.317584	0.4	12.	88.31417	-45.01	100.91
6.473693	0.4	12.	94.29	-34.89	104.577789
5.259967	0.4	12.	-24.550847	-178.74	101.25
4.653244	0.4	12.	79.94	-122.084852	101.25
4.975529	0.4	12.	40.712491	-175.15	102.1
4.766694	0.4	12.	35.55	-189.541235	102.1
4.805651	0.4	12.	107.93409	-162.1	102.1
4.56896	0.4	12.	41.557786	-97.19	102.1
4.663487	0.4	12.	36.290993	-70.77	102.1
6.39676	0.4	12.	162.908012	-206.46	102.22
5.732672	0.4	12.	149.44	-205.81	102.356483
5.246972	0.4	12.	84.711296	-144.49	102.33
5.038655	0.4	12.	55.473598	-150.36	102.67
4.958286	0.4	12.	71.45	-157.726826	102.84
4.886982	0.4	12.	89.07	-110.57	106.86856
5.477531	0.4	12.	77.98	-109.59	101.663052
4.909668	0.4	12.	86.14	-88.803365	103.18
5.207806	0.4	12.	-12.93	-108.28	103.18
4.890696	0.4	12.	-20.57	-116.11	102.980669
5.975396	0.4	12.	-2.95	-149.923948	103.18
4.590329	0.4	12.	9.566938	-148.73	103.18
5.191278	0.4	12.	26.088341	-148.4	103.18
4.868613	0.4	12.	-1.596544	-194.72	103.18
5.886431	0.4	12.	120.573478	-173.84	103.35
4.867491	0.4	12.	129.21	-119.651514	103.35
4.683506	0.4	12.	147.680462	-185.59	103.86
4.804402	0.4	12.	139.475701	-193.41	103.86
6.1451	0.4	12.	65.58	-192.44	101.765705
4.547468	0.4	12.	63.95	-204.105451	103.86
4.811414	0.4	12.	53.83	-215.27	103.857812
5.872683	0.4	12.	9.476209	-201.89	103.86
5.832196	0.4	12.	-47.650048	-117.42	103.86
4.598486	0.4	12.	137.04	-107.31	104.015754
4.561038	0.4	12.	145.573632	-115.13	103.86
4.802552	0.4	12.	66.23	-112.2	102.563748
5.403665	0.4	12.	66.928024	-99.15	104.77
4.820443	0.4	12.	71.45	-89.725828	104.77
4.870407	0.4	12.	54.81	-109.26	103.648126
5.684376	0.4	12.	110.61	-77.32648	104.89
4.9344	0.4	12.	98.21	-74.038412	104.89
4.543729	0.4	12.	87.11	-54.414629	104.38
5.118297	0.4	12.	112.57	-41.200993	104.72
5.139458	0.4	12.	122.767108	-54.47	104.72
4.879235	0.4	12.	66.427789	-55.12	104.72
6.226644	0.4	12.	57.182737	-48.92	104.72
5.01165	0.4	12.	57.858936	-37.18	104.72
4.744165	0.4	12.	-26.12	-100.274804	104.6
4.627445	0.4	12.	-30.69	-91.	104.295653
5.296069	0.4	12.	8.47	-176.946002	104.49
4.627164	0.4	12.	74.06	-203.117963	104.49
5.183231	0.4	12.	80.599963	-191.46	104.55
4.618408	0.4	12.	89.07	-119.7	104.199972
6.156868	0.4	12.	22.83	-118.580849	104.66
6.053749	0.4	12.	21.2	-137.731235	104.66
4.889344	0.4	12.	-15.012129	-173.52	104.66
4.801929	0.4	12.	130.975579	-144.49	104.77
4.981101	0.4	12.	32.94	-91.32	100.373248
4.511837	0.4	12.	94.95	-211.03	105.994173
5.271318	0.4	12.	109.96	-198.63	102.162992
5.587309	0.4	12.	112.24	-211.35	107.242358
5.351691	0.4	12.	126.93	-183.213569	105.06
5.128586	0.4	12.	139.33	-150.838844	105.06
5.0572	0.4	12.	149.12	-147.75	105.929247
5.935003	0.4	12.	148.46	-160.14	105.791228
5.161048	0.4	12.	88.395091	-68.16	105.12
5.410315	0.4	12.	77.	-53.048125	105.12
4.777665	0.4	12.	118.620251	-64.25	105.12
4.518981	0.4	12.	42.73	-138.824973	105.12
4.720983	0.4	12.	35.808123	-151.99	105.12
5.407315	0.4	12.	51.22	-173.955515	105.12
4.742552	0.4	12.	57.74	-182.	106.173438
4.630971	0.4	12.	45.579767	-186.56	105.12
4.866366	0.4	12.	116.16	-146.499743	105.12
4.697161	0.4	12.	68.170374	-121.98	105.12
5.738833	0.4	12.	4.88	-96.54	107.628714
5.794542	0.4	12.	3.9	-75.01	104.741532
5.284997	0.4	12.	46.98	-37.40227	105.12
5.238853	0.4	12.	15.	-55.628771	105.17
4.679185	0.4	12.	43.476271	-210.38	105.29
4.84714	0.4	12.	36.86	-220.70982	105.29
4.701866	0.4	12.	4.651454	-140.57	105.29
5.706177	0.4	12.	21.936412	-96.22	105.34
4.996753	0.4	12.	56.44	-138.522402	105.34
4.680656	0.4	12.	81.057869	-159.82	105.4
5.299707	0.4	12.	122.401454	-98.82	105.46
4.872154	0.4	12.	132.8	-94.219439	105.46
4.80572	0.4	12.	72.014706	-132.42	105.51
6.058012	0.4	12.	53.477587	-120.68	105.57
5.131264	0.4	12.	37.19	-112.188663	105.57
5.174339	0.4	12.	37.776789	-124.92	105.57
4.642639	0.4	12.	-33.63	-130.081669	105.57
4.537674	0.4	12.	-32.32	-153.838871	105.57
4.982452	0.4	12.	-19.190318	-146.12	105.57
4.595463	0.4	12.	-30.926319	-142.21	105.57
4.483687	0.4	12.	-27.1	-81.54	103.824444
6.704678	0.4	12.	-21.88	-61.906439	105.57
4.836917	0.4	12.	74.08674	-35.55	105.57
5.621839	0.4	12.	18.5704	-190.81	105.8
5.565143	0.4	12.	-32.569023	-170.91	105.8
5.500987	0.4	12.	47.650656	-83.49	105.91
4.910688	0.4	12.	124.97	-130.948983	105.91
4.612323	0.4	12.	89.009877	-185.91	105.91
4.858093	0.4	12.	-13.39	-154.950256	105.91
5.143286	0.4	12.	77.98	-75.99	106.532973
5.224524	0.4	12.	73.08	-66.343596	106.25
4.778034	0.4	12.	137.69	-132.773308	106.25
4.896006	0.4	12.	153.240138	-135.68	106.25
5.31115	0.4	12.	-23.953591	-160.8	106.25
5.691245	0.4	12.	-31.324871	-109.91	106.25
5.348843	0.4	12.	-38.2	-99.8	110.513134
5.278247	0.4	12.	14.34	-85.939597	106.37
5.620007	0.4	12.	30.873352	-81.54	106.37
4.892159	0.4	12.	158.257595	-169.6	106.37
4.572745	0.4	12.	137.839952	-172.21	106.37
5.520213	0.4	12.	107.67	-101.11	105.866608
4.837663	0.4	12.	59.834493	-86.1	106.65
4.746478	0.4	12.	92.66	-175.47	108.024238
5.150894	0.4	12.	56.455423	-198.63	107.84
5.198366	0.4	12.	156.62	-193.74	106.833238
5.14511	0.4	12.	31.696997	-57.07	107.96
5.274359	0.4	12.	24.79	-40.054717	108.01
5.875577	0.4	12.	33.92	-31.813688	108.19
5.585924	0.4	12.	134.466657	-65.23	108.19
5.158309	0.4	12.	111.59	-89.575055	108.19
5.045976	0.4	12.	132.8	-160.287983	108.19
5.479115	0.4	12.	-1.323106	-130.46	108.19
4.787555	0.4	12.	119.933334	-199.61	108.19
4.842145	0.4	12.	114.53	-187.87	105.030153
4.683041	0.4	12.	12.06	-115.79	111.425499
5.685308	0.4	12.	-16.33	-77.3	106.802827
4.981122	0.4	12.	130.52	-78.6	113.240451
4.625966	0.4	12.	122.658737	-84.47	108.81
5.34127	0.4	12.	74.424552	-180.37	109.32
5.669975	0.4	12.	63.507169	-173.52	109.32
4.815429	0.4	12.	58.72	-163.41	107.274937
5.164691	0.4	12.	23.81	-202.87	110.571759
5.526328	0.4	12.	106.69	-144.363566	109.89
4.686203	0.4	12.	144.87	-128.18	110.459206
5.117866	0.4	12.	12.39	-163.91917	110.91
5.318265	0.4	12.	-4.91	-175.8	109.119142
5.953115	0.4	12.	-12.366694	-184.28	110.91
4.90744	0.4	12.	35.23	-212.66	110.728787
5.510756	0.4	12.	83.85	-214.511877	110.91
4.922767	0.4	12.	90.97638	-198.63	110.91
4.856534	0.4	12.	128.6449	-207.11	110.91
4.982528	0.4	12.	86.876567	-42.07	110.91
4.541486	0.4	12.	95.6	-54.47	111.427417
5.442501	0.4	12.	-8.17	-114.62714	111.2
4.540501	0.4	12.	-23.802242	-127.85	111.6
4.709737	0.4	12.	78.3	-120.68	111.850666
4.490537	0.4	12.	47.453012	-70.45	111.88
5.72489	0.4	12.	65.370716	-143.84	111.94
5.295028	0.4	12.	97.391636	-121.98	111.94
5.664945	0.4	12.	100.49	-108.28	110.616088
5.871856	0.4	12.	87.44	-82.317023	112.17
4.975371	0.4	12.	34.9	-65.787223	112.17
4.562358	0.4	12.	12.39	-64.58	112.023196
6.246913	0.4	12.	0.855844	-51.2	112.22
5.159259	0.4	12.	36.456753	-172.54	112.22
4.898457	0.4	12.	35.55	-184.786941	112.22
5.017339	0.4	12.	115.83	-167.05364	112.28
4.870798	0.4	12.	112.24	-176.13	114.152658
6.35865	0.4	12.	155.97	-205.81	116.187327
5.474004	0.4	12.	154.66	-179.72	112.157542
4.567364	0.4	12.	124.107626	-149.06	112.28
5.013049	0.4	12.	104.41	-160.809727	112.28
6.38945	0.4	12.	87.44	-130.098115	112.28
5.20631	0.4	12.	39.14	-203.53	113.955762
5.025588	0.4	12.	49.975821	-155.9	112.39
5.17939	0.4	12.	86.79	-149.38	112.646539
4.634517	0.4	12.	76.341748	-141.88	112.39
4.830966	0.4	12.	88.75	-96.22	109.386344
4.73292	0.4	12.	157.821521	-127.85	112.45
4.798474	0.4	12.	54.81	-147.260244	112.79
5.051503	0.4	12.	71.45	-159.17	115.701622
5.433254	0.4	12.	138.67	-118.902514	113.98
5.693705	0.4	12.	150.75	-117.089428	114.04
5.419975	0.4	12.	137.776452	-104.04	114.04
5.907839	0.4	12.	127.58	-112.85	112.359671
4.753318	0.4	12.	77.32	-106.	112.348265
5.578525	0.4	12.	-17.31	-104.968691	114.04
5.550717	0.4	12.	-20.17655	-116.76	114.04
5.905812	0.4	12.	-37.22	-121.729482	114.04
4.810439	0.4	12.	-3.93	-145.273338	114.04
4.625624	0.4	12.	12.39	-153.276336	114.04
4.497973	0.4	12.	22.85034	-157.21	114.04
4.772174	0.4	12.	3.57	-207.475036	114.1
4.63406	0.4	12.	57.09	-218.920385	114.15
4.882737	0.4	12.	70.47	-192.44	112.225217
4.862393	0.4	12.	141.207882	-198.63	114.15
4.900355	0.4	12.	144.861974	-186.89	114.15
4.663428	0.4	12.	136.72	-181.67	109.487514
5.05848	0.4	12.	122.541253	-175.47	114.15
4.785892	0.4	12.	119.724598	-140.9	114.15
4.82004	0.4	12.	43.078122	-56.1	114.21
4.529237	0.4	12.	61.624232	-207.44	114.21
7.453053	0.4	12.	70.8	-218.929341	114.21
4.791012	0.4	12.	77.14734	-204.18	114.55
4.916895	0.4	12.	80.686312	-193.41	114.55
5.623451	0.4	12.	15.563295	-209.72	114.55
6.052197	0.4	12.	-5.89	-195.37	119.848913
5.601239	0.4	12.	41.75	-100.645664	114.89
5.449669	0.4	12.	57.599533	-113.18	114.89
5.414578	0.4	12.	68.534212	-91.32	114.89
5.443682	0.4	12.	65.58	-106.33	120.03437
4.596686	0.4	12.	99.647585	-73.38	114.95
4.974437	0.4	12.	96.696652	-63.6	114.95
4.621795	0.4	12.	82.87	-56.1	112.672902
4.662169	0.4	12.	65.9	-43.775932	114.95
5.467302	0.4	12.	59.7	-35.23619	114.95
5.389522	0.4	12.	33.27	-93.61	116.908049
5.033141	0.4	12.	-26.77	-94.969448	115.06
4.60116	0.4	12.	-25.47	-171.403765	115.12
5.722516	0.4	12.	24.13	-175.15	113.581699
5.197699	0.4	12.	50.89	-183.63	119.039234
5.010367	0.4	12.	61.99	-183.3	117.554924
4.48109	0.4	12.	49.846303	-168.63	115.12
4.802741	0.4	12.	40.78	-132.240374	115.12
5.102053	0.4	12.	29.724942	-146.45	115.12
5.503977	0.4	12.	23.48	-129.991217	115.12
4.505158	0.4	12.	23.48	-116.384402	115.12
4.617419	0.4	12.	145.85	-148.750729	115.12
5.058757	0.4	12.	156.163714	-146.45	115.12
5.136494	0.4	12.	142.26	-160.927639	115.12
5.662988	0.4	12.	132.269848	-141.23	115.12
5.044572	0.4	12.	114.53	-73.38	116.154188
5.547824	0.4	12.	120.07	-59.03	116.769672
5.417867	0.4	12.	52.609905	-45.98	115.12
5.511925	0.4	12.	109.3	-201.346626	115.18
5.011588	0.4	12.	99.84	-212.179794	115.18
5.427554	0.4	12.	20.544317	-52.83	115.18
4.870814	0.4	12.	-14.37	-174.5	117.732757
5.063642	0.4	12.	133.13	-191.78	115.814411
5.559172	0.4	12.	123.66	-186.915595	115.29
4.658244	0.4	12.	159.500061	-157.21	115.29
6.082834	0.4	12.	112.57	-153.679496	115.23
4.642789	0.4	12.	78.438313	-46.96	115.29
4.927728	0.4	12.	18.59	-101.425415	115.46
5.096577	0.4	12.	137.911202	-88.71	115.58
4.8752	0.4	12.	128.88	-95.185799	115.58
5.476396	0.4	12.	78.385483	-35.22	115.58
5.205489	0.4	12.	-40.160001	-132.42	115.58
6.178089	0.4	12.	-23.51	-143.320639	115.58
5.206037	0.4	12.	-30.950998	-155.9	115.58
4.614085	0.4	12.	36.86	-115.487101	115.58
4.780935	0.4	12.	3.868651	-138.94	115.92
4.557765	0.4	12.	61.97274	-127.85	115.92
5.695074	0.4	12.	44.37	-144.071217	115.92
5.678357	0.4	12.	57.09	-74.36	110.762159
5.615289	0.4	12.	119.232674	-129.81	115.92
5.500904	0.4	12.	41.1	-80.23	114.142631
4.670769	0.4	12.	90.05	-188.416738	115.92
4.581435	0.4	12.	80.91	-156.56	118.097275
4.6185	0.4	12.	83.85	-66.53	114.617333
5.296733	0.4	12.	99.794434	-41.42	115.92
5.155967	0.4	12.	47.63	-29.282024	115.92
5.198475	0.4	12.	-36.24779	-82.19	115.92
5.14949	0.4	12.	-12.09	-63.429724	115.97
5.656132	0.4	12.	32.94	-124.92	118.347519
4.65504	0.4	12.	129.86	-128.474874	116.37
5.519349	0.4	12.	145.85	-136.984229	116.32
4.920394	0.4	12.	157.27	-135.68	120.74077
4.939365	0.4	12.	116.687792	-112.52	116.37
4.673724	0.4	12.	105.260868	-128.83	116.37
4.533485	0.4	12.	117.608675	-93.28	116.32
4.744835	0.4	12.	73.620864	-68.16	116.37
5.916427	0.4	12.	69.17	-57.586467	116.37
4.994534	0.4	12.	76.796985	-80.89	116.37
4.797929	0.4	12.	46.626167	-90.02	116.37
4.480253	0.4	12.	29.993631	-83.82	116.37
4.856881	0.4	12.	15.97	-80.56	120.103537
4.798813	0.4	12.	-14.37	-150.03	116.707728
5.082059	0.4	12.	-18.94	-159.49	119.460982
5.794288	0.4	12.	9.45	-197.005951	116.37
6.433698	0.4	12.	8.694408	-174.82	116.37
4.493565	0.4	12.	102.13	-187.22	112.430334
5.190189	0.4	12.	142.26	-173.662394	116.37
5.516517	0.4	12.	153.68	-167.270506	116.37
5.18935	0.4	12.	88.42	-118.121559	116.37
4.613472	0.4	12.	46.98	-109.59	113.635779
5.025159	0.4	12.	37.51	-45.98	117.173817
4.863645	0.4	12.	1.94	-64.9	115.678342
4.758584	0.4	12.	-33.63	-108.53237	116.49
5.176569	0.4	12.	-43.09	-112.075926	116.49
5.012573	0.4	12.	-42.232731	-92.3	116.49
4.902899	0.4	12.	-12.09	-128.18	111.851527
5.484592	0.4	12.	26.09	-186.830094	116.54
4.81936	0.4	12.	50.57	-205.269846	116.54
4.716605	0.4	12.	43.06	-217.22	115.165748
4.594169	0.4	12.	136.39	-151.01	116.783782
4.576839	0.4	12.	110.514292	-100.78	116.54
4.684797	0.4	12.	22.83	-74.913997	116.54
4.623324	0.4	12.	22.5	-89.866397	116.54
4.725303	0.4	12.	7.471935	-75.67	116.54
5.589764	0.4	12.	10.43	-88.729997	116.54
4.650791	0.4	12.	73.493247	-168.95	116.54
4.732786	0.4	12.	56.925237	-138.29	116.54
4.672106	0.4	12.	-34.799737	-140.9	116.66
5.860119	0.4	12.	-21.88	-83.49	114.879302
7.524098	0.4	12.	-24.82	-71.43	121.41463
5.48637	0.4	12.	60.03	-83.429456	117.22
4.972462	0.4	12.	68.371918	-200.26	118.19
5.023646	0.4	12.	85.81	-177.255653	118.19
5.230459	0.4	12.	98.21	-175.47	120.579867
4.75888	0.4	12.	112.57	-191.67456	118.19
4.614402	0.4	12.	123.34	-197.030416	118.19
4.801901	0.4	12.	126.751074	-162.75	118.19
4.637971	0.4	12.	30.01	-56.121442	118.19
4.899907	0.4	12.	24.46	-41.653006	118.19
4.484216	0.4	12.	-3.28	-130.561465	118.19
5.098447	0.4	12.	-2.663787	-120.35	118.19
4.902772	0.4	12.	119.762465	-83.82	119.21
5.221076	0.4	12.	125.29	-69.14	114.684286
4.696036	0.4	12.	58.72	-172.87	120.518073
4.731389	0.4	12.	35.23	-165.467728	120.41
6.298752	0.4	12.	-28.98134	-128.18	121.89
5.021454	0.4	12.	78.691102	-119.05	121.94
5.273853	0.4	12.	102.45	-120.132757	122.06
5.262079	0.4	12.	100.17	-108.987632	122.06
5.388565	0.4	12.	13.631048	-163.41	122.17
4.570927	0.4	12.	29.03	-206.14	118.27647
6.298008	0.4	12.	86.79	-206.79	120.073257
4.887121	0.4	12.	96.25	-197.98	121.511047
5.614914	0.4	12.	46.615344	-66.86	122.51
5.119219	0.4	12.	31.64	-67.737612	122.51
4.727098	0.4	12.	74.39	-148.08	124.315072
4.487238	0.4	12.	116.36756	-165.04	122.51
4.885729	0.4	12.	128.88	-152.633901	122.51
4.681103	0.4	12.	43.39	-158.919101	122.51
5.07812	0.4	12.	89.72	-45.891171	122.8
5.665166	0.4	12.	88.75	-35.121279	122.8
4.889273	0.4	12.	102.13	-54.79	119.844598
5.037967	0.4	12.	107.02	-68.806627	122.8
4.889199	0.4	12.	-11.44	-76.64	118.245599
4.514435	0.4	12.	-5.89	-94.883862	122.97
5.808697	0.4	12.	-11.949277	-115.13	122.97
6.051998	0.4	12.	-7.484513	-166.02	123.08
5.472807	0.4	12.	26.74	-213.96	125.224133
5.325236	0.4	12.	20.54	-203.480296	123.08
4.754102	0.4	12.	52.779537	-154.6	123.19
4.765115	0.4	12.	62.64	-148.640599	123.19
4.82103	0.4	12.	87.561571	-74.04	123.25
5.337447	0.4	12.	93.31	-92.3	120.020061
4.848092	0.4	12.	88.09	-100.78	124.707881
4.510262	0.4	12.	18.551429	-66.86	123.36
4.7346	0.4	12.	2.92	-51.2	125.335684
5.342408	0.4	12.	21.516709	-147.75	123.54
5.790997	0.4	12.	130.967259	-114.48	124.1
5.299529	0.4	12.	142.59	-114.817862	124.1
5.339812	0.4	12.	139.65	-125.24	122.659379
5.284679	0.4	12.	150.755576	-125.57	124.1
4.739361	0.4	12.	141.675466	-102.74	124.1
4.501795	0.4	12.	147.48	-180.69	123.442995
5.61444	0.4	12.	146.701859	-192.44	124.16
4.728104	0.4	12.	131.82	-181.67	121.628349
4.532574	0.4	12.	123.34	-172.329534	124.16
5.682179	0.4	12.	111.26	-183.014944	124.16
5.869764	0.4	12.	100.109233	-160.14	124.16
5.543336	0.4	12.	68.51	-190.81	123.702907
5.471644	0.4	12.	24.564984	-160.47	124.16
5.137093	0.4	12.	9.45	-151.529374	124.16
4.964613	0.4	12.	-4.26	-148.55603	124.16
4.753669	0.4	12.	-20.25	-121.98	124.712931
5.677904	0.4	12.	-24.49	-110.126747	124.16
4.528271	0.4	12.	-32.343482	-116.76	124.16
5.078377	0.4	12.	58.07	-222.073318	124.16
4.982684	0.4	12.	77.471348	-107.31	124.16
5.345715	0.4	12.	42.73	-52.458446	124.44
4.804481	0.4	12.	122.03	-139.6	126.243638
4.863598	0.4	12.	40.78	-98.459938	125.24
4.616427	0.4	12.	28.7	-97.19	129.119193
5.147819	0.4	12.	22.83	-109.59	122.745315
5.253871	0.4	12.	21.662172	-124.59	125.24
5.174574	0.4	12.	-28.73	-91.890524	125.24
5.423497	0.4	12.	31.96	-151.109933	125.24
4.874717	0.4	12.	40.851692	-134.38	125.24
5.904128	0.4	12.	45.67	-171.943192	125.24
5.899654	0.4	12.	20.58831	-173.19	125.24
5.648728	0.4	12.	81.955548	-194.07	125.24
5.390748	0.4	12.	75.04	-206.14	124.917218
5.183958	0.4	12.	66.649945	-212.66	125.24
4.814563	0.4	12.	142.92	-159.82	128.024949
4.649498	0.4	12.	142.810829	-148.73	125.24
5.000595	0.4	12.	135.08	-137.643215	125.24
6.192623	0.4	12.	109.96	-80.56	126.777515
5.324807	0.4	12.	115.83	-68.82	128.961778
5.140777	0.4	12.	98.174699	-77.62	125.24
5.613176	0.4	12.	95.202618	-66.86	125.24
4.619393	0.4	12.	93.31	-56.273605	125.24
5.462019	0.4	12.	83.2	-57.4	124.564117
5.323101	0.4	12.	65.58	-47.978841	125.24
4.877169	0.4	12.	65.9	-35.22	125.832808
5.095899	0.4	12.	46.98	-42.4	125.129137
4.757384	0.4	12.	88.75	-147.1	123.641016
4.514952	0.4	12.	56.44	-117.869716	125.35
5.338247	0.4	12.	15.65	-50.89034	125.35
5.490169	0.4	12.	77.32	-44.787381	125.35
4.990483	0.4	12.	15.226175	-97.85	125.75
4.940242	0.4	12.	38.49	-118.895792	125.81
4.614691	0.4	12.	44.409852	-78.28	126.49
4.690391	0.4	12.	34.25	-77.704428	126.49
5.025672	0.4	12.	43.39	-88.71	125.917319
4.999903	0.4	12.	69.82	-59.68	131.357679
5.27059	0.4	12.	79.61	-82.006625	126.49
4.588924	0.4	12.	71.379277	-88.06	126.49
5.068503	0.4	12.	88.75	-121.249617	126.49
5.18394	0.4	12.	115.952189	-111.87	126.49
4.634063	0.4	12.	130.456933	-92.63	126.49
4.98114	0.4	12.	138.298621	-81.86	126.49
4.647543	0.4	12.	133.865927	-172.87	126.49
5.306664	0.4	12.	149.77	-168.663633	126.49
4.50476	0.4	12.	-12.720122	-155.25	126.49
4.566877	0.4	12.	-22.53	-151.01	125.915136
4.590924	0.4	12.	-9.8	-127.53	123.909476
4.879891	0.4	12.	5.21	-170.005934	126.49
4.862204	0.4	12.	2.6	-199.865837	126.49
4.793724	0.4	12.	48.222507	-108.94	126.49
4.790629	0.4	12.	109.96	-129.137136	126.49
4.862907	0.4	12.	125.62	-129.16	127.503856
5.431728	0.4	12.	76.02	-30.002124	126.49
4.655056	0.4	12.	6.195137	-63.27	126.49
5.64994	0.4	12.	-46.044258	-126.22	126.49
5.719761	0.4	12.	-24.49	-173.133937	126.49
5.12217	0.4	12.	90.7	-182.498975	126.49
5.510617	0.4	12.	101.15	-187.936438	126.49
4.738181	0.4	12.	126.6	-190.009395	126.49
4.868353	0.4	12.	79.856602	-157.86	127.46
4.552925	0.4	12.	52.458412	-209.72	127.46
6.086451	0.4	12.	44.69	-224.300878	127.51
4.955216	0.4	12.	27.525248	-183.96	127.46
5.164123	0.4	12.	50.780829	-140.25	127.51
4.675567	0.4	12.	16.3	-84.47	129.4691
5.246176	0.4	12.	9.29711	-76.64	127.46
5.620729	0.4	12.	30.99	-46.323058	128.65
5.781298	0.4	12.	26.74	-58.71	129.002507
4.503485	0.4	12.	1.14968	-123.29	128.65
5.237508	0.4	12.	56.44	-82.897144	128.65
5.250719	0.4	12.	131.49	-162.1	127.574426
4.763458	0.4	12.	118.816612	-158.51	128.65
5.43627	0.4	12.	148.46	-137.31	127.713089
5.067368	0.4	12.	28.601591	-87.41	128.65
5.755984	0.4	12.	54.48	-35.305099	128.65
4.795238	0.4	12.	-18.94	-82.715648	128.65
5.268883	0.4	12.	-23.84	-141.450768	128.71
4.487201	0.4	12.	-3.6	-138.29	124.526616
5.755412	0.4	12.	62.31	-201.709229	128.71
5.768815	0.4	12.	115.5	-192.44	129.243384
5.531878	0.4	12.	106.37	-200.26	132.152082
6.948883	0.4	12.	127.58	-206.025668	128.71
5.083648	0.4	12.	115.18	-205.799883	128.71
5.53556	0.4	12.	94.95	-213.968054	128.71
5.209593	0.4	12.	81.89	-218.53	127.294481
5.848558	0.4	12.	70.15	-227.91429	128.71
5.2454	0.4	12.	51.54	-94.109872	129.39
4.645805	0.4	12.	55.13	-63.027608	129.39
5.955213	0.4	12.	124.717865	-78.28	129.39
8.015549	0.4	12.	-44.181551	-104.7	129.39
5.063085	0.4	12.	98.21	-172.87	133.361454
4.986781	0.4	12.	109.3	-100.78	128.227419
4.814935	0.4	12.	4.23	-101.11	134.978752
4.57341	0.4	12.	-3.734924	-109.26	130.64
4.963985	0.4	12.	-17.227391	-99.48	130.7
4.527477	0.4	12.	46.98	-126.22	128.692019
4.748632	0.4	12.	59.7	-176.13	134.028145
4.610497	0.4	12.	22.525294	-135.03	130.7
4.854094	0.4	12.	31.64	-164.06	131.741335
6.024575	0.4	12.	118.44	-91.98	127.511634
5.566282	0.4	12.	7.49	-91.837023	130.7
5.351963	0.4	12.	12.06	-110.24	135.130999
5.343417	0.4	12.	105.39	-111.55	135.319714
4.529872	0.4	12.	97.457685	-123.29	132.35
5.0707	0.4	12.	112.57	-120.158561	132.35
4.772293	0.4	12.	96.9	-102.09	136.549497
5.974917	0.4	12.	92.99	-112.193894	132.35
4.769009	0.4	12.	76.67	-67.51	127.726955
5.362172	0.4	12.	-4.734111	-81.86	132.35
5.447541	0.4	12.	-6.22	-65.56	136.62186
4.748253	0.4	12.	76.35	-169.93	134.532328
5.08748	0.4	12.	93.117098	-198.31	132.35
4.675645	0.4	12.	86.79	-207.199843	132.35
4.638873	0.4	12.	75.310319	-130.46	133.43
5.477968	0.4	12.	61.24834	-154.6	133.43
6.361951	0.4	12.	49.91	-159.17	135.128057
4.918953	0.4	12.	42.41	-150.586105	133.48
5.660179	0.4	12.	124.009883	-149.38	133.43
4.615616	0.4	12.	85.48	-72.4	132.513519
4.682849	0.4	12.	89.07	-45.276385	133.43
4.581765	0.4	12.	87.44	-34.800471	133.48
5.04012	0.4	12.	100.49	-45.420187	133.43
4.732831	0.4	12.	31.581365	-70.12	133.48
4.728156	0.4	12.	22.899898	-74.69	133.43
5.881086	0.4	12.	13.69	-64.58	134.857522
5.520638	0.4	12.	-7.19	-95.031557	133.48
4.757205	0.4	12.	-15.61272	-114.15	133.48
5.074937	0.4	12.	-30.69	-126.512807	133.48
4.713734	0.4	12.	16.63	-199.74478	133.48
4.48957	0.4	12.	14.02	-177.76	134.316029
4.995458	0.4	12.	13.36	-159.82	137.521809
4.793802	0.4	12.	75.04	-144.81	137.939006
4.824587	0.4	12.	89.07	-90.664883	133.94
5.950761	0.4	12.	106.69	-56.315271	133.94
4.921469	0.4	12.	18.26	-148.08	133.547817
4.751095	0.4	12.	-6.684408	-166.99	134.
4.556657	0.4	12.	27.864444	-208.42	133.94
6.274157	0.4	12.	32.29	-220.914759	134.
4.793081	0.4	12.	48.28	-66.21	136.167645
7.169797	0.4	12.	145.53	-192.11	140.512854
5.875835	0.4	12.	139.	-182.077714	134.56
5.594837	0.4	12.	151.924037	-178.08	134.56
5.139265	0.4	12.	127.58	-178.41	131.595825
5.226201	0.4	12.	121.767443	-170.26	134.56
4.579042	0.4	12.	117.14	-182.328248	134.56
4.863994	0.4	12.	146.532062	-125.24	134.56
5.576967	0.4	12.	146.83	-114.81	137.151261
4.56703	0.4	12.	138.02	-109.91	138.410972
4.652187	0.4	12.	132.15	-105.35	131.699987
5.327448	0.4	12.	124.97	-119.7	132.372648
5.553009	0.4	12.	127.91	-111.55	139.023626
5.001457	0.4	12.	137.69	-119.908184	134.56
4.686946	0.4	12.	82.55	-106.357423	134.51
4.631452	0.4	12.	111.430382	-163.41	134.56
4.808314	0.4	12.	102.792955	-159.49	134.56
5.036093	0.4	12.	64.92	-189.708425	134.56
5.344832	0.4	12.	-37.54	-116.994975	134.56
4.678965	0.4	12.	-22.0637	-121.	134.56
5.412237	0.4	12.	-18.94	-130.79	133.416878
6.365354	0.4	12.	3.601033	-147.42	134.56
5.396217	0.4	12.	54.81	-128.127831	134.62
4.781173	0.4	12.	25.44	-194.72	136.33188
7.381398	0.4	12.	38.49	-56.75	137.85435
4.901062	0.4	12.	-27.1	-110.57	136.639381
5.605554	0.4	12.	48.911058	-44.68	135.64
5.384812	0.4	12.	64.27	-32.294646	135.64
5.86439	0.4	12.	79.61	-51.95656	135.64
4.911764	0.4	12.	94.217358	-53.49	135.64
4.552913	0.4	12.	68.19	-46.64	136.201744
8.082527	0.4	12.	107.02	-74.04	143.586379
5.090592	0.4	12.	96.58	-64.9	135.964653
4.626771	0.4	12.	84.83	-61.97	135.00777
5.26153	0.4	12.	95.93	-75.503904	135.64
4.692459	0.4	12.	103.148587	-83.82	135.64
4.490948	0.4	12.	34.9	-93.710494	135.64
4.842259	0.4	12.	22.18	-108.039234	135.64
5.727554	0.4	12.	27.72	-118.39	141.293028
5.4358	0.4	12.	30.66	-128.83	132.898441
5.119157	0.4	12.	39.14	-136.777564	135.64
4.726229	0.4	12.	31.31	-150.66885	135.64
4.914257	0.4	12.	24.424465	-170.58	135.64
4.781843	0.4	12.	41.1	-167.239614	135.64
6.229523	0.4	12.	75.504412	-195.7	135.64
5.188836	0.4	12.	68.19	-210.05	136.234201
4.661123	0.4	12.	129.86	-138.62	136.781746
4.730015	0.4	12.	138.02	-133.921303	135.7
5.469483	0.4	12.	138.02	-146.904563	135.7
5.687847	0.4	12.	140.63	-157.86	139.252837
5.504318	0.4	12.	87.77	-149.71	136.473445
4.928658	0.4	12.	39.14	-117.74	136.395758
4.896113	0.4	12.	15.083235	-97.85	136.21
5.506124	0.4	12.	-39.83	-130.754332	136.72
5.23198	0.4	12.	-18.94	-161.718338	136.78
4.756912	0.4	12.	-27.244936	-167.97	136.78
6.076078	0.4	12.	-8.856467	-149.06	136.78
4.92063	0.4	12.	5.029825	-171.56	136.78
5.409175	0.4	12.	6.19	-188.85	141.292697
5.150719	0.4	12.	93.012652	-187.22	136.78
4.815758	0.4	12.	104.08	-186.428358	136.89
4.852694	0.4	12.	146.51	-166.775147	136.89
4.919424	0.4	12.	152.114805	-154.27	136.89
5.763402	0.4	12.	119.42	-129.657191	136.89
5.000925	0.4	12.	57.43081	-116.44	136.89
4.583301	0.4	12.	72.43	-87.41	138.625234
5.32489	0.4	12.	81.11206	-80.23	136.89
4.633023	0.4	12.	67.53	-60.99	141.455947
4.668793	0.4	12.	46.65	-77.526657	136.89
4.9635	0.4	12.	45.222824	-87.73	136.89
5.207565	0.4	12.	42.41	-106.98	135.875895
4.978884	0.4	12.	117.46	-103.410993	136.89
5.115087	0.4	12.	51.54	-141.248666	137.75
5.343017	0.4	12.	27.72	-181.67	138.222402
4.939302	0.4	12.	52.85	-215.92	135.3373
4.690138	0.4	12.	42.08	-225.05	139.683214
5.206565	0.4	12.	10.246275	-78.28	137.75
5.841538	0.4	12.	3.57	-70.45	142.173149
4.651153	0.4	12.	81.24	-159.588811	138.26
4.531817	0.4	12.	37.19	-156.56	140.645481
5.576074	0.4	12.	134.864478	-170.91	138.83
5.999454	0.4	12.	127.58	-161.12	138.385423
5.582785	0.4	12.	151.73	-140.9	137.723835
4.671405	0.4	12.	112.57	-193.41	141.06617
5.56982	0.4	12.	104.74	-205.48	142.720001
6.949002	0.4	12.	126.93	-190.273074	138.83
5.693614	0.4	12.	135.41	-201.49189	138.83
5.012777	0.4	12.	121.7	-202.87	140.800999
5.113645	0.4	12.	44.327436	-211.35	138.83
4.685237	0.4	12.	-4.58	-125.130311	138.83
5.116806	0.4	12.	-6.87	-135.36	136.802462
4.561888	0.4	12.	-23.18	-139.6	139.915419
5.444708	0.4	12.	-26.77	-153.683743	138.83
5.367327	0.4	12.	19.15226	-87.73	138.83
5.318228	0.4	12.	35.52046	-83.82	138.83
5.382806	0.4	12.	58.729468	-86.43	138.83
6.937165	0.4	12.	24.79	-60.66	144.216592
5.005046	0.4	12.	-2.95	-113.545235	141.78
4.874254	0.4	12.	-18.94	-99.901939	141.73
4.579949	0.4	12.	17.61	-137.481393	141.73
5.239162	0.4	12.	4.23	-98.82	145.662336
5.815171	0.4	12.	2.468018	-88.06	141.9
4.980181	0.4	12.	53.18	-95.733735	141.95
4.821091	0.4	12.	49.961569	-57.07	142.07
4.955147	0.4	12.	60.36	-53.16	145.627328
6.316323	0.4	12.	60.36	-41.697309	142.07
7.103427	0.4	12.	78.3	-39.124206	142.07
5.883985	0.4	12.	92.737292	-122.96	142.18
5.268632	0.4	12.	102.45	-92.3	145.135464
5.013734	0.4	12.	100.82	-141.23	138.949819
5.947368	0.4	12.	130.52	-129.513365	142.24
4.956692	0.4	12.	80.997821	-136.66	142.3
5.690083	0.4	12.	25.11	-159.49	141.581842
5.071482	0.4	12.	15.	-118.07	142.909367
5.100528	0.4	12.	106.537432	-124.59	142.69
5.165879	0.4	12.	116.821336	-113.5	142.69
6.014807	0.4	12.	101.15	-110.57	146.94712
4.555078	0.4	12.	90.281206	-98.5	142.69
5.294539	0.4	12.	109.941544	-99.48	142.69
6.449922	0.4	12.	66.23	-95.89	146.529897
5.880293	0.4	12.	9.12	-108.94	147.052606
4.555537	0.4	12.	64.62666	-170.26	143.09
4.888745	0.4	12.	80.623053	-173.52	143.15
4.649632	0.4	12.	102.45	-176.945652	143.21
6.156627	0.4	12.	85.81	-207.238236	143.6
4.506819	0.4	12.	60.03	-201.57	140.833462
5.5046	0.4	12.	58.208232	-157.86	143.6
5.271703	0.4	12.	62.31	-143.18	140.813737
4.975013	0.4	12.	46.65	-151.34	146.003791
6.621863	0.4	12.	11.41	-161.78	149.728307
6.134737	0.4	12.	15.97	-182.	148.536118
5.014872	0.4	12.	76.67	-69.14	142.178267
5.626432	0.4	12.	36.86	-71.43	145.484451
5.484043	0.4	12.	21.52	-74.904159	144.23
6.971431	0.4	12.	54.81	-68.82	150.679377
5.211801	0.4	12.	86.576	-111.55	144.46
7.025149	0.4	12.	115.690918	-141.55	144.46
4.829265	0.4	12.	15.65	-148.948314	144.57
4.914261	0.4	12.	-2.439761	-168.3	144.57
6.619227	0.4	12.	-5.24	-181.67	144.453529
4.999544	0.4	12.	53.18	-202.87	147.554186
4.738518	0.4	12.	103.973945	-162.75	144.57
5.921289	0.4	12.	117.46	-165.36	145.382037
4.975739	0.4	12.	97.674901	-153.62	144.57
5.861683	0.4	12.	-9.8	-102.74	147.0476
5.352795	0.4	12.	-17.788925	-117.09	144.57
5.657196	0.4	12.	-19.59	-128.18	145.745041
4.828967	0.4	12.	5.86	-150.36	149.181395
5.114095	0.4	12.	33.6	-195.7	149.571975
5.353131	0.4	12.	40.290812	-203.2	144.68
6.522585	0.4	12.	60.68	-216.442545	144.68
5.644369	0.4	12.	30.33	-144.49	146.077759
4.865548	0.4	12.	30.99	-129.16	144.402392
5.023469	0.4	12.	20.22	-114.48	151.007622
4.836968	0.4	12.	27.72	-102.065786	146.16
5.917919	0.4	12.	44.69	-130.963449	146.16
5.270662	0.4	12.	56.070689	-131.77	146.22
5.057704	0.4	12.	131.82	-144.81	147.706238
5.666405	0.4	12.	143.017262	-133.73	146.28
5.046502	0.4	12.	68.122988	-75.34	146.33
5.596892	0.4	12.	41.684428	-165.04	146.33
5.112825	0.4	12.	21.2	-172.075643	146.5
5.698299	0.4	12.	36.21	-116.76	152.332648
6.363437	0.4	12.	-38.2	-125.24	148.242417
5.136808	0.4	12.	92.778823	-70.12	146.96
5.063189	0.4	12.	100.250556	-61.64	147.01
4.521494	0.4	12.	83.693908	-62.95	147.01
4.535737	0.4	12.	89.72	-54.79	145.391565
5.042799	0.4	12.	83.2	-48.59	151.820823
5.067952	0.4	12.	75.502979	-54.14	147.01
4.70762	0.4	12.	134.43	-120.03	147.662808
4.79774	0.4	12.	120.07	-101.905796	146.96
4.990674	0.4	12.	116.81	-125.207081	147.07
4.595414	0.4	12.	76.329444	-196.35	147.3
5.351388	0.4	12.	47.3	-103.794496	147.64
4.847809	0.4	12.	38.17	-98.24693	147.7
5.483567	0.4	12.	43.201242	-84.47	147.75
5.970035	0.4	12.	78.63	-84.15	151.800347
5.294469	0.4	12.	94.29	-82.84	146.056042
5.607845	0.4	12.	-21.532185	-157.21	148.04
4.543934	0.4	12.	-13.405852	-150.03	148.04
5.730558	0.4	12.	26.09	-86.943297	149.46
5.291285	0.4	12.	17.61	-97.653054	149.46
6.199192	0.4	12.	55.13	-83.49	155.212068
6.113108	0.4	12.	114.57502	-204.18	152.76
8.057246	0.4	12.	135.74	-180.681224	152.93
6.467849	0.4	12.	103.977695	-189.17	153.32
4.996548	0.4	12.	109.012327	-97.85	153.55
5.806658	0.4	12.	82.493277	-129.16	153.61
5.779754	0.4	12.	102.78	-121.74898	153.72
5.386925	0.4	12.	91.064642	-92.95	153.84
5.686213	0.4	12.	58.07	-161.12	155.46626
5.529615	0.4	12.	61.99	-144.565998	153.95
4.516756	0.4	12.	89.07	-173.84	155.376403
6.350359	0.4	12.	99.51	-211.043556	175.44
5.760649	0.4	12.	99.518275	-193.74	175.44
5.027322	0.4	12.	101.520012	-179.06	175.44
5.455833	0.4	12.	86.79	-191.78	175.382613
5.281843	0.4	12.	79.331131	-182.32	175.44
5.000866	0.4	12.	64.27	-185.26	176.842065
4.624926	0.4	12.	73.08	-192.789229	175.5
4.729358	0.4	12.	55.396527	-179.72	175.5
5.536629	0.4	12.	69.914947	-173.84	175.5
6.088034	0.4	12.	73.548272	-161.45	175.5
4.85133	0.4	12.	61.66	-152.578815	175.5
5.266738	0.4	12.	51.87	-169.6	176.592884
4.992966	0.4	12.	40.78	-170.411117	175.5
5.917841	0.4	12.	102.961448	-159.17	175.5
4.738938	0.4	12.	106.69	-168.95	177.550582
5.813865	0.4	12.	112.24	-183.108659	175.5
4.820167	0.4	12.	91.941214	-174.82	175.5
6.74897	0.4	12.	86.46	-164.144948	175.5
6.001886	0.4	12.	89.581509	-139.6	175.5
4.856599	0.4	12.	100.49	-135.28099	175.5
4.584984	0.4	12.	104.778946	-126.22	175.5
5.089216	0.4	12.	115.932534	-116.11	175.5
4.979588	0.4	12.	109.15385	-103.72	175.5
5.618591	0.4	12.	96.58	-112.276477	175.5
4.781508	0.4	12.	90.729647	-122.64	175.5
6.611576	0.4	12.	81.870706	-112.52	175.5
4.929504	0.4	12.	94.769219	-101.43	175.5
6.018871	0.4	12.	89.07	-91.51366	175.5
5.072119	0.4	12.	69.439715	-102.41	175.5
5.686058	0.4	12.	76.67	-94.58	180.234337
6.87277	0.4	12.	54.81	-107.331865	175.5
5.645518	0.4	12.	53.409596	-122.31	175.5
5.33845	0.4	12.	76.67	-125.070573	175.5
6.385102	0.4	12.	114.2	-196.68	163.664874
5.171179	0.4	12.	62.696652	-74.36	167.08
5.033525	0.4	12.	62.31	-64.58	161.805356
5.489657	0.4	12.	91.03	-83.064176	166.91
4.814376	0.4	12.	100.49	-86.43	161.973238
5.865673	0.4	12.	107.963891	-98.5	164.58
6.132936	0.4	12.	94.371475	-98.5	163.96
5.654223	0.4	12.	85.48	-106.98	160.940503
4.597454	0.4	12.	100.17	-116.80707	164.24
4.514655	0.4	12.	108.33	-126.897908	163.44
5.239774	0.4	12.	112.89	-139.734749	163.84
7.557245	0.4	12.	115.83	-155.9	166.847816
7.330914	0.4	12.	120.079298	-181.35	163.67
7.69605	0.4	12.	92.99	-212.66	160.563713
4.774856	0.4	12.	91.68	-194.205299	162.14
5.525219	0.4	12.	94.939393	-183.63	162.25
5.195822	0.4	12.	102.792987	-174.17	161.97
5.472	0.4	12.	100.17	-158.84	158.585917
5.24464	0.4	12.	90.945533	-145.47	161.17
5.856761	0.4	12.	129.86	-126.55	165.965634
4.634085	0.4	12.	106.69	-109.91	163.384471
6.072742	0.4	12.	86.46	-155.58	164.283606
5.73215	0.4	12.	79.94	-171.325419	160.26
5.955475	0.4	12.	72.1	-159.860429	159.86
4.857492	0.4	12.	77.	-203.041399	160.2
4.830144	0.4	12.	69.17	-196.35	154.761493
4.503496	0.4	12.	60.184583	-198.31	159.86
5.559207	0.4	12.	56.77	-210.05	161.05146
5.984551	0.4	12.	50.57	-226.36	162.834035
4.693212	0.4	12.	67.21	-207.503449	159.24
4.772646	0.4	12.	49.735345	-166.99	158.9
5.28698	0.4	12.	44.69	-151.66	159.321549
7.167479	0.4	12.	43.980734	-136.99	158.9
5.100808	0.4	12.	56.44	-134.130339	157.3
5.572625	0.4	12.	70.47	-137.364183	157.53
5.741648	0.4	12.	75.727716	-96.87	156.39
5.353729	0.4	12.	83.390111	-117.74	156.22
5.725762	0.4	12.	47.3	-117.675474	156.05
6.139972	0.4	12.	58.373504	-106.33	155.94
7.808103	0.4	12.	63.62	-93.93	162.944436
4.521325	0.4	12.	81.24	-71.75	153.224264
5.772918	0.4	12.	14.34	-131.12	158.347237
6.432569	0.4	12.	-6.236785	-133.73	152.47
5.0925	0.4	12.	-9.48	-118.373374	152.47
5.404574	0.4	12.	2.27	-92.63	156.126091
5.944987	0.4	12.	37.672057	-177.11	14.89
5.292604	0.4	12.	56.77	-156.56	14.931212
5.484183	0.4	12.	79.94	-137.584285	15.35
6.836347	0.4	12.	100.222515	-129.81	15.69
6.591644	0.4	12.	70.117135	-146.12	15.8
5.504638	0.4	12.	46.98	-139.098129	15.92
7.581844	0.4	12.	18.26	-137.64	14.36743
6.473016	0.4	12.	45.02	-101.11	16.980701
4.417479	1.	11.	57.392603	-157.21	26.38
4.558704	1.	11.	20.87	-134.909864	26.78
4.946654	1.	11.	69.367386	-98.5	27.69
4.57785	1.	11.	32.62	-90.02	30.690687
4.366277	1.	11.	39.47	-169.28	28.764691
5.016314	1.	11.	29.68	-169.450821	28.65
5.147535	1.	11.	25.44	-147.317412	28.71
5.003739	1.	11.	43.39	-135.36	27.506229
4.991192	1.	11.	47.819592	-147.1	28.99
5.784427	1.	11.	19.24	-113.677533	29.45
5.060643	1.	11.	52.85	-146.865013	38.43
4.421333	1.	11.	64.6	-95.706293	38.43
5.297911	1.	11.	82.87	-173.52	43.720868
5.985831	1.	11.	46.	-159.49	34.42857
5.176064	1.	11.	18.59	-126.856054	38.89
4.620404	1.	11.	33.27	-163.41	37.126321
4.799619	1.	11.	37.19	-173.19	41.250505
4.830266	1.	11.	29.35	-179.683175	38.94
5.513098	1.	11.	16.224005	-169.6	54.12
5.897956	1.	11.	43.39	-166.110175	47.07
4.515998	1.	11.	39.8	-154.93	43.787473
4.950011	1.	11.	43.71	-149.71	52.139293
5.067559	1.	11.	62.64	-158.19	49.201504
5.388342	1.	11.	92.34	-164.258047	46.9
5.086789	1.	11.	82.22	-109.199075	47.36
4.417163	1.	11.	70.8	-104.361535	47.53
5.311882	1.	11.	72.791359	-114.81	47.53
4.79119	1.	11.	78.63	-97.160643	47.58
6.723508	1.	11.	27.622258	-135.36	47.7
5.380063	1.	11.	26.09	-122.968009	47.7
5.071372	1.	11.	-11.956482	-126.88	48.49
4.480788	1.	11.	6.679829	-133.73	52.36
4.769561	1.	11.	28.7	-174.895351	52.3
4.477826	1.	11.	39.8	-102.74	50.783032
4.579191	1.	11.	42.946451	-110.57	54.92
5.065882	1.	11.	100.072633	-99.48	56.51
4.718925	1.	11.	136.39	-112.755595	48.04
5.14031	1.	11.	142.903724	-101.43	53.95
4.569416	1.	11.	57.74	-176.238473	54.01
4.413436	1.	11.	49.26	-179.920594	53.78
4.53785	1.	11.	39.14	-182.	51.650179
4.488102	1.	11.	89.07	-172.87	52.982796
5.248886	1.	11.	101.8	-146.12	50.702032
5.07543	1.	11.	84.18	-163.729308	54.35
4.639484	1.	11.	84.83	-152.32	56.995818
4.7475	1.	11.	14.34	-107.733104	54.52
4.634819	1.	11.	-22.022728	-118.72	54.63
4.78449	1.	11.	-21.88	-108.94	51.989427
4.365875	1.	11.	10.75	-71.1	54.544945
4.565495	1.	11.	21.85	-79.388695	55.03
4.398536	1.	11.	106.69	-118.72	58.741217
4.562317	1.	11.	60.238726	-108.94	59.12
4.974086	1.	11.	47.95	-62.29	55.062753
4.643618	1.	11.	79.61	-97.075196	59.29
4.461013	1.	11.	81.89	-113.528284	59.35
4.442966	1.	11.	92.99	-110.812245	59.29
4.911984	1.	11.	30.01	-125.9	58.12622
4.498725	1.	11.	39.47	-86.76	55.275392
4.662027	1.	11.	22.531475	-95.24	59.58
4.950621	1.	11.	11.73	-97.85	56.051621
4.506104	1.	11.	1.29	-82.952762	59.75
5.261373	1.	11.	85.81	-197.031681	59.75
5.541072	1.	11.	100.82	-187.715456	59.75
4.869872	1.	11.	106.929751	-178.41	59.75
4.770718	1.	11.	109.714936	-168.3	59.75
4.877244	1.	11.	120.673058	-163.41	59.75
4.367295	1.	11.	122.03	-153.299226	59.86
5.444899	1.	11.	107.02	-154.27	55.738956
4.449536	1.	11.	41.1	-176.13	58.799361
5.064539	1.	11.	70.15	-125.9	59.339532
5.234349	1.	11.	62.97	-77.3	64.184367
5.812065	1.	11.	-17.306417	-75.01	63.27
4.853067	1.	11.	43.39	-207.330377	63.73
4.987115	1.	11.	46.	-182.281955	64.18
4.840752	1.	11.	-14.7	-166.390195	64.18
4.972232	1.	11.	-27.75	-167.588992	64.35
4.777297	1.	11.	-33.195511	-157.21	64.35
5.363106	1.	11.	63.62	-182.65	60.493923
5.953609	1.	11.	97.931693	-174.17	64.18
4.761812	1.	11.	87.44	-178.41	61.141742
4.997525	1.	11.	95.93	-120.474631	64.18
4.384293	1.	11.	78.96	-133.73	63.087405
5.060529	1.	11.	87.879649	-137.31	64.18
4.912029	1.	11.	45.67	-148.108054	64.18
4.560373	1.	11.	11.08	-167.760722	64.18
4.527364	1.	11.	64.054069	-170.58	64.64
4.381632	1.	11.	82.87	-145.781213	64.64
4.820441	1.	11.	87.732574	-168.95	64.64
5.752845	1.	11.	100.82	-144.885513	64.64
5.286314	1.	11.	13.864435	-109.59	64.64
5.319185	1.	11.	-7.727029	-129.48	64.64
4.571209	1.	11.	10.75	-132.231441	64.64
5.285894	1.	11.	30.642612	-183.3	64.7
4.347717	1.	11.	-29.06	-135.632619	64.64
4.563931	1.	11.	-8.115558	-82.19	64.64
4.69624	1.	11.	0.733303	-62.29	64.64
4.412767	1.	11.	34.9	-54.47	64.862033
4.585958	1.	11.	40.12	-103.72	62.819262
4.686068	1.	11.	38.81105	-115.13	65.26
5.650803	1.	11.	20.276169	-79.58	65.26
4.518584	1.	11.	37.768962	-80.56	65.26
4.576269	1.	11.	99.037365	-99.15	67.31
4.742383	1.	11.	104.856555	-107.96	67.31
5.353145	1.	11.	-24.82	-112.681154	67.48
5.21464	1.	11.	65.862528	-151.99	67.54
5.062299	1.	11.	24.79	-93.28	72.759656
4.54889	1.	11.	45.661013	-90.02	70.21
4.398884	1.	11.	31.0304	-128.18	70.27
4.352032	1.	11.	52.52	-63.6	68.022303
5.521503	1.	11.	45.67	-56.42	64.889715
4.54733	1.	11.	13.16446	-73.71	70.27
5.496728	1.	11.	34.58	-90.041955	70.27
4.706843	1.	11.	69.82	-85.45	65.863904
4.641215	1.	11.	94.000054	-107.96	70.32
4.359269	1.	11.	84.005891	-98.5	70.32
4.687463	1.	11.	62.31	-109.91	72.710682
5.154229	1.	11.	106.04	-120.35	68.57967
4.344161	1.	11.	85.16	-126.88	68.920131
5.137271	1.	11.	88.319615	-195.05	70.32
4.958478	1.	11.	97.56	-188.52	70.441342
5.460439	1.	11.	108.65	-189.17	68.385399
4.660268	1.	11.	113.773182	-166.67	70.32
4.920884	1.	11.	122.68	-162.445037	70.1
4.69544	1.	11.	121.05	-152.541041	70.38
5.026722	1.	11.	127.58	-114.024869	70.38
5.000502	1.	11.	127.25	-80.323999	70.49
4.504202	1.	11.	108.	-176.878693	70.55
4.503322	1.	11.	28.373616	-75.67	70.55
4.569687	1.	11.	48.28	-174.82	73.309283
5.377092	1.	11.	37.345264	-174.82	71.01
4.756193	1.	11.	-11.76	-75.34	77.816953
4.951021	1.	11.	15.670178	-82.84	74.3
5.74827	1.	11.	-16.654064	-169.93	74.42
5.306177	1.	11.	-32.	-151.543178	74.7
4.75584	1.	11.	46.32	-184.93	75.672648
4.714085	1.	11.	44.04	-211.88552	75.04
4.829754	1.	11.	93.31	-142.823899	75.04
4.887826	1.	11.	100.82	-128.51	72.991023
4.476847	1.	11.	87.170885	-134.38	75.04
4.468347	1.	11.	75.69	-132.42	75.47976
4.781332	1.	11.	83.52	-144.936102	75.1
4.455334	1.	11.	4.235399	-61.97	75.1
4.81984	1.	11.	30.99	-54.79	73.760027
4.385548	1.	11.	11.73	-132.984127	75.1
5.324539	1.	11.	-19.92	-88.71	74.603084
5.680515	1.	11.	-4.26	-124.865289	75.1
4.558546	1.	11.	-29.71	-141.23	75.481646
5.145963	1.	11.	-26.77	-165.36	76.148517
4.968078	1.	11.	92.617901	-178.08	75.27
4.590985	1.	11.	37.19	-107.172488	75.27
4.540382	1.	11.	44.37	-117.000349	75.44
5.13352	1.	11.	35.536708	-80.23	75.55
4.402758	1.	11.	26.161301	-82.84	75.67
5.499566	1.	11.	12.39	-108.805723	75.78
5.479886	1.	11.	64.92	-177.11	73.950317
5.086441	1.	11.	9.330653	-121.	76.01
4.422133	1.	11.	5.86	-173.52	84.391312
4.413574	1.	11.	97.599366	-113.5	80.39
4.671997	1.	11.	103.53244	-137.31	78.34
4.4166	1.	11.	-11.44	-94.753158	79.14
4.486223	1.	11.	-20.9	-107.96	76.255866
5.677744	1.	11.	82.1934	-162.75	79.31
4.337549	1.	11.	75.04	-142.86	77.736764
4.473021	1.	11.	94.307656	-83.49	80.04
5.259637	1.	11.	120.550935	-162.75	80.61
4.687561	1.	11.	101.274792	-179.39	81.07
5.543813	1.	11.	41.43	-170.187922	81.24
4.625367	1.	11.	39.490549	-181.67	81.3
4.792735	1.	11.	84.795	-105.02	81.47
4.529831	1.	11.	5.21	-138.341833	81.52
4.820896	1.	11.	15.97	-75.78869	81.52
4.804509	1.	11.	32.29	-66.108744	81.58
5.402674	1.	11.	23.81	-69.8	77.246608
5.826359	1.	11.	12.963297	-64.58	81.58
5.410853	1.	11.	28.05	-105.054452	81.69
5.563231	1.	11.	21.2	-115.46	76.570671
4.375224	1.	11.	-18.29	-114.15	82.335598
4.888811	1.	11.	-9.8	-143.84	82.047187
5.757072	1.	11.	-0.99	-156.88	77.365002
4.429799	1.	11.	55.46	-174.5	80.800963
4.351954	1.	11.	50.24	-196.02	86.401772
4.595936	1.	11.	42.41	-195.37	79.005184
4.906329	1.	11.	58.07	-194.39	79.858275
5.14182	1.	11.	58.07	-184.28	79.248788
4.758885	1.	11.	110.94	-127.53	86.513839
5.121552	1.	11.	110.4314	-114.15	83.57
4.783125	1.	11.	38.991629	-47.62	83.74
5.019025	1.	11.	46.32	-84.768047	84.19
5.278584	1.	11.	69.17	-88.610574	84.25
4.958217	1.	11.	69.405476	-100.78	84.25
4.571367	1.	11.	67.86	-113.18	86.794481
4.617875	1.	11.	68.19	-123.877024	84.42
4.532226	1.	11.	14.34	-84.60362	84.48
4.621587	1.	11.	-17.0442	-80.56	84.54
4.740949	1.	11.	-11.76	-65.88	83.454654
4.823141	1.	11.	-4.819987	-74.36	84.54
5.008369	1.	11.	8.47	-97.247305	84.59
5.241841	1.	11.	-21.55	-149.188586	85.16
4.475318	1.	11.	-34.513587	-154.6	85.16
4.425521	1.	11.	-31.02	-138.579126	85.22
4.436213	1.	11.	0.842619	-130.46	85.22
4.501652	1.	11.	-28.08	-161.250046	85.22
5.743476	1.	11.	11.41	-127.686383	85.22
5.11711	1.	11.	1.108228	-57.73	85.33
4.382518	1.	11.	38.17	-103.828663	85.33
4.603859	1.	11.	-23.161114	-87.73	85.5
5.562572	1.	11.	-7.85	-87.73	86.920041
4.333007	1.	11.	97.23	-142.355206	85.84
4.97504	1.	11.	92.01	-180.691517	85.9
4.948272	1.	11.	54.81	-159.82	86.054695
4.366586	1.	11.	31.586956	-56.75	85.96
5.21555	1.	11.	6.881656	-160.14	85.96
5.216175	1.	11.	21.85	-160.14	85.29817
5.53581	1.	11.	108.241186	-137.64	88.91
4.946819	1.	11.	105.71	-95.76824	88.91
4.757359	1.	11.	66.446762	-181.02	88.91
4.653205	1.	11.	63.29	-170.673477	88.91
4.647785	1.	11.	35.23	-84.25942	88.91
4.720514	1.	11.	77.141315	-166.67	89.65
4.512082	1.	11.	97.56	-157.21	85.42217
5.531548	1.	11.	88.42	-163.73	89.567829
4.625195	1.	11.	51.22	-72.73	89.353182
5.632877	1.	11.	-16.98	-95.32345	89.6
4.655747	1.	11.	33.27	-160.906594	89.6
4.989054	1.	11.	45.67	-156.904998	89.65
4.87947	1.	11.	21.85	-169.889431	90.11
4.462574	1.	11.	24.79	-183.225141	90.11
4.367513	1.	11.	90.929825	-82.19	90.16
4.539871	1.	11.	97.23	-132.75	86.676006
5.841765	1.	11.	-20.704413	-135.68	89.99
5.151957	1.	11.	102.805758	-50.55	90.11
4.931445	1.	11.	134.11	-179.164943	90.11
5.100615	1.	11.	135.08	-202.55	85.871504
4.392377	1.	11.	-1.65	-174.103425	90.22
5.824793	1.	11.	25.813431	-48.59	90.22
5.336211	1.	11.	121.7	-158.432723	91.07
5.448374	1.	11.	105.305408	-180.69	91.13
4.867309	1.	11.	83.85	-136.924797	91.13
4.552841	1.	11.	85.16	-122.711452	91.13
4.505626	1.	11.	99.51	-114.688528	91.13
5.057359	1.	11.	-5.992597	-164.39	91.13
5.146487	1.	11.	95.024844	-91.	91.13
5.158418	1.	11.	46.65	-51.522217	91.13
4.432067	1.	11.	54.775492	-62.62	91.19
5.022716	1.	11.	2.986152	-84.8	91.24
4.3872	1.	11.	3.9	-68.072417	91.3
5.465846	1.	11.	38.17	-182.250004	91.87
4.841541	1.	11.	41.75	-168.3	94.334415
4.518202	1.	11.	26.42	-108.61	91.729689
4.356828	1.	11.	-8.702714	-102.41	91.93
4.932641	1.	11.	84.83	-101.802201	91.93
5.075224	1.	11.	102.78	-168.95	92.257644
5.126818	1.	11.	111.94	-163.08	91.87
4.565512	1.	11.	21.52	-72.08	95.71082
4.786067	1.	11.	34.25	-72.08	89.207611
5.152567	1.	11.	-10.46	-131.6337	91.87
4.589323	1.	11.	112.89	-111.76571	95.05
4.519416	1.	11.	117.141826	-128.18	95.05
4.678178	1.	11.	65.9	-79.58	92.078438
5.232691	1.	11.	36.86	-47.29	94.216816
5.425555	1.	11.	-7.552611	-66.21	95.05
4.345923	1.	11.	-9.48	-77.3	93.771562
4.399139	1.	11.	8.321473	-104.04	95.05
4.759144	1.	11.	11.73	-94.344824	95.05
4.805478	1.	11.	13.04	-77.88886	95.05
5.004377	1.	11.	13.04	-56.75	92.874437
4.335718	1.	11.	107.875175	-189.17	95.45
4.389725	1.	11.	93.97	-185.130932	95.45
5.068579	1.	11.	-31.028355	-159.82	95.45
4.376587	1.	11.	-23.84	-153.402711	95.45
4.723096	1.	11.	40.12	-197.98	100.079636
4.725233	1.	11.	52.85	-197.	98.431129
4.844628	1.	11.	90.971129	-175.8	97.55
5.202684	1.	11.	14.787816	-127.2	97.55
5.032168	1.	11.	30.33	-55.908244	97.61
4.992858	1.	11.	34.58	-103.132746	97.61
4.449925	1.	11.	60.408016	-122.31	97.61
4.33973	1.	11.	34.58	-161.64801	100.06
4.55755	1.	11.	26.42	-164.39	97.399101
4.501126	1.	11.	43.71	-158.022538	100.06
4.981727	1.	11.	108.	-142.475972	99.37
4.803008	1.	11.	118.12	-137.64	99.613666
5.07029	1.	11.	104.41	-91.745477	99.37
5.068513	1.	11.	96.9	-146.49009	99.37
4.463235	1.	11.	113.22	-177.76	96.628971
5.192413	1.	11.	1.62	-54.79	100.310764
4.485351	1.	11.	-7.52	-87.08	97.574997
5.128834	1.	11.	18.997238	-170.26	100.28
4.882073	1.	11.	6.84	-156.56	98.299419
4.340738	1.	11.	-1.90522	-172.21	100.28
5.379568	1.	11.	46.65	-73.878475	100.28
4.332909	1.	11.	14.124593	-47.29	100.28
4.594217	1.	11.	96.9	-81.86	98.503575
4.545171	1.	11.	134.963801	-178.41	100.28
4.786647	1.	11.	98.21	-136.534266	100.28
5.418916	1.	11.	119.09	-118.72	100.511686
4.769492	1.	11.	98.410094	-106.98	100.34
5.100739	1.	11.	95.93	-163.915835	100.
4.659633	1.	11.	29.35	-181.35	98.7305
5.497969	1.	11.	-5.725438	-182.32	100.45
4.33716	1.	11.	32.143795	-136.66	100.45
4.453273	1.	11.	44.37	-134.05	96.527517
5.21112	1.	11.	77.65	-169.6	100.713413
4.43439	1.	11.	13.460111	-66.53	101.93
4.385876	1.	11.	22.83	-62.781651	101.93
4.567001	1.	11.	-4.26	-162.355333	101.93
4.509322	1.	11.	104.322259	-170.91	101.93
4.399958	1.	11.	121.7	-160.12793	101.93
4.802132	1.	11.	98.54	-125.57	98.289841
4.939706	1.	11.	104.74	-114.81	99.595369
4.439946	1.	11.	81.24	-134.680253	102.1
4.346174	1.	11.	90.7	-130.14	101.61655
4.787552	1.	11.	24.79	-107.034187	102.22
4.440133	1.	11.	-2.3	-104.37	101.550266
4.94716	1.	11.	-12.09	-97.394159	102.27
5.686843	1.	11.	-10.46	-135.585607	102.44
5.048468	1.	11.	42.092651	-60.01	103.13
4.539621	1.	11.	44.69	-48.92	102.800083
4.354615	1.	11.	1.29	-64.915924	103.13
4.368962	1.	11.	13.36	-106.365161	105.68
5.187272	1.	11.	-5.56	-77.3	110.076255
4.459113	1.	11.	-9.601398	-64.9	105.68
4.599372	1.	11.	65.25	-78.28	101.773711
4.385251	1.	11.	55.46	-97.85	104.85231
4.440232	1.	11.	59.186409	-60.99	105.97
5.164813	1.	11.	105.06	-182.65	103.888165
4.993795	1.	11.	100.82	-192.11	103.575305
5.547146	1.	11.	110.61	-134.469222	106.08
4.678795	1.	11.	110.94	-121.894387	106.08
4.78013	1.	11.	115.24078	-109.91	106.08
4.437856	1.	11.	18.59	-180.37	104.280366
4.770288	1.	11.	7.16	-123.61	103.120978
4.701016	1.	11.	33.950357	-45.98	106.2
5.20685	1.	11.	93.240527	-165.04	110.35
4.496868	1.	11.	42.140269	-162.43	110.23
4.354497	1.	11.	27.954118	-166.34	110.52
4.899336	1.	11.	82.55	-171.89	109.740445
5.006427	1.	11.	98.86	-136.33	113.66481
4.366427	1.	11.	97.56	-152.597269	110.69
4.557885	1.	11.	31.134054	-106.33	110.86
5.642624	1.	11.	-12.38592	-90.02	110.86
4.854389	1.	11.	0.64	-86.76	107.398313
4.497045	1.	11.	101.15	-92.660027	110.86
4.953267	1.	11.	98.21	-83.122117	110.86
4.537463	1.	11.	107.35	-57.348428	110.86
4.674805	1.	11.	43.06	-191.726373	112.85
5.199826	1.	11.	32.218075	-195.37	112.85
4.360358	1.	11.	102.960377	-171.23	112.9
4.344894	1.	11.	12.71	-130.089181	113.02
4.479224	1.	11.	-14.093383	-137.64	112.96
4.788475	1.	11.	-6.54	-159.295511	113.02
4.460592	1.	11.	22.83	-64.030631	113.3
5.216326	1.	11.	2.27	-111.22	117.607236
4.736174	1.	11.	52.2	-103.560628	118.65
4.437835	1.	11.	91.03	-107.514453	118.76
4.756796	1.	11.	59.121634	-63.6	118.76
4.647462	1.	11.	57.74	-54.79	114.455256
4.460422	1.	11.	58.72	-94.924213	118.76
5.844522	1.	11.	80.59	-91.243686	118.76
4.864501	1.	11.	7.49	-124.88407	118.76
5.961234	1.	11.	-1.32	-73.71	122.823538
4.545988	1.	11.	18.91	-194.260828	119.56
4.773582	1.	11.	16.218009	-183.96	119.56
4.825423	1.	11.	4.23	-186.24	122.233078
4.744313	1.	11.	61.993281	-162.1	119.56
5.132722	1.	11.	72.1	-179.72	121.796895
4.552653	1.	11.	57.42	-191.491648	119.56
4.690359	1.	11.	112.57	-121.98	118.930063
4.575044	1.	11.	85.026917	-138.62	120.07
4.899856	1.	11.	48.94401	-130.14	120.07
4.574208	1.	11.	11.73	-106.718502	120.18
4.871462	1.	11.	5.247963	-97.19	120.18
5.311174	1.	11.	-5.336868	-104.37	120.18
4.542419	1.	11.	-16.98	-96.621854	120.18
4.458958	1.	11.	46.32	-120.054174	120.18
4.82377	1.	11.	15.32	-139.92	117.665028
4.748501	1.	11.	29.35	-139.27	122.914308
5.268558	1.	11.	2.27	-158.84	118.812648
5.778468	1.	11.	120.504733	-102.74	120.24
4.420852	1.	11.	122.730914	-119.7	120.24
4.349304	1.	11.	81.57	-169.203954	121.66
4.719744	1.	11.	99.84	-147.75	119.023193
4.335168	1.	11.	94.95	-140.582506	121.66
4.779122	1.	11.	109.453083	-141.23	121.66
4.529681	1.	11.	36.568195	-106.33	122.
4.776651	1.	11.	101.15	-98.483858	122.06
4.489737	1.	11.	109.3	-91.32	119.936901
4.392145	1.	11.	102.029013	-86.1	122.06
4.928192	1.	11.	0.447839	-85.45	122.06
4.769833	1.	11.	-12.09	-86.521547	122.06
4.795747	1.	11.	90.7	-156.88	119.238836
4.796723	1.	11.	90.7	-166.647047	122.06
4.560139	1.	11.	65.433932	-138.29	122.06
5.637429	1.	11.	74.06	-132.487738	122.06
4.684883	1.	11.	65.25	-120.68	121.41478
4.596854	1.	11.	14.67	-117.990844	122.06
4.459491	1.	11.	109.96	-60.34	119.596895
5.266859	1.	11.	108.65	-171.89	123.229859
5.029846	1.	11.	48.03578	-192.76	123.82
5.632636	1.	11.	37.51	-190.952093	123.82
4.569742	1.	11.	30.66	-198.63	124.978838
4.386151	1.	11.	42.08	-204.948876	123.82
4.497964	1.	11.	-17.127558	-136.01	123.82
5.530566	1.	11.	70.15	-76.737005	123.82
4.866907	1.	11.	-11.76	-140.721426	129.9
4.931961	1.	11.	-33.3	-143.84	134.494158
4.916974	1.	11.	-28.41	-162.43	126.904584
4.53339	1.	11.	-15.03	-173.52	131.470467
4.351028	1.	11.	-5.24	-185.26	130.175451
5.422888	1.	11.	13.954296	-188.52	129.9
4.719284	1.	11.	43.005794	-183.96	129.9
4.827419	1.	11.	35.691425	-174.5	129.9
4.447453	1.	11.	64.27	-166.95106	129.9
4.551978	1.	11.	68.84	-175.227511	130.24
4.710754	1.	11.	81.24	-96.22	132.547607
4.78737	1.	11.	124.97	-97.19	134.399637
5.236204	1.	11.	58.550738	-72.4	130.24
4.641385	1.	11.	60.36	-51.53	134.471569
4.834496	1.	11.	53.5	-50.88	125.879413
4.362215	1.	11.	84.18	-139.874727	130.3
4.674897	1.	11.	55.79	-194.07	133.285968
4.880923	1.	11.	2.506968	-133.07	130.3
4.694056	1.	11.	14.02	-139.27	127.540706
4.908742	1.	11.	59.05	-107.63	130.222111
4.948706	1.	11.	70.77221	-107.31	132.12
4.718922	1.	11.	67.53	-122.319556	132.18
4.393739	1.	11.	69.687483	-139.92	132.18
4.443227	1.	11.	99.84	-93.28319	132.18
5.048129	1.	11.	109.96	-92.3	134.633503
4.813959	1.	11.	101.8	-137.31	128.438352
5.166713	1.	11.	101.47	-148.08	130.060853
4.697675	1.	11.	87.77	-170.58	132.875671
4.970876	1.	11.	79.94	-182.32	129.415397
4.50133	1.	11.	32.29	-105.780061	132.18
4.731295	1.	11.	91.696126	-132.09	132.18
6.006884	1.	11.	13.04	-121.89117	132.18
4.405746	1.	11.	5.53	-114.15	128.640532
4.353006	1.	11.	110.551198	-152.97	132.29
5.245758	1.	11.	112.24	-143.022168	132.35
6.020841	1.	11.	62.509716	-96.87	132.35
4.775863	1.	11.	54.81	-184.28	132.179175
4.361443	1.	11.	-0.02	-159.49	130.297187
4.817596	1.	11.	5.53	-181.424658	132.35
4.333101	1.	11.	63.326496	-133.07	132.35
4.625549	1.	11.	36.53	-190.866681	134.17
4.955749	1.	11.	37.484571	-200.59	134.17
4.592587	1.	11.	49.47622	-201.24	134.17
4.396878	1.	11.	65.25	-81.21	132.934675
4.68533	1.	11.	68.84	-71.928782	134.34
5.099552	1.	11.	92.34	-160.431544	135.93
4.81598	1.	11.	69.49	-161.199629	136.27
4.460294	1.	11.	112.57	-174.156399	136.5
5.38189	1.	11.	33.27	-172.30656	141.61
4.962937	1.	11.	42.414354	-193.09	141.61
5.262912	1.	11.	45.67	-181.201482	141.61
4.488931	1.	11.	79.47003	-95.56	141.61
4.586352	1.	11.	123.99	-93.28	143.848091
4.34687	1.	11.	58.07	-72.73	140.56382
5.088187	1.	11.	65.9	-180.235657	141.61
4.447098	1.	11.	52.85	-121.33	143.706553
4.974624	1.	11.	78.644589	-119.7	141.61
5.468063	1.	11.	53.18	-172.54	143.76975
4.604884	1.	11.	80.26	-184.93	140.141112
5.288944	1.	11.	91.019801	-177.76	142.41
4.543835	1.	11.	115.59192	-154.27	142.41
4.780869	1.	11.	92.719798	-134.05	142.41
5.36166	1.	11.	64.488849	-122.96	142.41
4.594034	1.	11.	69.49	-106.800838	142.35
5.10905	1.	11.	58.4	-108.28	143.571837
5.590648	1.	11.	-3.154023	-157.86	142.69
4.610815	1.	11.	-12.74	-140.860487	142.69
4.59392	1.	11.	-12.42	-171.23	145.168774
4.911176	1.	11.	3.9	-134.05	147.327501
5.237387	1.	11.	5.86	-124.550271	142.69
4.626179	1.	11.	70.604798	-138.62	143.89
4.356091	1.	11.	76.35	-215.59	142.497534
4.543877	1.	11.	94.211011	-162.75	147.98
5.546678	1.	11.	75.597669	-160.8	148.04
4.953001	1.	11.	71.452206	-147.42	148.04
4.839493	1.	11.	72.190395	-185.91	148.04
5.286275	1.	11.	54.81	-191.518763	148.04
4.332771	1.	11.	55.46	-180.37	149.715376
4.537467	1.	11.	84.83	-152.97	151.360928
4.85543	1.	11.	110.61	-173.19	149.848126
4.348531	1.	11.	66.23	-176.454591	151.96
4.379414	1.	11.	45.901806	-177.43	152.3
5.272885	1.	11.	41.882158	-189.83	152.3
5.013458	1.	11.	35.88	-176.13	157.307582
5.15574	1.	11.	72.1	-124.817813	152.41
4.879406	1.	11.	80.59	-184.28	154.288752
5.070995	1.	11.	60.776054	-122.31	152.41
4.673713	1.	11.	69.17	-112.045947	152.41
5.971655	1.	11.	97.23	-135.68	154.050634
4.927591	1.	11.	116.16	-151.66	152.045382
4.415035	1.	11.	98.86	-169.93	170.44294
4.555875	1.	11.	76.318367	-218.2	158.21
5.151612	1.	11.	81.89	-204.368165	170.38
5.855117	1.	11.	88.42	-227.8643	170.61
4.393	1.	11.	67.53	-129.732481	170.78
5.041806	1.	11.	67.86	-113.83	174.134179
4.680418	1.	11.	85.16	-179.9382	165.55
4.86	1.	11.	61.01	-170.91	169.719938
5.363634	1.	11.	72.1	-181.930654	160.03
4.902947	1.	11.	59.38	-186.89	157.803092
5.944423	1.	11.	53.83	-176.45	162.646008
5.896145	1.	11.	75.302375	-148.4	161.23
4.588754	1.	11.	38.82	-180.549359	170.55
5.997144	1.	11.	65.58	-197.98	169.383485
5.022668	1.	11.	83.2	-139.256523	164.92