6.193211	0.4	12.	72.658885	-126.23	0.
6.421304	0.4	12.	78.64	-114.231429	0.
5.352073	0.4	12.	72.881621	-160.8	0.17
4.883892	0.4	12.	71.389321	-149.06	12.
7.494236	0.4	12.	53.84	-148.41	13.501948
5.771466	0.4	12.	57.11	-166.801241	12.
4.802421	0.4	12.	80.6	-123.168272	12.
5.247693	0.4	12.	96.59	-136.34	11.160632
4.872061	0.4	12.	112.457926	-148.08	12.
6.416428	0.4	12.	124.77584	-136.01	12.
5.036535	0.4	12.	84.52	-197.90415	12.
5.971934	0.4	12.	71.14	-210.05	8.941251
7.338326	0.4	12.	58.74	-194.07	6.611781
7.096796	0.4	12.	89.41	-172.497005	12.05
4.814313	0.4	12.	85.5	-156.34065	12.73
4.548995	0.4	12.	45.36	-105.879622	12.73
5.477158	0.4	12.	59.648374	-101.44	12.79
6.002724	0.4	12.	20.440156	-89.7	13.42
4.487331	0.4	12.	44.71	-90.009571	13.87
5.504923	0.4	12.	9.770022	-100.13	14.44
5.10867	0.4	12.	-2.28	-103.07	11.212698
7.290415	0.4	12.	-5.55	-115.693804	14.5
5.343273	0.4	12.	10.112449	-122.31	14.5
5.480069	0.4	12.	15.34	-132.007888	14.61
6.651855	0.4	12.	6.2	-143.003928	14.61
4.845114	0.4	12.	8.81	-166.844827	14.67
5.117875	0.4	12.	22.84	-165.37	12.953454
7.18442	0.4	12.	31.65	-203.2	7.757299
5.734903	0.4	12.	16.64	-206.473296	15.07
6.120592	0.4	12.	16.32	-193.42	10.306685
5.669694	0.4	12.	3.26	-194.361189	16.32
4.525024	0.4	12.	4.89	-182.	14.410471
5.042746	0.4	12.	-4.57	-165.37	20.686298
4.693458	0.4	12.	-15.826741	-163.41	16.94
7.484648	0.4	12.	53.19	-118.73	9.923248
5.112354	0.4	12.	38.51	-121.14746	16.94
5.818859	0.4	12.	35.57	-109.319564	17.
4.803674	0.4	12.	107.36	-123.117157	17.
6.873959	0.4	12.	118.78	-163.09	13.146803
5.020585	0.4	12.	66.57	-231.795997	18.36
4.577478	0.4	12.	58.74	-221.743937	18.36
5.702826	0.4	12.	-11.954088	-152.32	18.36
6.620969	0.4	12.	-6.85	-134.06	13.228267
4.750478	0.4	12.	28.581303	-97.85	20.35
4.857241	0.4	12.	83.21	-107.96	15.739371
5.295571	0.4	12.	77.67	-153.3	26.430542
5.018727	0.4	12.	119.76	-139.102972	23.82
5.919223	0.4	12.	98.88	-202.381221	23.88
5.743366	0.4	12.	87.337477	-198.31	23.82
5.657174	0.4	12.	70.49	-212.01	24.142427
6.479556	0.4	12.	83.21	-215.93	19.567133
6.124599	0.4	12.	51.674046	-201.57	23.88
5.285874	0.4	12.	112.26	-170.91	23.204473
5.320249	0.4	12.	112.91	-184.29	21.508006
4.747952	0.4	12.	23.491958	-90.02	23.88
5.486021	0.4	12.	52.54	-84.364017	23.88
5.437865	0.4	12.	58.380084	-102.09	25.07
6.425318	0.4	12.	-4.987241	-106.66	25.07
5.28766	0.4	12.	12.4	-122.013413	25.07
5.124165	0.4	12.	-22.84	-139.6	26.444626
5.733069	0.4	12.	16.32	-171.42011	25.07
4.944246	0.4	12.	15.99	-150.433408	25.07
7.565065	0.4	12.	-22.52	-174.83	18.467417
5.310059	0.4	12.	-11.42	-177.11	27.777075
4.947636	0.4	12.	-6.2	-190.81	20.545252
5.214706	0.4	12.	19.25	-212.611043	25.07
5.660242	0.4	12.	24.556744	-202.88	25.07
6.322306	0.4	12.	37.53	-199.851674	25.07
5.11995	0.4	12.	128.57	-192.819133	25.07
5.857965	0.4	12.	127.92	-181.68	22.460229
4.703257	0.4	12.	76.69	-116.317164	26.21
4.941038	0.4	12.	90.07	-133.4	21.399513
5.69981	0.4	12.	45.69	-158.85	22.890725
5.106991	0.4	12.	35.259578	-147.76	26.26
5.841467	0.4	12.	51.201259	-143.84	26.26
4.822607	0.4	12.	64.94	-137.811131	26.26
4.722714	0.4	12.	84.131288	-90.68	26.26
4.600983	0.4	12.	104.42	-102.09	24.424645
5.14388	0.4	12.	1.63	-188.596236	26.72
5.236554	0.4	12.	5.55	-164.207729	26.72
6.222846	0.4	12.	4.24	-142.54	27.884164
5.589714	0.4	12.	16.543723	-133.73	26.72
5.858083	0.4	12.	12.4	-202.889531	26.78
5.849656	0.4	12.	17.62	-191.112294	26.78
5.255655	0.4	12.	119.11	-152.49414	27.23
5.01758	0.4	12.	72.44	-173.52	31.019111
5.918724	0.4	12.	58.412034	-178.42	27.57
4.66236	0.4	12.	58.09	-189.18	26.73031
4.999007	0.4	12.	54.5	-121.349796	27.57
5.942099	0.4	12.	65.11504	-111.88	27.57
4.917288	0.4	12.	63.96	-128.19	23.523445
4.936761	0.4	12.	95.61	-98.253493	27.52
5.042991	0.4	12.	109.933313	-124.92	27.52
5.073131	0.4	12.	118.13	-117.1	29.146483
4.94249	0.4	12.	102.47	-132.43	29.71351
5.842682	0.4	12.	105.4	-140.58	21.702321
5.662881	0.4	12.	89.142094	-142.21	27.52
5.582223	0.4	12.	97.25	-122.97	22.152865
5.390673	0.4	12.	87.78	-118.73	27.775047
5.159399	0.4	12.	76.36	-141.88	27.386433
6.5723	0.4	12.	77.34	-129.55509	27.46
5.883635	0.4	12.	62.	-153.805124	27.46
5.444015	0.4	12.	70.909035	-162.43	27.46
4.495682	0.4	12.	51.4642	-166.35	27.8
5.513139	0.4	12.	45.69	-114.539851	28.08
4.709663	0.4	12.	32.887078	-108.62	28.08
4.819944	0.4	12.	40.14	-90.02	28.829343
4.823154	0.4	12.	41.44	-79.998145	28.71
6.222051	0.4	12.	-7.85508	-135.04	28.99
4.638377	0.4	12.	-12.73	-151.643376	28.99
4.517601	0.4	12.	-20.88	-165.7	31.70362
4.799482	0.4	12.	122.37	-163.41	28.985901
4.499326	0.4	12.	54.829454	-131.45	20.35
4.710695	0.4	12.	76.478039	-97.85	21.66
5.602229	0.4	12.	49.6	-68.973973	22.74
6.999362	0.4	12.	78.97	-227.904463	31.15
5.67083	0.4	12.	66.37969	-225.71	31.78
5.878434	0.4	12.	56.78	-216.81553	32.18
4.814678	0.4	12.	103.12	-209.302459	32.52
4.586274	0.4	12.	22.52	-88.72	34.511423
6.632862	0.4	12.	63.63	-80.24	30.19037
4.669872	0.4	12.	80.93	-207.139447	35.13
6.321135	0.4	12.	121.72	-182.706762	35.13
4.805596	0.4	12.	131.961426	-177.44	35.13
5.281029	0.4	12.	98.983423	-197.66	35.13
4.586563	0.4	12.	125.64	-195.497116	35.13
5.864462	0.4	12.	123.03	-125.834523	35.13
5.528961	0.4	12.	118.951044	-139.28	35.13
5.096383	0.4	12.	-7.83	-113.220271	35.7
4.740311	0.4	12.	-7.51	-103.305147	35.7
4.576708	0.4	12.	-22.84	-134.343975	35.7
5.458938	0.4	12.	-20.422376	-144.82	35.76
5.921689	0.4	12.	-33.94	-158.394556	35.76
4.665758	0.4	12.	-46.287383	-149.71	35.76
6.164357	0.4	12.	-39.34232	-136.67	35.76
4.88271	0.4	12.	16.375733	-173.2	35.76
4.915004	0.4	12.	-17.62	-179.709356	35.76
5.418891	0.4	12.	-10.761149	-196.68	35.76
4.995476	0.4	12.	-3.450979	-205.16	35.76
4.615869	0.4	12.	15.34	-211.69	35.522748
5.168604	0.4	12.	34.26	-208.42	34.957234
6.965383	0.4	12.	59.39	-202.375673	35.76
5.70796	0.4	12.	77.34	-197.01	34.711209
5.415943	0.4	12.	111.93	-176.79	32.498443
4.894078	0.4	12.	118.46	-108.759512	35.76
4.642289	0.4	12.	13.38	-189.51	36.942429
5.273372	0.4	12.	-1.96	-184.541859	37.24
4.643611	0.4	12.	23.128922	-197.66	37.24
5.616632	0.4	12.	39.75306	-198.31	37.24
5.369565	0.4	12.	68.53	-212.335836	37.24
5.707681	0.4	12.	107.36	-188.527222	37.24
5.965523	0.4	12.	110.62	-202.23	38.281396
5.476092	0.4	12.	150.11	-152.	38.81636
4.719347	0.4	12.	141.63	-127.30548	37.29
6.552656	0.4	12.	138.047285	-138.62	37.24
4.73928	0.4	12.	110.377763	-101.44	37.29
4.826939	0.4	12.	105.4	-84.275922	37.35
6.559052	0.4	12.	49.28	-152.246556	37.35
4.935837	0.4	12.	76.03	-152.346004	37.35
6.44494	0.4	12.	93.621205	-87.74	37.35
5.574946	0.4	12.	104.1	-117.75	35.455728
4.530292	0.4	12.	105.73	-136.34	40.608975
5.25008	0.4	12.	65.92	-116.77	199.335467
4.662898	0.4	12.	72.44	-108.62	198.252659
5.24012	0.4	12.	90.07	-133.73	198.286852
6.457619	0.4	12.	83.87	-121.726888	190.9
7.410962	0.4	12.	102.47	-128.51	193.159325
4.997489	0.4	12.	95.29	-116.522598	189.37
4.800819	0.4	12.	85.487086	-107.96	189.37
4.537577	0.4	12.	98.22	-106.33	189.820357
4.559782	0.4	12.	88.895059	-98.83	187.04
4.625271	0.4	12.	94.63	-87.45305	187.15
5.18306	0.4	12.	117.206412	-109.59	186.64
6.454304	0.4	12.	126.29	-115.79	191.98295
5.109464	0.4	12.	127.390513	-131.12	186.41
5.295004	0.4	12.	120.366328	-140.91	186.47
5.945988	0.4	12.	103.45	-143.526014	185.79
5.337127	0.4	12.	46.99	-149.204702	184.48
5.737842	0.4	12.	46.66	-135.69	180.75649
5.199522	0.4	12.	26.11	-146.094791	184.54
5.26239	0.4	12.	17.032195	-126.23	184.54
4.639937	0.4	12.	9.46	-133.4	186.90426
4.631761	0.4	12.	31.918526	-112.86	184.54
4.714269	0.4	12.	18.840882	-108.29	184.54
4.984474	0.4	12.	32.63	-102.605871	184.54
4.692924	0.4	12.	45.69	-105.35	188.831308
4.862095	0.4	12.	43.73	-96.867804	184.54
4.834802	0.4	12.	68.36041	-101.11	184.54
5.743537	0.4	12.	47.32	-74.255912	184.54
5.033562	0.4	12.	47.64	-88.07	187.009634
5.908944	0.4	12.	57.76	-83.5	186.424204
4.525777	0.4	12.	83.512533	-90.35	184.54
4.480805	0.4	12.	16.64	-88.39	188.811925
5.431818	0.4	12.	30.35	-91.	188.618635
4.835888	0.4	12.	14.03	-100.46	188.882336
7.757007	0.4	12.	-4.24	-104.05	190.999653
5.96868	0.4	12.	8.16	-114.49	189.741434
5.954198	0.4	12.	1.171217	-124.92	184.31
6.304882	0.4	12.	14.68	-147.76	186.377412
4.567987	0.4	12.	61.35	-151.67	188.741591
5.365153	0.4	12.	67.88	-143.52	183.783317
4.667551	0.4	12.	57.43	-144.209087	184.31
5.161546	0.4	12.	81.58	-159.17	185.797918
4.84638	0.4	12.	92.697524	-147.43	183.68
6.224623	0.4	12.	77.738296	-130.79	183.74
4.782935	0.4	12.	60.716738	-173.2	177.71
7.407655	0.4	12.	86.206246	-172.87	177.54
6.567772	0.4	12.	104.42	-117.529605	177.49
5.782191	0.4	12.	87.13	-117.42	172.776602
4.528819	0.4	12.	93.316	-108.62	177.49
5.360119	0.4	12.	100.84	-79.303505	177.49
4.749509	0.4	12.	87.46	-73.210914	177.49
5.558844	0.4	12.	77.34	-75.658393	177.54
5.141058	0.4	12.	77.34	-64.749408	177.54
4.498245	0.4	12.	62.637778	-91.	176.69
5.125026	0.4	12.	66.57	-79.143811	176.97
7.405885	0.4	12.	1.31	-90.35	180.402791
5.705757	0.4	12.	13.05	-59.260779	176.75
5.551958	0.4	12.	41.217743	-62.62	176.8
5.363989	0.4	12.	52.340359	-62.3	176.63
5.748277	0.4	12.	126.94	-118.4	176.601651
5.03941	0.4	12.	124.154039	-107.96	176.63
6.551783	0.4	12.	136.261356	-129.16	176.63
6.975952	0.4	12.	103.45	-93.29	179.99416
5.163014	0.4	12.	93.33	-137.356072	176.18
5.615278	0.4	12.	114.972951	-147.43	176.18
6.022923	0.4	12.	42.345651	-162.76	176.01
6.259392	0.4	12.	19.58	-172.87	178.325832
4.650024	0.4	12.	40.46	-122.475703	175.95
5.754257	0.4	12.	52.54	-126.190455	175.95
5.752316	0.4	12.	80.93	-107.0555	174.98
5.365343	0.4	12.	122.37	-128.84	175.71802
4.674119	0.4	12.	58.518124	-71.76	174.3
4.480291	0.4	12.	54.5	-81.122088	174.36
5.619986	0.4	12.	45.019895	-85.46	174.36
4.930881	0.4	12.	46.99	-105.68	177.039129
4.491371	0.4	12.	56.13	-99.592847	174.36
4.530002	0.4	12.	83.54	-92.96	174.575262
4.597485	0.4	12.	89.967553	-82.2	173.9
4.565968	0.4	12.	91.37	-99.056605	173.79
5.474427	0.4	12.	-3.210795	-100.46	173.79
4.515555	0.4	12.	9.14	-118.581806	173.79
5.015422	0.4	12.	16.97	-125.36558	173.79
4.918257	0.4	12.	10.77	-136.782809	173.79
5.524114	0.4	12.	28.06	-145.7595	173.79
5.289115	0.4	12.	8.457	-99.81	173.79
5.72494	0.4	12.	19.339423	-109.92	173.79
5.072294	0.4	12.	34.620648	-106.98	173.79
5.032941	0.4	12.	30.35	-95.685055	173.79
4.585689	0.4	12.	20.145039	-96.22	173.79
5.928593	0.4	12.	20.88	-81.141027	173.85
5.065867	0.4	12.	3.92	-128.133389	173.85
6.321475	0.4	12.	-8.16	-134.556114	173.85
6.678478	0.4	12.	-7.83	-118.932145	173.85
5.77594	0.4	12.	-14.68	-97.63748	173.85
5.751362	0.4	12.	61.348706	-149.71	173.85
4.540549	0.4	12.	42.136865	-144.49	173.85
5.294372	0.4	12.	109.32	-186.162542	173.85
4.543152	0.4	12.	113.24	-174.671449	173.85
4.697527	0.4	12.	100.51	-173.85	176.567952
5.195349	0.4	12.	104.1	-160.816354	173.85
4.608069	0.4	12.	94.31	-160.15	177.59533
6.011231	0.4	12.	72.12	-179.791258	173.85
4.968333	0.4	12.	52.21	-171.539407	172.31
4.55642	0.4	12.	79.95	-137.64	175.44514
4.999859	0.4	12.	75.923527	-150.37	172.65
5.174239	0.4	12.	88.50357	-153.3	172.65
5.261447	0.4	12.	110.3	-130.79	175.959303
5.041918	0.4	12.	83.87	-127.86	167.675708
6.505138	0.4	12.	70.49	-117.986312	172.71
4.772259	0.4	12.	66.9	-107.140956	172.65
5.486475	0.4	12.	74.08	-86.482644	172.71
4.527638	0.4	12.	79.3	-161.659845	172.71
7.006554	0.4	12.	14.991517	-152.	172.71
5.425298	0.4	12.	1.63	-157.656148	172.71
6.225793	0.4	12.	0.98	-141.88	178.40438
4.891515	0.4	12.	43.73	-97.104083	172.71
4.513478	0.4	12.	69.594084	-135.69	172.71
4.650885	0.4	12.	117.159287	-161.13	172.71
4.886169	0.4	12.	124.98	-140.081136	172.71
4.582935	0.4	12.	115.521139	-94.59	172.71
4.967682	0.4	12.	109.97	-75.022388	172.71
5.10339	0.4	12.	82.89	-74.26074	166.91
6.309604	0.4	12.	78.133472	-59.36	166.91
4.60224	0.4	12.	63.989708	-58.06	165.6
5.130759	0.4	12.	46.99	-56.021447	165.66
5.40471	0.4	12.	18.769205	-65.89	165.66
4.841409	0.4	12.	-4.24	-85.793722	164.92
5.914379	0.4	12.	45.69	-74.04	165.78061
4.562313	0.4	12.	101.81	-65.781633	165.15
4.483536	0.4	12.	124.33	-119.162993	165.15
4.827418	0.4	12.	133.14	-123.996769	165.15
4.992658	0.4	12.	133.180359	-113.18	165.15
5.288278	0.4	12.	91.944202	-174.83	165.15
4.77613	0.4	12.	78.32	-183.019411	164.64
6.408888	0.4	12.	109.65	-148.879891	164.92
5.327035	0.4	12.	113.89	-137.485812	164.98
5.248561	0.4	12.	124.33	-135.36	160.318693
6.381188	0.4	12.	62.33	-173.896483	164.98
5.07849	0.4	12.	66.24	-162.43	169.057044
7.221003	0.4	12.	32.96	-182.98	172.162302
5.241016	0.4	12.	21.406449	-185.59	164.98
5.243175	0.4	12.	25.910577	-174.83	164.98
5.833098	0.4	12.	13.507257	-172.54	164.98
6.133143	0.4	12.	20.428757	-162.43	164.98
5.278356	0.4	12.	-32.318417	-106.01	164.98
5.478743	0.4	12.	102.47	-87.74	166.559935
5.386782	0.4	12.	100.352228	-108.29	164.98
4.557277	0.4	12.	76.03	-105.35	162.261074
4.862611	0.4	12.	86.541334	-106.33	164.98
5.269179	0.4	12.	97.57	-120.285204	164.98
5.308605	0.4	12.	93.33	-137.32	162.074217
6.072682	0.4	12.	112.394443	-109.59	164.98
4.488335	0.4	12.	128.25	-99.48	161.760277
5.220001	0.4	12.	118.77902	-69.15	164.41
6.561912	0.4	12.	124.98	-79.91	164.739377
5.5382	0.4	12.	139.02	-98.83	165.151848
4.644545	0.4	12.	66.24	-74.247389	164.13
5.033708	0.4	12.	41.665537	-122.64	164.13
5.74046	0.4	12.	47.97	-105.03	165.466055
5.944352	0.4	12.	62.554188	-90.02	163.78
4.536975	0.4	12.	41.44	-86.765967	164.01
4.695838	0.4	12.	20.184065	-123.95	163.61
5.95693	0.4	12.	8.16	-122.632808	163.61
5.459998	0.4	12.	-1.31	-132.304935	163.61
5.024768	0.4	12.	-11.771968	-127.53	163.61
5.118785	0.4	12.	13.71	-140.58	162.672583
4.941237	0.4	12.	104.422037	-186.57	163.61
4.612965	0.4	12.	116.17	-167.426741	163.61
6.615886	0.4	12.	117.15	-187.326504	163.61
4.829878	0.4	12.	102.47	-169.871192	163.61
5.525146	0.4	12.	58.09	-155.961269	163.61
4.819056	0.4	12.	61.35	-145.259824	163.61
5.345386	0.4	12.	14.36	-107.326421	163.61
4.871446	0.4	12.	14.066864	-95.89	163.44
5.292209	0.4	12.	86.15	-86.44	158.440899
5.23821	0.4	12.	90.07	-96.317297	163.44
4.795741	0.4	12.	35.9	-105.693855	163.16
5.20351	0.4	12.	95.94	-77.669002	162.88
4.639733	0.4	12.	105.242764	-96.87	162.88
5.985799	0.4	12.	54.82	-65.23	163.723541
5.058404	0.4	12.	66.9	-114.81	162.125457
5.780206	0.4	12.	58.935744	-101.44	162.08
5.007214	0.4	12.	78.32	-94.26	166.694339
6.682871	0.4	12.	73.1	-83.5	160.8708
4.801778	0.4	12.	109.78701	-77.63	162.08
5.449985	0.4	12.	115.19	-94.957235	162.08
5.141622	0.4	12.	129.46996	-161.13	162.08
5.876171	0.4	12.	123.03	-150.69	167.197195
4.992523	0.4	12.	84.52	-167.98	161.795463
5.059944	0.4	12.	75.03492	-162.11	162.08
5.356216	0.4	12.	50.25	-170.91	161.886017
5.922864	0.4	12.	43.08	-184.631569	162.08
4.745624	0.4	12.	42.03189	-96.22	162.08
5.075778	0.4	12.	-5.22	-118.512556	162.08
6.538426	0.4	12.	2.690377	-103.4	162.08
5.384396	0.4	12.	8.48	-154.93	158.879552
5.977018	0.4	12.	2.28	-146.45	166.121003
4.820846	0.4	12.	24.8	-104.05	162.787797
4.907347	0.4	12.	56.45	-76.65	164.098784
4.904409	0.4	12.	107.04	-122.64	153.94786
5.84318	0.4	12.	77.34	-119.38	158.023787
5.400931	0.4	12.	82.490404	-129.49	156.39
6.018688	0.4	12.	117.333209	-159.82	156.17
4.960784	0.4	12.	79.3	-66.869593	155.94
4.954661	0.4	12.	-21.54	-96.22	156.184704
4.533391	0.4	12.	-11.526575	-76.32	157.42
5.453291	0.4	12.	-15.99	-66.572551	157.36
4.733206	0.4	12.	-11.75	-55.78	152.666714
6.889572	0.4	12.	-30.67	-86.053418	156.74
4.535726	0.4	12.	-42.42	-82.85	158.656553
4.643953	0.4	12.	-52.807969	-117.1	156.74
6.930046	0.4	12.	-55.095451	-130.79	156.74
4.630909	0.4	12.	-35.9	-123.29	160.373934
5.236517	0.4	12.	-22.935484	-121.34	156.74
6.580771	0.4	12.	-15.66	-109.934628	156.74
6.221439	0.4	12.	-29.37	-156.56	161.960281
5.027518	0.4	12.	-18.27	-162.066843	156.74
4.48963	0.4	12.	25.706274	-128.84	156.74
5.5874	0.4	12.	64.161884	-62.3	154.46
4.521463	0.4	12.	77.865332	-56.1	154.46
5.198486	0.4	12.	64.29	-49.52193	154.8
4.761833	0.4	12.	35.854368	-59.69	154.8
4.508713	0.4	12.	40.923021	-72.41	154.8
5.525285	0.4	12.	102.79	-70.78	152.428863
6.289509	0.4	12.	122.7	-147.402494	154.8
5.422857	0.4	12.	110.3	-149.71	149.994637
4.639793	0.4	12.	133.79	-110.155525	154.86
4.563345	0.4	12.	129.633887	-126.55	154.86
5.254587	0.4	12.	120.785691	-111.55	154.86
4.51266	0.4	12.	67.55	-170.59	155.787968
5.762366	0.4	12.	20.88	-189.946633	154.86
5.859468	0.4	12.	82.23	-109.59	152.823192
5.548353	0.4	12.	18.93	-50.56	159.999431
5.721087	0.4	12.	23.83787	-65.89	154.75
4.52179	0.4	12.	95.94	-113.245338	154.75
6.176335	0.4	12.	95.94	-128.84	153.061352
4.825357	0.4	12.	72.847137	-179.07	154.12
5.176522	0.4	12.	77.34	-192.542894	154.12
5.02819	0.4	12.	86.320477	-178.42	154.12
5.507452	0.4	12.	96.92	-182.	156.89209
4.711958	0.4	12.	17.921009	-160.15	154.12
4.564057	0.4	12.	23.5	-168.96	153.418245
5.129395	0.4	12.	30.35	-182.98	156.356532
5.249646	0.4	12.	62.33	-178.865735	154.12
5.004426	0.4	12.	60.697195	-163.41	154.12
5.488507	0.4	12.	67.22	-153.777163	154.12
4.759534	0.4	12.	4.24	-182.	149.944356
5.073027	0.4	12.	15.01	-180.318104	154.01
4.522366	0.4	12.	-22.19	-172.22	156.171972
4.705417	0.4	12.	-12.73	-170.91	151.969784
5.43602	0.4	12.	-40.14	-143.84	153.082031
4.656772	0.4	12.	-44.103807	-133.73	153.49
7.547741	0.4	12.	-39.81	-108.464005	152.87
5.777601	0.4	12.	17.95	-99.736626	153.21
5.041646	0.4	12.	16.97	-113.497781	153.21
5.055412	0.4	12.	13.71	-140.25	152.478698
5.22481	0.4	12.	116.124013	-172.87	153.21
4.684308	0.4	12.	110.62	-185.59	150.824925
4.683485	0.4	12.	136.837558	-152.	153.21
4.565838	0.4	12.	148.065324	-106.33	153.21
4.818626	0.4	12.	140.65	-98.131324	153.21
4.503648	0.4	12.	129.55	-79.443651	153.21
4.510005	0.4	12.	116.085652	-66.54	153.21
5.20989	0.4	12.	62.412006	-81.54	152.81
5.784536	0.4	12.	64.94	-97.780626	152.87
4.563614	0.4	12.	36.391444	-102.42	152.87
5.661065	0.4	12.	99.86	-82.080813	152.87
5.38073	0.4	12.	100.51	-96.303999	152.87
6.057369	0.4	12.	83.21	-96.136383	152.87
5.222618	0.4	12.	-4.24	-81.576702	152.19
4.899425	0.4	12.	-4.57	-91.98	153.556625
4.51279	0.4	12.	118.46	-132.160472	152.19
5.334199	0.4	12.	53.19	-173.85	149.73186
6.384192	0.4	12.	50.730101	-185.92	152.02
4.674652	0.4	12.	38.83	-186.911144	152.02
4.770716	0.4	12.	-9.705717	-120.03	151.51
5.369504	0.4	12.	117.15	-101.556959	150.99
4.688142	0.4	12.	119.11	-91.98	147.860473
5.345718	0.4	12.	109.163786	-90.35	150.43
4.606453	0.4	12.	114.627879	-79.91	150.77
4.893639	0.4	12.	49.28	-66.21	149.180469
4.940985	0.4	12.	59.07	-70.862443	149.63
4.984522	0.4	12.	90.39	-76.042265	149.
5.184226	0.4	12.	130.2	-89.7	150.38392
5.812666	0.4	12.	47.64	-53.17	150.088708
5.025752	0.4	12.	116.17	-54.270092	148.49
4.81542	0.4	12.	36.55	-127.511043	147.92
4.944923	0.4	12.	7.83	-50.56	151.305474
5.436214	0.4	12.	-15.34	-90.500384	147.24
5.633975	0.4	12.	-12.007998	-69.15	147.18
6.275898	0.4	12.	-22.52	-59.36	148.530914
5.086672	0.4	12.	26.11	-117.1	145.599151
5.529172	0.4	12.	60.506712	-133.4	146.9
6.267515	0.4	12.	70.810215	-139.6	146.9
5.486479	0.4	12.	82.56	-139.93	148.887699
4.546821	0.4	12.	4.57	-149.71	149.344824
5.225259	0.4	12.	36.55	-148.063064	146.28
5.27455	0.4	12.	29.7	-159.346906	146.33
4.492596	0.4	12.	28.06	-133.719292	146.33
4.489795	0.4	12.	20.124914	-128.84	146.33
5.324141	0.4	12.	-16.669273	-105.03	145.82
4.594	0.4	12.	-6.791794	-102.74	145.71
5.3508	0.4	12.	-12.07	-53.82	142.577055
7.53108	0.4	12.	-31.65	-95.935359	145.65
4.599944	0.4	12.	-43.4	-88.07	142.69724
6.581152	0.4	12.	-47.97	-96.22	149.159862
5.786649	0.4	12.	-37.2	-76.98	150.38791
6.757679	0.4	12.	-23.82	-117.112095	145.42
6.193617	0.4	12.	-38.51	-122.64	145.528787
4.6111	0.4	12.	-48.3	-130.134638	145.42
6.385108	0.4	12.	-36.757991	-156.24	144.97
4.753884	0.4	12.	-13.38	-158.784111	144.34
5.041049	0.4	12.	-23.82	-146.428974	144.34
4.61253	0.4	12.	72.867379	-66.54	144.23
5.313407	0.4	12.	75.06	-56.538806	144.23
4.612898	0.4	12.	87.13	-65.23	144.130552
5.030716	0.4	12.	17.95	-53.78901	144.23
5.090567	0.4	12.	59.72	-52.276568	144.29
4.854553	0.4	12.	63.31	-64.26	140.403166
5.918561	0.4	12.	128.536209	-122.64	144.29
5.712097	0.4	12.	136.73	-113.952811	144.29
5.66458	0.4	12.	115.85	-158.85	143.921092
4.854768	0.4	12.	128.514158	-141.56	144.29
5.72823	0.4	12.	140.97	-146.040437	144.29
4.724265	0.4	12.	129.23	-170.26	144.390322
7.214441	0.4	12.	102.32356	-192.12	143.77
4.968488	0.4	12.	82.041548	-181.03	144.
5.101177	0.4	12.	66.825829	-174.5	144.
4.603565	0.4	12.	71.79	-194.041282	144.
5.475216	0.4	12.	63.31	-156.512817	144.
4.567775	0.4	12.	50.931873	-165.7	144.
5.450257	0.4	12.	19.757951	-185.27	144.
4.693819	0.4	12.	18.93	-163.162942	144.
4.788675	0.4	12.	-4.89	-177.022323	143.43
5.87155	0.4	12.	-27.992497	-174.18	143.09
5.199887	0.4	12.	-46.121928	-146.78	143.09
4.690087	0.4	12.	-50.25	-120.03	139.084726
4.54731	0.4	12.	14.734218	-111.55	143.15
5.828687	0.4	12.	113.24	-68.415987	143.15
7.032189	0.4	12.	136.393386	-69.15	143.15
5.623855	0.4	12.	129.55	-81.463218	143.15
4.585427	0.4	12.	134.986019	-101.44	143.15
6.246421	0.4	12.	145.057156	-92.63	143.15
6.485462	0.4	12.	152.570526	-105.03	143.15
5.670349	0.4	12.	145.166356	-131.77	143.15
4.616967	0.4	12.	133.79	-154.93	139.79863
4.523267	0.4	12.	124.721183	-152.32	143.15
6.420419	0.4	12.	102.47	-155.841346	143.15
4.889437	0.4	12.	115.52	-174.874364	143.15
5.382022	0.4	12.	85.82	-192.77	142.858348
6.544688	0.4	12.	78.64	-80.56	143.534503
4.706771	0.4	12.	48.95	-76.311035	143.09
4.503393	0.4	12.	40.14	-64.798232	143.09
5.920969	0.4	12.	99.033583	-61.97	143.09
4.654414	0.4	12.	11.925805	-133.4	143.09
4.659344	0.4	12.	16.97	-143.827715	142.35
4.825321	0.4	12.	38.51	-95.24	142.299874
4.487422	0.4	12.	34.92	-104.879896	142.41
4.520206	0.4	12.	84.64199	-101.44	142.41
4.925946	0.4	12.	93.33	-107.31	143.247103
4.877548	0.4	12.	99.2	-93.366247	142.41
4.576364	0.4	12.	40.46	-188.448675	141.9
5.045663	0.4	12.	-7.254655	-79.91	141.84
4.665558	0.4	12.	108.253143	-125.25	141.9
5.048612	0.4	12.	116.17	-115.46	144.255532
4.836383	0.4	12.	65.59	-83.091952	141.9
4.853606	0.4	12.	100.061479	-83.5	141.9
6.31729	0.4	12.	70.49	-117.028162	140.48
5.082941	0.4	12.	67.958489	-102.74	140.48
5.237428	0.4	12.	76.69	-92.608922	140.48
6.817413	0.4	12.	112.721713	-138.3	140.48
6.265103	0.4	12.	105.4	-168.3	140.523336
4.718259	0.4	12.	105.731421	-180.05	140.48
5.26393	0.4	12.	93.98	-174.18	141.124983
5.285336	0.4	12.	34.679552	-54.14	139.79
5.18415	0.4	12.	27.41	-46.64	144.910734
5.264934	0.4	12.	111.93	-89.043029	139.79
4.816556	0.4	12.	52.86	-62.440548	139.79
6.907955	0.4	12.	2.61	-62.289524	139.79
5.365356	0.4	12.	2.94	-76.32	139.786086
5.011914	0.4	12.	18.6	-101.464466	139.79
5.268638	0.4	12.	-41.521581	-103.72	139.
5.291499	0.4	12.	21.184773	-174.83	139.28
6.576053	0.4	12.	126.628957	-59.04	138.2
5.921492	0.4	12.	120.41	-186.9	139.745611
4.919732	0.4	12.	146.19	-117.42	137.961532
5.176251	0.4	12.	19.565397	-63.28	137.69
5.08374	0.4	12.	47.97	-50.5948	137.69
4.61586	0.4	12.	57.11	-138.157925	136.38
5.358151	0.4	12.	78.32	-135.61457	136.38
4.522607	0.4	12.	77.67	-124.457371	136.38
4.79432	0.4	12.	58.74	-127.92935	136.38
4.620287	0.4	12.	30.67	-119.082794	136.38
5.358579	0.4	12.	-3.118063	-93.61	136.04
5.373116	0.4	12.	-16.32	-87.918463	136.1
4.843746	0.4	12.	-11.75	-76.98	131.909754
4.875297	0.4	12.	-9.14	-64.71219	136.1
4.756661	0.4	12.	3.199503	-49.9	136.1
5.977007	0.4	12.	-23.17	-63.627817	136.1
6.791942	0.4	12.	-52.54	-82.250145	136.1
4.49084	0.4	12.	-54.87966	-106.33	136.1
5.4085	0.4	12.	-62.33	-124.27	141.133703
5.536077	0.4	12.	-61.68	-138.549511	136.1
5.099815	0.4	12.	-56.13	-149.06	137.013821
5.936916	0.4	12.	-49.540898	-162.11	136.1
5.498985	0.4	12.	-28.72	-164.692237	136.1
5.37875	0.4	12.	3.74917	-181.68	136.1
5.362509	0.4	12.	25.78	-149.39	140.480772
4.907639	0.4	12.	36.22	-147.941599	136.1
5.273889	0.4	12.	24.15	-138.130511	136.1
4.481272	0.4	12.	92.635036	-87.09	136.1
4.85858	0.4	12.	-17.634341	-109.59	135.64
5.186192	0.4	12.	-9.208556	-102.74	135.64
4.640173	0.4	12.	-19.25	-48.6	134.363854
4.558751	0.4	12.	-34.92	-90.35	134.68328
5.414186	0.4	12.	117.48	-105.35	138.359486
5.103142	0.4	12.	125.96	-98.18	136.718546
4.586048	0.4	12.	116.17	-78.28	139.816242
4.53632	0.4	12.	39.400898	-74.37	135.64
4.521492	0.4	12.	65.27	-74.37	136.893855
4.54343	0.4	12.	102.656076	-112.2	135.64
4.560319	0.4	12.	106.38	-103.07	135.727212
5.173775	0.4	12.	87.156294	-127.53	135.7
4.57647	0.4	12.	100.18	-134.781184	135.7
4.665497	0.4	12.	97.9	-123.445719	135.64
4.627993	0.4	12.	80.6	-113.04164	135.7
4.633735	0.4	12.	4.180204	-153.95	135.7
5.667074	0.4	12.	3.92	-142.21	137.903141
4.861583	0.4	12.	27.41	-87.09	140.412055
5.473856	0.4	12.	-6.85	-128.275241	135.7
4.969524	0.4	12.	-7.811958	-144.82	135.7
4.918577	0.4	12.	-24.15	-135.320148	135.7
4.533408	0.4	12.	4.89	-100.46	137.280355
5.263651	0.4	12.	-37.53	-113.481589	135.7
4.942468	0.4	12.	19.10449	-74.69	135.7
5.225379	0.4	12.	8.38448	-89.37	135.7
4.982896	0.4	12.	82.23	-166.598314	135.7
4.583601	0.4	12.	69.28055	-152.97	135.7
5.069292	0.4	12.	89.74	-74.629214	135.7
5.075409	0.4	12.	50.91	-92.96	139.984295
4.50758	0.4	12.	59.954583	-107.31	135.3
4.712017	0.4	12.	45.36	-119.30538	135.3
5.020475	0.4	12.	-1.31	-114.16	137.132926
4.774652	0.4	12.	6.2	-126.624389	135.3
4.747605	0.4	12.	-23.5	-125.397025	135.3
4.660605	0.4	12.	-34.59	-124.92	135.561313
5.763967	0.4	12.	-25.13	-102.74	131.754348
4.700977	0.4	12.	-24.15	-78.512881	135.3
5.308504	0.4	12.	42.327105	-135.69	135.36
4.730468	0.4	12.	50.745816	-155.58	135.36
5.494467	0.4	12.	32.31	-163.26718	135.36
5.846148	0.4	12.	-1.96	-165.04	134.479867
5.120936	0.4	12.	-46.149616	-132.43	135.36
4.930428	0.4	12.	59.729449	-183.31	135.36
4.608442	0.4	12.	85.82	-145.15	136.646647
5.248669	0.4	12.	-42.1	-75.67	135.073339
4.710837	0.4	12.	46.34	-176.262626	134.73
5.424376	0.4	12.	43.4	-107.183801	134.73
4.715272	0.4	12.	55.573903	-118.07	134.73
5.243598	0.4	12.	120.440523	-129.49	134.73
5.128571	0.4	12.	30.70087	-175.81	134.73
4.854274	0.4	12.	-49.6	-95.476026	134.17
4.776293	0.4	12.	-65.27	-101.703648	134.17
4.762073	0.4	12.	16.64	-50.072693	134.17
5.110956	0.4	12.	63.63	-55.325081	134.17
4.571465	0.4	12.	82.664673	-66.21	134.17
5.118544	0.4	12.	89.41	-56.395594	134.17
4.560816	0.4	12.	111.9763	-156.89	134.17
4.518167	0.4	12.	128.041998	-173.85	134.17
4.63251	0.4	12.	139.34	-141.991957	134.17
5.02856	0.4	12.	131.18	-115.247046	134.17
4.734946	0.4	12.	130.548699	-128.19	134.17
4.4979	0.4	12.	126.581491	-144.17	134.17
5.18986	0.4	12.	-29.04	-146.985453	134.22
4.931522	0.4	12.	-16.64	-161.910219	134.22
7.891205	0.4	12.	20.23	-211.530145	132.74
5.522791	0.4	12.	3.26	-202.23	137.738326
5.144752	0.4	12.	-6.2	-196.68	136.318787
4.763555	0.4	12.	-7.83	-179.203938	132.8
4.82913	0.4	12.	-24.15	-177.049503	132.8
4.912182	0.4	12.	-47.030702	-147.43	132.8
4.597329	0.4	12.	-48.95	-112.705416	132.8
5.138537	0.4	12.	80.93	-193.437996	132.8
5.603638	0.4	12.	74.956297	-183.96	132.8
5.020496	0.4	12.	69.144474	-171.24	132.8
4.934311	0.4	12.	60.7	-147.76	137.239186
4.856969	0.4	12.	142.930566	-152.32	132.8
4.585445	0.4	12.	138.04	-97.08862	132.8
4.79602	0.4	12.	138.36	-82.21983	132.8
4.565455	0.4	12.	131.84	-73.620133	132.8
5.105995	0.4	12.	117.110666	-70.13	132.8
5.408389	0.4	12.	101.49	-69.708865	132.8
4.616831	0.4	12.	51.56	-76.021548	132.8
4.672261	0.4	12.	8.263194	-112.53	132.8
5.974165	0.4	12.	58.09	-171.24	134.018381
5.134356	0.4	12.	20.23	-186.57	131.483648
6.728846	0.4	12.	95.29	-187.093189	132.8
5.610395	0.4	12.	116.17	-166.825706	132.8
5.028838	0.4	12.	102.79	-147.43	133.702559
5.462191	0.4	12.	146.728732	-103.72	132.8
4.493659	0.4	12.	75.71	-75.35	130.483514
5.830686	0.4	12.	74.096062	-60.02	132.8
5.539512	0.4	12.	25.78	-106.01	130.840931
5.01989	0.4	12.	11.42	-136.337628	132.8
5.155397	0.4	12.	63.62773	-161.13	132.8
6.852655	0.4	12.	15.66	-165.0963	132.8
6.7941	0.4	12.	31.067461	-93.94	131.55
5.810372	0.4	12.	67.22	-90.35	133.971495
6.291222	0.4	12.	81.56257	-100.13	131.55
6.440463	0.4	12.	91.074988	-109.27	131.55
5.161458	0.4	12.	98.22	-94.92	132.214215
4.933682	0.4	12.	124.66	-84.8	130.15807
6.323814	0.4	12.	153.309858	-92.63	131.55
4.650543	0.4	12.	114.966563	-117.42	131.55
4.502608	0.4	12.	105.1471	-128.19	131.55
5.737176	0.4	12.	127.27	-161.215741	131.55
7.586313	0.4	12.	95.866096	-160.8	131.55
4.505368	0.4	12.	84.85	-178.576061	131.55
4.841047	0.4	12.	51.804007	-195.38	131.55
6.639442	0.4	12.	40.79	-186.9	129.924482
4.90652	0.4	12.	107.621332	-192.12	131.55
5.496488	0.4	12.	-36.892683	-139.28	131.55
5.800469	0.4	12.	-1.63	-75.800984	128.77
6.06015	0.4	12.	8.48	-66.54	125.989142
5.51749	0.4	12.	29.04	-51.21	129.782691
5.93442	0.4	12.	42.201495	-66.21	128.77
5.633661	0.4	12.	108.01	-90.433442	128.77
6.199774	0.4	12.	76.36	-87.74	126.025265
5.885793	0.4	12.	69.298596	-103.07	128.77
5.028027	0.4	12.	66.24	-115.971197	128.77
4.889243	0.4	12.	102.79	-173.620251	128.77
5.114743	0.4	12.	19.91	-96.976871	128.25
5.204146	0.4	12.	-17.076254	-84.8	125.81
5.447399	0.4	12.	-3.59	-62.055986	125.81
5.275613	0.4	12.	5.55	-54.410977	125.81
5.750854	0.4	12.	-8.81	-49.356653	125.81
5.959138	0.4	12.	-65.860055	-87.41	125.81
5.920301	0.4	12.	-61.35	-126.271521	125.81
5.350611	0.4	12.	-72.12	-133.4	127.595511
5.42651	0.4	12.	-58.25668	-143.52	125.81
4.978423	0.4	12.	-36.55	-166.153503	125.81
4.783777	0.4	12.	5.87	-187.55	127.230092
4.804933	0.4	12.	122.7	-192.224095	125.81
4.987644	0.4	12.	130.683797	-184.29	125.81
5.589405	0.4	12.	148.15	-114.49	127.950675
4.816297	0.4	12.	57.43	-139.698173	125.81
5.468368	0.4	12.	78.374861	-132.43	125.81
4.854881	0.4	12.	22.52	-134.437681	125.81
6.047148	0.4	12.	33.29	-150.69	125.698712
4.531971	0.4	12.	20.88	-152.32	126.75976
4.767566	0.4	12.	13.71	-144.726995	125.81
5.098083	0.4	12.	29.320104	-119.71	125.81
5.911381	0.4	12.	44.736424	-54.47	125.81
6.453451	0.4	12.	114.21	-55.975462	125.58
5.092	0.4	12.	126.558658	-57.73	125.58
4.486016	0.4	12.	100.740145	-109.92	125.58
5.041598	0.4	12.	86.48	-121.249164	125.58
4.607065	0.4	12.	75.38	-118.453698	125.58
5.651201	0.4	12.	74.08	-148.989406	125.58
4.559511	0.4	12.	-13.71	-112.276585	125.58
6.098108	0.4	12.	-13.71	-96.680366	125.58
4.517921	0.4	12.	-7.83	-136.34	125.534251
5.771078	0.4	12.	-16.32	-128.58345	125.58
5.265239	0.4	12.	-26.11	-134.723891	125.58
5.852258	0.4	12.	-13.38	-146.78	124.989331
5.166232	0.4	12.	1.63	-144.234346	125.58
4.666563	0.4	12.	20.56	-64.283734	125.58
6.02032	0.4	12.	20.88	-85.78	131.01368
4.537978	0.4	12.	-4.059136	-101.44	125.58
4.780751	0.4	12.	94.854147	-85.13	125.58
4.542796	0.4	12.	88.11	-78.28	123.411778
4.768597	0.4	12.	64.94	-73.71	127.440176
6.290777	0.4	12.	51.56	-208.888113	125.64
7.601571	0.4	12.	79.267065	-214.62	125.64
5.749582	0.4	12.	103.45	-207.557809	125.64
5.329503	0.4	12.	-32.63	-95.282239	125.64
6.430597	0.4	12.	-38.61358	-106.66	125.64
4.630907	0.4	12.	113.24	-143.440257	125.64
4.942203	0.4	12.	-21.643176	-55.12	125.64
5.020691	0.4	12.	-15.194984	-63.28	125.64
4.799854	0.4	12.	-47.64	-132.43	125.023966
5.44189	0.4	12.	-37.53	-119.05	125.555225
5.254093	0.4	12.	42.42	-142.047446	125.13
6.172825	0.4	12.	46.66	-159.495852	125.13
4.959495	0.4	12.	27.812564	-163.41	125.13
5.371601	0.4	12.	-1.31	-155.91	127.009483
5.476702	0.4	12.	6.860376	-174.5	125.13
4.873483	0.4	12.	83.629514	-141.56	125.13
5.402912	0.4	12.	96.92	-134.71	125.821011
5.241235	0.4	12.	143.294118	-126.88	125.13
6.125749	0.4	12.	121.647795	-95.89	125.13
4.5772	0.4	12.	117.8	-106.66	122.33349
4.980647	0.4	12.	51.23	-94.969845	125.13
6.535916	0.4	12.	31.603862	-75.02	125.13
5.627844	0.4	12.	1.567908	-88.72	125.13
4.575747	0.4	12.	-2.28	-120.214432	124.9
5.711889	0.4	12.	-26.43	-76.010271	124.9
4.6961	0.4	12.	41.44	-127.53	128.838031
4.955607	0.4	12.	138.69	-137.611927	124.05
5.573749	0.4	12.	129.180125	-171.57	124.05
5.322563	0.4	12.	-67.739969	-102.42	124.05
5.174754	0.4	12.	-57.43	-105.150613	124.05
5.704773	0.4	12.	-54.17	-93.29	123.156735
5.630252	0.4	12.	58.41	-59.693429	124.05
4.844038	0.4	12.	84.780993	-57.73	124.05
5.289609	0.4	12.	89.74	-67.380658	124.05
8.061134	0.4	12.	98.88	-56.300193	124.05
5.149387	0.4	12.	136.08	-116.74625	124.05
4.957049	0.4	12.	125.925662	-115.79	124.05
5.578366	0.4	12.	123.68	-140.371773	124.05
5.888503	0.4	12.	47.343692	-119.05	124.05
5.416899	0.4	12.	53.84	-108.29	124.58251
5.182249	0.4	12.	107.306144	-159.82	124.05
6.113093	0.4	12.	-24.947402	-153.3	124.05
6.40074	0.4	12.	40.14	-170.3486	124.05
4.698269	0.4	12.	62.65	-187.775832	124.05
6.736602	0.4	12.	72.82647	-196.03	124.05
6.074854	0.4	12.	126.256222	-128.19	124.05
4.593571	0.4	12.	128.9	-104.140296	124.05
6.059862	0.4	12.	-11.42	-175.686338	122.8
5.412649	0.4	12.	-28.150113	-175.15	122.8
6.436178	0.4	12.	-26.11	-188.85	120.565127
4.689008	0.4	12.	-11.193199	-164.72	122.8
4.531948	0.4	12.	19.25	-179.398171	122.8
5.035804	0.4	12.	23.578507	-192.77	122.8
4.609613	0.4	12.	-39.81	-145.264228	122.8
4.737298	0.4	12.	-48.3	-154.734461	122.8
5.108134	0.4	12.	-50.91	-116.393935	122.8
4.644421	0.4	12.	20.88	-42.911008	122.8
5.065182	0.4	12.	20.584066	-53.82	122.8
6.248064	0.4	12.	143.179021	-82.52	122.8
5.42132	0.4	12.	153.049925	-102.74	122.8
4.93405	0.4	12.	141.819496	-101.44	122.8
5.875189	0.4	12.	112.26	-74.619729	122.8
5.038854	0.4	12.	100.51	-76.495747	122.8
4.499035	0.4	12.	126.043614	-70.13	122.8
5.63739	0.4	12.	134.887802	-92.96	122.8
5.992577	0.4	12.	150.305407	-141.88	122.8
4.825732	0.4	12.	142.171953	-153.3	122.8
4.499405	0.4	12.	74.564738	-57.08	122.8
5.11362	0.4	12.	33.61	-110.25	122.240692
5.558825	0.4	12.	17.3	-107.579001	122.8
5.969416	0.4	12.	4.310797	-111.55	122.8
5.176966	0.4	12.	62.	-152.65	124.327992
5.665954	0.4	12.	69.51	-177.024656	122.8
4.542479	0.4	12.	86.15	-194.009517	122.8
5.561707	0.4	12.	97.977917	-148.73	122.8
4.939246	0.4	12.	116.17	-176.917738	122.8
5.869087	0.4	12.	58.41	-166.35	121.711212
5.053695	0.4	12.	50.755984	-176.79	122.8
5.63471	0.4	12.	51.23	-77.376453	121.72
6.198034	0.4	12.	99.797228	-100.13	119.84
5.272924	0.4	12.	19.91	-204.551737	119.9
5.721236	0.4	12.	0.65	-204.929996	119.9
4.70081	0.4	12.	-7.18	-194.4	124.255407
5.435423	0.4	12.	-17.3	-198.362878	119.9
5.007293	0.4	12.	-14.497253	-187.55	119.9
5.203707	0.4	12.	-24.988361	-104.05	119.9
5.621671	0.4	12.	94.31	-169.94	120.309388
5.517761	0.4	12.	82.56	-168.63	121.995078
4.931339	0.4	12.	103.470436	-193.42	119.73
4.521299	0.4	12.	88.007454	-94.59	119.16
5.547476	0.4	12.	90.39	-112.2	119.449929
5.861997	0.4	12.	103.126192	-122.97	118.99
4.86942	0.4	12.	146.85	-92.96	119.821429
4.673144	0.4	12.	61.68	-87.41	121.877774
4.483661	0.4	12.	28.72	-94.26	120.133225
4.867797	0.4	12.	37.046374	-99.48	118.87
4.843853	0.4	12.	12.47935	-124.27	118.76
4.657403	0.4	12.	10.77	-133.4	122.660694
4.986332	0.4	12.	77.34	-95.905349	118.13
4.648179	0.4	12.	106.38	-86.833476	118.13
4.663101	0.4	12.	76.03	-76.712408	118.13
5.511059	0.4	12.	62.65	-98.423212	118.13
5.493934	0.4	12.	41.860224	-69.8	117.79
4.580406	0.4	12.	-5.55	-77.563044	117.79
4.80999	0.4	12.	76.87668	-105.68	117.51
5.41582	0.4	12.	123.68	-85.46	119.029063
5.420592	0.4	12.	37.607134	-182.	116.71
6.316104	0.4	12.	54.82	-194.4	118.162599
5.722289	0.4	12.	27.937848	-176.46	116.71
5.314543	0.4	12.	29.37	-197.99	114.927949
5.157666	0.4	12.	17.3	-167.433943	116.71
4.585431	0.4	12.	10.12	-99.81	119.446019
5.103318	0.4	12.	14.68	-75.02	117.309534
4.943028	0.4	12.	63.96	-123.95	117.219319
4.942762	0.4	12.	62.33	-112.2	116.718916
5.478817	0.4	12.	104.212447	-174.18	116.2
6.231947	0.4	12.	34.92	-44.574874	116.2
4.55775	0.4	12.	38.530708	-60.02	116.2
5.260282	0.4	12.	29.7	-66.87	116.258262
5.823415	0.4	12.	-44.38	-85.46	117.492043
4.840074	0.4	12.	-45.03	-96.177179	116.2
4.570803	0.4	12.	103.745839	-134.38	116.26
6.275075	0.4	12.	87.13	-149.565785	116.26
4.78917	0.4	12.	126.61	-154.28	115.955948
5.117838	0.4	12.	69.779211	-85.13	116.26
5.231783	0.4	12.	-47.58819	-144.17	115.8
5.009276	0.4	12.	-60.324176	-137.64	115.8
5.41599	0.4	12.	-71.79	-134.638254	115.8
6.292119	0.4	12.	-71.14	-121.66	118.379852
6.011902	0.4	12.	-64.94	-78.66734	115.8
5.850219	0.4	12.	-1.31	-67.923154	115.8
4.714138	0.4	12.	8.16	-60.99	112.501602
5.656289	0.4	12.	6.53	-48.880279	115.8
4.741519	0.4	12.	52.21	-53.82	116.851605
5.028328	0.4	12.	121.72	-195.80876	115.8
4.833678	0.4	12.	131.18	-185.27	115.198849
5.138862	0.4	12.	86.674978	-176.46	115.8
4.590634	0.4	12.	76.36	-185.92	115.937005
5.630106	0.4	12.	96.155412	-184.61	115.8
4.814933	0.4	12.	4.283799	-185.27	115.8
5.907429	0.4	12.	26.894859	-145.47	115.8
5.377977	0.4	12.	24.47	-129.265757	115.8
4.770705	0.4	12.	24.776765	-118.73	115.8
6.049895	0.4	12.	26.035304	-103.72	115.8
5.48353	0.4	12.	-25.13	-123.131498	115.8
5.102666	0.4	12.	59.794481	-133.73	115.8
5.687841	0.4	12.	70.707176	-143.84	115.8
5.031046	0.4	12.	77.34	-127.87543	115.8
4.89059	0.4	12.	-13.71	-82.920551	115.8
4.700611	0.4	12.	-4.57	-89.376153	115.8
5.214972	0.4	12.	43.08	-81.858019	115.8
4.50083	0.4	12.	-38.544499	-163.41	115.75
5.86426	0.4	12.	-23.058964	-163.41	115.75
4.602591	0.4	12.	13.71	-148.336044	115.8
4.734491	0.4	12.	-9.387697	-111.55	115.23
4.688405	0.4	12.	-20.32839	-111.55	115.23
5.017894	0.4	12.	-8.470583	-137.32	115.23
4.906284	0.4	12.	-1.31	-129.82	117.758131
6.027166	0.4	12.	-20.23	-141.898293	115.23
4.973191	0.4	12.	-34.59	-135.084256	115.23
5.234197	0.4	12.	85.690851	-85.13	115.23
4.568088	0.4	12.	96.59	-84.62907	115.23
4.591646	0.4	12.	107.04	-144.49	116.758802
4.842064	0.4	12.	148.15	-110.57	117.35436
4.875751	0.4	12.	19.374304	-63.28	115.23
5.69155	0.4	12.	-11.1	-99.48	114.082243
4.505296	0.4	12.	1.672364	-143.19	115.23
7.004473	0.4	12.	-26.149742	-90.35	115.23
5.165679	0.4	12.	21.86	-87.887169	115.23
6.093489	0.4	12.	59.844953	-70.78	115.23
4.561325	0.4	12.	90.915688	-121.66	114.72
5.508807	0.4	12.	-5.833478	-150.37	114.72
4.808957	0.4	12.	-39.07467	-121.34	114.72
4.592868	0.4	12.	-41.517076	-105.03	114.72
5.060401	0.4	12.	-47.32	-128.980233	114.72
6.563113	0.4	12.	-63.58419	-151.02	114.72
4.589889	0.4	12.	-16.32	-132.1	113.146806
5.250446	0.4	12.	-14.174148	-120.68	114.72
5.392248	0.4	12.	115.85	-98.03662	114.72
4.681282	0.4	12.	107.551246	-108.94	114.72
4.940433	0.4	12.	108.99	-61.632068	114.72
5.398913	0.4	12.	120.08432	-60.34	114.72
5.009233	0.4	12.	41.77	-128.51	115.822748
5.542613	0.4	12.	39.49	-144.309372	114.72
4.940973	0.4	12.	40.79	-157.731093	114.72
4.764336	0.4	12.	26.76	-161.186149	114.72
4.743816	0.4	12.	9.611052	-89.37	114.72
4.937503	0.4	12.	4.57	-79.59	119.394525
5.023035	0.4	12.	26.950841	-77.63	114.72
4.757117	0.4	12.	52.21	-89.668867	114.72
4.863606	0.4	12.	49.600187	-102.09	114.72
5.828002	0.4	12.	89.41	-134.277662	114.72
5.748395	0.4	12.	74.4	-158.358106	114.72
4.677954	0.4	12.	114.87	-122.64	116.993657
5.047254	0.4	12.	115.85	-138.849453	114.72
4.779267	0.4	12.	144.331176	-129.16	114.72
4.491954	0.4	12.	138.36	-175.81	112.684322
4.914946	0.4	12.	106.56302	-201.9	114.72
5.368283	0.4	12.	90.72	-207.7965	114.72
4.674347	0.4	12.	74.4	-220.251616	114.72
5.122648	0.4	12.	56.313237	-215.93	114.72
4.499963	0.4	12.	7.99762	-210.71	114.72
4.557809	0.4	12.	7.384273	-167.65	114.72
4.628138	0.4	12.	2.61	-155.91	115.662494
6.566582	0.4	12.	-16.64	-70.13	116.353569
6.598552	0.4	12.	-11.1	-54.737952	114.72
7.013584	0.4	12.	-28.105187	-61.32	114.72
6.435165	0.4	12.	-33.090988	-74.69	114.72
4.546519	0.4	12.	50.58	-144.17	114.985675
5.119903	0.4	12.	51.56	-158.065257	114.72
5.842966	0.4	12.	135.75	-163.09	115.778164
4.929197	0.4	12.	-61.35	-103.501378	113.19
6.761587	0.4	12.	-61.809616	-91.65	113.19
5.220044	0.4	12.	-72.44	-110.75097	113.19
4.967651	0.4	12.	47.97	-116.024211	113.19
4.564949	0.4	12.	-19.012423	-153.95	113.19
5.185393	0.4	12.	137.06	-114.719163	113.19
5.767108	0.4	12.	122.37	-108.789126	113.19
4.927979	0.4	12.	126.085198	-119.38	113.19
5.278809	0.4	12.	126.61	-135.208788	113.19
4.746527	0.4	12.	132.82	-145.15	114.055049
4.557042	0.4	12.	109.32	-158.270525	113.19
5.256462	0.4	12.	117.15	-150.030036	113.19
4.499625	0.4	12.	127.541971	-171.89	113.25
4.922354	0.4	12.	98.22	-159.82	116.007737
4.729711	0.4	12.	127.92	-97.699831	113.19
5.544835	0.4	12.	146.19	-62.801056	113.19
4.587854	0.4	12.	96.92	-65.360108	113.19
5.043196	0.4	12.	83.21	-71.49667	113.19
5.307422	0.4	12.	83.54	-56.154352	113.19
4.711639	0.4	12.	60.04	-59.199124	113.19
4.969598	0.4	12.	63.3099	-47.29	113.19
5.218017	0.4	12.	67.22	-188.905754	113.19
5.399849	0.4	12.	149.78	-155.718886	113.19
4.914344	0.4	12.	-34.26	-152.32	116.999945
6.463745	0.4	12.	-59.513375	-117.42	112.34
5.104133	0.4	12.	-51.23	-105.535255	112.34
5.954865	0.4	12.	12.267421	-109.92	112.34
5.074221	0.4	12.	34.049999	-118.07	112.34
5.099698	0.4	12.	137.06	-80.729839	112.34
4.532458	0.4	12.	150.57158	-80.56	112.34
5.841329	0.4	12.	139.67	-103.4	112.247082
7.393642	0.4	12.	161.573131	-103.07	112.34
5.461183	0.4	12.	105.08	-74.831845	112.34
4.925773	0.4	12.	117.301795	-77.96	112.34
4.795862	0.4	12.	123.35	-70.13	111.549672
4.511411	0.4	12.	93.33	-76.156094	112.34
5.61146	0.4	12.	71.79	-58.310264	112.34
4.643037	0.4	12.	68.85	-172.389546	112.34
4.70319	0.4	12.	61.68	-161.000207	112.34
5.234563	0.4	12.	98.22	-146.45	110.585107
5.302006	0.4	12.	118.532868	-162.11	112.34
4.695229	0.4	12.	116.5	-173.52	110.272727
5.481692	0.4	12.	110.898354	-186.24	112.34
6.022609	0.4	12.	52.440427	-180.7	112.34
5.608387	0.4	12.	46.786869	-169.94	112.34
4.830287	0.4	12.	-12.73	-163.41	111.661213
4.796283	0.4	12.	-6.53	-171.924729	112.34
4.986557	0.4	12.	-25.78	-176.46	108.189265
5.359983	0.4	12.	18.6	-190.019285	112.34
4.685815	0.4	12.	17.95	-179.468414	112.39
5.048695	0.4	12.	40.46	-195.05	116.387289
5.451365	0.4	12.	85.305493	-190.81	112.34
5.416281	0.4	12.	142.93	-142.974312	112.39
4.628008	0.4	12.	1.63	-113.452835	112.34
5.103429	0.4	12.	0.65	-101.84224	112.39
5.469308	0.4	12.	22.84	-48.22749	112.34
6.161141	0.4	12.	85.58	-108.71545	108.81
5.111019	0.4	12.	86.56	-93.239377	108.81
4.767302	0.4	12.	96.317899	-98.52	108.81
5.095184	0.4	12.	-0.9	-198.328526	108.81
5.026959	0.4	12.	-11.103775	-197.68	108.81
5.048928	0.4	12.	-12.32	-208.896752	108.81
4.914735	0.4	12.	-25.308255	-190.18	108.81
6.628229	0.4	12.	32.06	-211.05	112.434891
4.766415	0.4	12.	69.860376	-204.53	108.81
6.797904	0.4	12.	163.356532	-134.4	108.87
4.719508	0.4	12.	156.07	-121.35	108.127257
4.648916	0.4	12.	33.69	-98.982889	108.87
4.722635	0.4	12.	-20.8	-101.46	109.050879
5.401545	0.4	12.	49.362167	-72.1	108.81
5.12908	0.4	12.	60.45	-89.80416	108.87
4.693804	0.4	12.	75.46	-116.46	110.009009
5.557593	0.4	12.	152.009663	-95.26	108.19
6.122714	0.4	12.	139.500437	-91.67	108.19
4.528862	0.4	12.	7.770418	-120.05	108.19
5.015435	0.4	12.	10.2	-132.157432	108.19
4.569064	0.4	12.	-31.04412	-144.84	108.19
4.590504	0.4	12.	-3.159794	-212.68	108.19
4.684167	0.4	12.	101.57	-120.936172	108.19
4.831093	0.4	12.	39.89	-108.63	110.186852
4.590468	0.4	12.	86.23	-163.183655	108.19
5.148	0.4	12.	69.92	-103.74	109.042794
4.816395	0.4	12.	76.44	-89.391563	107.5
4.519579	0.4	12.	50.814139	-197.35	106.37
4.959338	0.4	12.	33.921421	-180.07	106.37
5.079658	0.4	12.	29.45	-188.87	109.793755
4.528077	0.4	12.	21.784702	-204.53	106.37
4.80981	0.4	12.	-36.616361	-172.89	106.37
5.162492	0.4	12.	-42.99	-152.67	111.508999
5.100611	0.4	12.	105.49	-84.52027	106.37
5.018556	0.4	12.	105.49	-95.26	110.97352
4.874184	0.4	12.	121.48	-85.15	106.257264
5.058068	0.4	12.	77.880907	-65.58	106.37
4.515324	0.4	12.	40.55	-67.218181	106.37
5.422814	0.4	12.	43.78211	-184.96	105.85
5.704826	0.4	12.	27.17	-171.742308	105.85
5.634747	0.4	12.	80.170516	-152.34	105.85
5.163468	0.4	12.	77.1	-141.22741	105.85
4.876402	0.4	12.	104.555473	-173.22	105.85
5.499727	0.4	12.	57.52	-117.577121	105.85
5.156807	0.4	12.	67.143726	-124.62	105.85
5.358034	0.4	12.	102.811738	-133.1	105.85
5.45673	0.4	12.	67.993558	-81.56	105.85
5.196298	0.4	12.	56.826376	-80.26	105.85
4.533462	0.4	12.	14.460073	-77.97	105.85
4.56652	0.4	12.	31.41	-72.945597	105.85
6.295949	0.4	12.	35.98	-56.280913	105.85
5.647514	0.4	12.	-5.47	-74.06	106.91883
5.509222	0.4	12.	-50.5	-96.57	102.421122
4.721535	0.4	12.	33.04	-136.68	108.350006
4.991722	0.4	12.	15.75	-160.82	109.124232
4.712763	0.4	12.	20.450686	-99.5	105.34
6.428579	0.4	12.	17.05	-142.56	106.13009
5.095462	0.4	12.	26.259611	-149.73	105.34
4.84877	0.4	12.	27.49	-121.53917	105.34
5.644019	0.4	12.	24.759297	-110.26	105.34
4.639065	0.4	12.	41.85	-78.116515	105.34
4.537095	0.4	12.	-7.42	-86.975149	105.34
5.163482	0.4	12.	0.824046	-63.95	105.34
5.103113	0.4	12.	77.901228	-130.16	105.34
5.33656	0.4	12.	64.37	-145.18314	105.34
4.719337	0.4	12.	50.34	-129.84	107.865848
4.514512	0.4	12.	63.39	-133.75	106.0197
4.791046	0.4	12.	79.71	-179.41	109.056002
4.863732	0.4	12.	100.59	-191.81	108.216916
4.56408	0.4	12.	98.660804	-181.37	105.34
5.592361	0.4	12.	122.808252	-189.52	105.34
5.624053	0.4	12.	142.36	-193.397029	105.4
4.578918	0.4	12.	2.527747	-183.33	105.4
7.17197	0.4	12.	64.627538	-221.82	105.4
6.092448	0.4	12.	-58.001536	-141.25	105.4
5.162054	0.4	12.	-70.73	-138.805764	105.4
4.876531	0.4	12.	-70.843377	-121.03	105.34
5.527723	0.4	12.	-17.87	-88.093666	105.4
5.018369	0.4	12.	47.73	-47.766736	105.4
4.643647	0.4	12.	47.4	-59.877175	105.4
4.951312	0.4	12.	9.55	-53.840831	105.4
4.921748	0.4	12.	9.87	-68.51	103.859297
5.228801	0.4	12.	-42.01	-85.15	104.71224
5.735022	0.4	12.	-23.74	-123.64	101.871622
5.322652	0.4	12.	-13.3	-184.206917	105.4
4.513642	0.4	12.	89.529001	-84.17	104.83
5.797605	0.4	12.	115.93	-130.945123	104.43
4.913789	0.4	12.	105.293279	-105.7	104.43
5.645271	0.4	12.	143.99	-133.42	103.897116
6.688282	0.4	12.	147.58	-113.645861	104.43
4.494771	0.4	12.	-7.42	-110.26	103.948304
4.868159	0.4	12.	-25.152429	-109.61	104.43
5.229021	0.4	12.	-39.465442	-101.78	104.43
4.615982	0.4	12.	-44.3	-136.033793	104.43
4.608089	0.4	12.	-17.54	-146.159868	104.43
4.794801	0.4	12.	-6.77	-134.97796	104.43
5.234083	0.4	12.	-27.648451	-136.03	104.43
5.444714	0.4	12.	-51.979184	-152.99	104.43
6.321632	0.4	12.	51.32	-208.12	104.379545
5.498584	0.4	12.	50.99	-219.86	101.413207
6.920966	0.4	12.	80.515632	-218.23	104.43
4.970895	0.4	12.	94.39	-200.61	107.878856
4.712259	0.4	12.	106.79	-204.2	103.17254
4.59605	0.4	12.	120.17	-202.25	100.893433
4.791052	0.4	12.	142.03	-177.78	104.166915
5.487086	0.4	12.	134.598284	-161.47	104.43
5.288358	0.4	12.	113.64	-96.24	103.833448
4.49873	0.4	12.	91.45	-129.943899	104.43
4.958276	0.4	12.	62.719722	-70.8	104.43
4.515137	0.4	12.	54.710089	-100.81	104.43
4.909791	0.4	12.	44.46	-92.	108.57587
4.997086	0.4	12.	7.26	-85.453104	104.43
4.919434	0.4	12.	25.86	-81.878387	104.43
6.72002	0.4	12.	22.27	-65.25	104.105729
5.34933	0.4	12.	114.795312	-64.93	104.43
4.908354	0.4	12.	123.015493	-57.43	104.43
5.013889	0.4	12.	46.42	-139.74758	104.43
5.590827	0.4	12.	49.36	-150.479972	104.43
4.520927	0.4	12.	30.43	-160.421317	104.43
4.854552	0.4	12.	40.22	-167.804807	104.43
4.621571	0.4	12.	5.340587	-143.53	104.43
4.955708	0.4	12.	-6.77	-147.452898	104.43
5.499789	0.4	12.	3.67	-161.8	105.956031
5.356302	0.4	12.	-11.01	-124.960267	104.43
6.73676	0.4	12.	-38.249116	-113.85	104.43
5.096225	0.4	12.	-40.71	-126.558602	104.43
4.717709	0.4	12.	135.18	-123.768027	103.35
4.819675	0.4	12.	-5.47	-49.397557	103.35
4.617794	0.4	12.	-10.03	-63.278072	103.35
4.76713	0.4	12.	-17.87	-73.41	105.078527
5.843005	0.4	12.	-30.92	-91.781375	103.35
7.276535	0.4	12.	-31.25	-74.06	99.1183
7.455503	0.4	12.	-20.446988	-54.82	103.35
4.517468	0.4	12.	8.57	-203.22	107.579404
5.2553	0.4	12.	85.25	-202.513176	103.35
4.805202	0.4	12.	74.16	-165.975394	103.35
4.954031	0.4	12.	88.84	-140.651048	103.35
4.536846	0.4	12.	-61.59	-109.159458	102.9
5.04489	0.4	12.	-61.59	-98.817276	102.9
4.735611	0.4	12.	-72.236529	-86.78	102.9
5.213164	0.4	12.	-53.822325	-82.87	102.9
6.398896	0.4	12.	-46.928142	-70.47	102.9
5.029847	0.4	12.	119.52	-112.55	103.439508
4.756299	0.4	12.	130.29	-110.672182	102.9
5.177974	0.4	12.	124.41	-100.727377	102.9
4.782321	0.4	12.	147.26	-155.28	102.09326
4.650573	0.4	12.	123.29695	-146.14	102.9
4.785566	0.4	12.	129.314995	-138.64	102.9
4.626124	0.4	12.	108.75	-149.41	107.076197
4.759635	0.4	12.	94.681331	-157.23	102.9
4.658227	0.4	12.	98.31	-166.270024	102.9
4.789054	0.4	12.	129.96	-177.573314	102.9
5.129096	0.4	12.	133.245232	-188.22	102.9
4.96032	0.4	12.	67.31	-189.708687	102.9
4.68944	0.4	12.	85.874259	-61.01	102.9
4.786728	0.4	12.	57.84	-48.546104	102.9
5.846008	0.4	12.	57.84	-60.970058	102.9
4.973615	0.4	12.	73.046099	-49.27	102.9
4.798739	0.4	12.	123.76	-123.074977	102.9
4.790027	0.4	12.	132.569547	-151.36	102.9
5.503773	0.4	12.	108.75	-161.606384	102.9
7.22911	0.4	12.	101.971162	-60.36	102.9
5.208061	0.4	12.	135.51	-77.052209	102.33
5.014916	0.4	12.	123.970952	-76.02	102.33
4.845014	0.4	12.	144.430627	-144.84	102.33
4.819314	0.4	12.	119.592921	-156.91	102.33
4.873448	0.4	12.	111.723092	-179.09	102.33
5.344622	0.4	12.	110.05	-190.34994	102.33
4.612177	0.4	12.	65.02	-175.827816	102.33
4.501342	0.4	12.	62.52139	-159.84	102.33
5.578387	0.4	12.	1.39	-95.873717	102.33
5.102708	0.4	12.	99.61	-80.26	97.192419
5.400629	0.4	12.	95.37	-71.173489	101.76
5.282338	0.4	12.	-10.36	-160.28776	101.76
4.992601	0.4	12.	-29.61	-155.6	104.738885
5.984578	0.4	12.	-52.46	-117.56534	101.76
5.402804	0.4	12.	41.85	-124.62	105.618046
6.120689	0.4	12.	57.66457	-183.98	101.76
5.730261	0.4	12.	121.48	-168.32	99.640645
4.855095	0.4	12.	147.331673	-165.71	101.76
4.510546	0.4	12.	81.66	-191.201486	101.76
5.661131	0.4	12.	15.261662	-193.76	101.76
4.609695	0.4	12.	40.011413	-194.09	101.76
5.088571	0.4	12.	8.24	-173.322314	101.76
4.574649	0.4	12.	50.34	-173.287813	101.76
5.313442	0.4	12.	107.44	-140.93	99.087323
4.788219	0.4	12.	140.08	-101.13	100.894451
5.549193	0.4	12.	-10.03	-97.659825	101.14
4.54492	0.4	12.	-19.82	-165.063977	101.19
4.867451	0.4	12.	22.27	-53.18	101.31743
4.842771	0.4	12.	109.5916	-75.04	100.4
6.279615	0.4	12.	81.66	-75.454553	99.77
4.878207	0.4	12.	101.617012	-97.87	98.75
4.504616	0.4	12.	96.02	-89.72	97.247094
5.783974	0.4	12.	90.694216	-116.14	98.75
5.229509	0.4	12.	79.05	-103.42	100.90331
5.606338	0.4	12.	90.700372	-98.52	98.75
4.986785	0.4	12.	31.08	-101.13	99.308695
4.891093	0.4	12.	60.415124	-92.33	98.63
5.489289	0.4	12.	71.55	-205.51	96.038153
6.713365	0.4	12.	50.66	-238.12	99.185795
5.063309	0.4	12.	-13.62	-210.250797	98.63
5.198879	0.4	12.	-11.99	-194.037751	98.63
6.149082	0.4	12.	-23.883708	-194.74	98.63
4.694805	0.4	12.	-46.886598	-171.91	98.63
4.848929	0.4	12.	-21.13	-99.371409	98.63
6.74725	0.4	12.	32.06	-40.895897	98.63
5.60195	0.4	12.	154.169029	-139.62	98.58
5.129375	0.4	12.	155.41	-123.768268	98.58
6.344917	0.4	12.	139.75	-62.696421	98.58
4.986739	0.4	12.	95.7	-143.53	96.440636
5.578635	0.4	12.	20.075693	-180.07	98.58
5.558052	0.4	12.	28.15	-215.024504	98.58
6.153653	0.4	12.	40.137598	-206.16	98.58
4.61658	0.4	12.	12.81	-217.888509	98.58
5.286622	0.4	12.	-1.22	-191.057578	98.35
5.035823	0.4	12.	-30.92	-184.96	95.514203
4.528241	0.4	12.	40.426997	-114.51	98.01
4.543559	0.4	12.	41.85	-103.74	96.709966
6.242569	0.4	12.	147.26	-87.746898	98.01
4.570939	0.4	12.	103.692953	-119.07	98.01
4.486778	0.4	12.	14.77	-113.53	96.397039
4.574811	0.4	12.	8.89	-126.122292	98.01
4.585392	0.4	12.	-2.258562	-214.97	98.01
4.572811	0.4	12.	85.25	-172.127412	98.01
5.663546	0.4	12.	-58.166845	-128.53	98.01
6.02102	0.4	12.	-60.61	-73.41	96.91927
6.609963	0.4	12.	78.4	-115.16	97.133975
5.716678	0.4	12.	10.2	-150.71	98.495134
4.586902	0.4	12.	19.99	-131.64963	97.61
4.83753	0.4	12.	66.33	-100.645537	97.38
4.558769	0.4	12.	79.420501	-90.37	97.27
6.058782	0.4	12.	109.713088	-87.11	96.08
4.552722	0.4	12.	121.48	-87.76	95.124239
4.57114	0.4	12.	127.35	-95.59	93.072902
5.573607	0.4	12.	44.46	-70.8	94.955093
6.678936	0.4	12.	71.22	-61.257565	96.08
5.996824	0.4	12.	-40.38	-148.43	97.808229
5.410993	0.4	12.	-36.14	-168.196657	96.08
6.332934	0.4	12.	58.17	-196.7	97.440117
6.713821	0.4	12.	91.029811	-222.47	96.08
4.775132	0.4	12.	-2.2	-172.24	94.054696
5.615235	0.4	12.	31.989107	-185.94	96.08
4.758456	0.4	12.	22.157006	-201.92	96.08
4.633231	0.4	12.	47.4	-181.286186	95.74
4.486123	0.4	12.	25.363018	-169.3	95.74
4.567991	0.4	12.	31.814644	-133.1	95.74
4.653759	0.4	12.	85.58	-152.34	93.795223
4.847892	0.4	12.	77.75	-147.173792	95.74
4.844016	0.4	12.	64.814942	-120.05	95.74
4.996693	0.4	12.	52.961237	-114.51	95.74
5.82758	0.4	12.	61.996898	-80.91	95.74
4.500414	0.4	12.	34.043453	-64.27	95.05
4.701722	0.4	12.	14.11	-73.73	95.884214
6.038609	0.4	12.	2.69	-59.06	92.590123
4.747631	0.4	12.	-7.595565	-87.43	94.88
4.709815	0.4	12.	-19.829169	-85.8	94.77
5.392365	0.4	12.	-46.26	-100.81	91.370049
5.773065	0.4	12.	-75.614879	-122.66	94.83
5.848698	0.4	12.	75.14	-175.83	96.522113
4.577176	0.4	12.	97.33	-186.003146	94.83
4.572552	0.4	12.	59.8	-150.06	94.548709
5.399717	0.4	12.	63.416957	-138.64	94.31
5.44378	0.4	12.	79.05	-131.979941	94.26
5.016965	0.4	12.	50.34	-127.23	95.533853
4.486869	0.4	12.	44.79	-140.346742	94.09
4.594888	0.4	12.	44.46	-161.158224	93.69
5.609694	0.4	12.	32.06	-152.67	94.014547
4.733566	0.4	12.	33.04	-163.371104	93.86
5.138832	0.4	12.	59.327319	-220.18	93.86
4.882637	0.4	12.	57.84	-231.27	92.807765
5.121465	0.4	12.	104.18	-207.951379	93.86
4.493617	0.4	12.	98.31	-198.01	97.056325
4.60429	0.4	12.	126.04	-197.449105	93.86
4.866131	0.4	12.	145.400012	-107.	93.86
5.786451	0.4	12.	141.06	-116.967635	93.86
5.296187	0.4	12.	85.58	-86.78	90.46356
5.388577	0.4	12.	110.917124	-131.79	93.58
4.924375	0.4	12.	97.98	-133.751742	93.52
4.498098	0.4	12.	-18.84	-107.150131	93.18
5.417383	0.4	12.	-35.16	-99.5	93.888525
4.972793	0.4	12.	-30.671329	-108.96	93.18
5.653175	0.4	12.	-40.38	-122.916318	93.18
5.986242	0.4	12.	-43.473747	-134.73	93.18
5.709002	0.4	12.	-58.523031	-153.65	93.18
5.327082	0.4	12.	-68.12	-137.984786	93.18
5.21241	0.4	12.	73.83	-47.205273	92.84
4.932751	0.4	12.	128.66	-128.86	96.470622
4.636369	0.4	12.	120.17	-141.416266	92.89
4.753768	0.4	12.	119.84	-128.86	89.478677
6.443059	0.4	12.	129.96	-106.35	92.083871
4.558301	0.4	12.	111.36	-108.96	97.157058
5.093557	0.4	12.	100.92	-110.135174	92.89
5.632409	0.4	12.	131.59	-146.542246	92.89
4.615539	0.4	12.	139.312966	-183.33	92.89
4.957535	0.4	12.	129.99667	-188.55	92.89
5.943741	0.4	12.	132.57	-172.087342	92.89
4.786279	0.4	12.	143.67	-155.360812	92.89
4.768284	0.4	12.	-10.69	-137.34	95.317464
4.961108	0.4	12.	-20.15	-140.27	90.091085
4.701788	0.4	12.	-4.49	-151.738933	92.89
5.445256	0.4	12.	-65.591575	-98.85	92.89
5.190414	0.4	12.	-67.79	-86.089949	92.89
6.098396	0.4	12.	-1.22	-71.394589	92.89
7.481307	0.4	12.	43.030708	-55.14	92.89
7.33406	0.4	12.	50.01	-41.411321	92.89
4.809499	0.4	12.	61.342425	-53.84	92.89
4.776733	0.4	12.	59.724734	-64.27	92.89
4.727643	0.4	12.	68.94	-73.381719	92.89
5.682877	0.4	12.	83.388819	-63.62	92.89
4.634318	0.4	12.	30.76	-115.81	96.599219
5.114136	0.4	12.	16.73	-101.46	96.123722
4.551955	0.4	12.	11.83	-94.005601	92.27
4.646439	0.4	12.	24.56	-85.15	93.31582
4.517537	0.4	12.	37.608245	-81.24	92.32
4.607563	0.4	12.	46.75	-92.98	91.307172
5.998639	0.4	12.	17.7	-56.5446	91.98
4.591217	0.4	12.	2.37	-96.818333	91.81
5.823257	0.4	12.	-26.590914	-129.84	91.81
5.293557	0.4	12.	-31.57	-140.6	91.337863
5.166396	0.4	12.	71.22	-165.030359	91.81
4.68323	0.4	12.	71.22	-154.62	96.461263
5.786436	0.4	12.	110.38	-159.554806	91.81
5.111839	0.4	12.	121.15	-183.65	92.275966
5.602222	0.4	12.	109.4	-191.16	89.371504
4.909919	0.4	12.	109.4	-170.93	95.058878
5.428421	0.4	12.	97.33	-161.15	91.983749
5.452035	0.4	12.	143.67	-142.499905	91.81
5.974715	0.4	12.	133.22	-79.353307	91.47
5.223658	0.4	12.	66.384576	-181.04	91.3
5.566528	0.4	12.	2.584388	-203.22	91.3
5.330642	0.4	12.	-52.13	-114.83	89.815065
4.697288	0.4	12.	-57.070958	-106.02	91.3
4.667318	0.4	12.	54.03386	-161.8	91.41
4.61336	0.4	12.	46.013871	-169.95	91.41
4.870296	0.4	12.	144.32	-170.734363	91.41
6.734609	0.4	12.	158.35	-109.598742	91.59
6.169197	0.4	12.	91.78	-75.36	90.145439
5.129786	0.4	12.	-4.81	-49.288832	91.7
4.745817	0.4	12.	-12.64	-56.12	91.425394
5.264724	0.4	12.	-21.78	-69.49	88.569645
5.482659	0.4	12.	-29.877014	-89.39	91.93
5.630696	0.4	12.	-54.41	-91.808524	91.98
5.784575	0.4	12.	-43.32	-87.465128	92.04
5.859618	0.4	12.	-38.75	-72.1	87.938925
6.106131	0.4	12.	-56.956604	-140.6	92.27
5.085024	0.4	12.	-5.79	-120.7	95.233186
4.907461	0.4	12.	0.878572	-142.23	92.27
4.605357	0.4	12.	23.58	-142.822045	92.27
4.728374	0.4	12.	22.6	-158.21	96.119156
5.192605	0.4	12.	125.39	-155.6	92.18036
5.78589	0.4	12.	142.03	-130.458488	92.27
4.744044	0.4	12.	115.6	-96.914613	92.27
5.824683	0.4	12.	119.84	-116.14	92.418034
6.290204	0.4	12.	119.19	-75.04	91.865451
4.805623	0.4	12.	117.245673	-209.75	92.27
5.360893	0.4	12.	84.93	-206.49	92.690868
5.624135	0.4	12.	50.99	-208.586861	92.32
4.521746	0.4	12.	26.19	-76.055637	92.32
4.762632	0.4	12.	-16.56	-149.41	92.297805
4.527682	0.4	12.	4.721599	-183.	92.27
5.079988	0.4	12.	7.454069	-83.52	92.32
6.056631	0.4	12.	102.22	-67.675715	89.99
4.921467	0.4	12.	-13.3	-160.17	91.645635
5.353787	0.4	12.	-23.41	-189.78657	87.83
4.652921	0.4	12.	0.41	-192.79	85.336481
5.788388	0.4	12.	-3.51	-212.159078	87.83
5.113332	0.4	12.	14.963492	-215.94	87.83
6.60343	0.4	12.	31.74	-221.494154	87.32
4.645484	0.4	12.	43.81	-187.482586	87.38
4.706504	0.4	12.	93.41	-114.327612	87.38
4.658088	0.4	12.	81.34	-109.395732	87.38
4.583756	0.4	12.	92.76	-96.57	87.076772
4.808593	0.4	12.	158.758849	-134.08	87.38
5.367971	0.4	12.	141.71	-191.487611	87.38
4.828812	0.4	12.	36.63	-106.066817	87.38
4.80472	0.4	12.	28.15	-100.698331	87.38
4.819861	0.4	12.	64.973871	-97.22	87.38
4.596943	0.4	12.	67.31	-113.104327	87.38
4.972092	0.4	12.	98.31	-85.30232	87.38
5.166993	0.4	12.	10.928739	-112.22	87.38
4.846057	0.4	12.	-15.553393	-99.5	86.58
4.752762	0.4	12.	14.336641	-124.62	86.92
5.208644	0.4	12.	104.013737	-143.53	86.92
5.487843	0.4	12.	91.215026	-138.32	86.92
5.217741	0.4	12.	5.73301	-130.16	86.58
5.290084	0.4	12.	12.474421	-149.08	86.58
5.21585	0.4	12.	8.545687	-159.19	86.58
4.685203	0.4	12.	79.71	-186.26	88.571404
6.415891	0.4	12.	-51.180729	-175.5	86.58
5.253451	0.4	12.	-27.66	-152.01	91.240293
5.554991	0.4	12.	-57.35	-119.4	81.17923
5.722873	0.4	12.	-71.363904	-112.22	86.58
5.081983	0.4	12.	70.9	-88.277354	86.58
4.691298	0.4	12.	60.45	-198.755551	85.84
5.164126	0.4	12.	71.343905	-201.92	85.84
5.204688	0.4	12.	83.95	-225.73	86.74192
5.247408	0.4	12.	69.26	-221.907543	85.84
4.850245	0.4	12.	27.50479	-202.9	85.84
5.271485	0.4	12.	23.58	-191.81	90.761152
5.057663	0.4	12.	110.05	-85.48	81.745922
5.130613	0.4	12.	147.562479	-95.26	84.42
5.25831	0.4	12.	39.258061	-69.17	84.42
4.891684	0.4	12.	4.65	-55.47	82.360074
4.54346	0.4	12.	-13.57336	-88.74	84.42
5.250924	0.4	12.	-5.155734	-80.26	84.42
5.037356	0.4	12.	56.909885	-112.87	84.42
4.905288	0.4	12.	155.870925	-146.14	84.42
4.6826	0.4	12.	-41.36	-142.513845	84.42
5.864405	0.4	12.	-67.497552	-123.96	84.42
4.485304	0.4	12.	-42.01	-109.61	83.176416
5.255624	0.4	12.	80.422079	-162.78	84.42
4.502863	0.4	12.	35.150231	-124.62	85.5
4.864576	0.4	12.	31.41	-134.610771	85.5
4.717489	0.4	12.	-7.75	-178.529483	85.5
4.73878	0.4	12.	-11.717876	-190.83	85.5
4.642574	0.4	12.	-22.43	-173.54	88.028077
4.734536	0.4	12.	-34.51	-170.61	81.160636
4.64892	0.4	12.	-38.615976	-159.52	85.5
5.128314	0.4	12.	41.571609	-177.78	85.5
5.090484	0.4	12.	26.84	-177.686012	85.5
4.572766	0.4	12.	16.306165	-167.34	85.5
4.681208	0.4	12.	6.28	-168.65	82.624531
4.751719	0.4	12.	66.65	-122.99	82.522739
4.585362	0.4	12.	57.976987	-85.15	85.5
4.912678	0.4	12.	1.39	-112.22	81.123434
5.183035	0.4	12.	-26.68	-117.77	86.052251
4.856779	0.4	12.	44.108659	-226.71	85.5
5.513996	0.4	12.	-32.88	-180.388588	85.22
5.618369	0.4	12.	-11.99	-202.9	88.888498
5.465703	0.4	12.	44.143657	-200.94	85.27
6.684466	0.4	12.	89.17	-172.302306	85.27
6.344078	0.4	12.	120.17	-168.	83.312596
5.874073	0.4	12.	132.9	-166.37	81.072457
4.857358	0.4	12.	80.821133	-139.29	84.71
5.215147	0.4	12.	87.21	-149.73	80.032648
4.510082	0.4	12.	54.91	-99.83	88.014619
5.493819	0.4	12.	50.66	-72.1	84.812228
5.42811	0.4	12.	78.4	-99.18	88.305668
4.785509	0.4	12.	76.300068	-75.04	85.05
4.743489	0.4	12.	106.14	-95.91	89.681969
6.028326	0.4	12.	-26.02	-79.28	84.070437
4.778158	0.4	12.	-26.68	-96.260451	84.82
5.365256	0.4	12.	9.22	-64.421899	84.82
5.078638	0.4	12.	17.313264	-71.78	84.82
4.89038	0.4	12.	33.69	-59.06	80.702339
5.317763	0.4	12.	-51.8	-72.484018	84.82
5.889885	0.4	12.	-64.2	-78.056859	84.14
5.10772	0.4	12.	-26.35	-60.36	85.158852
4.569638	0.4	12.	103.53	-178.11	85.457998
4.76949	0.4	12.	95.227614	-184.63	84.48
4.798002	0.4	12.	78.013232	-214.97	84.48
4.841718	0.4	12.	9.252522	-196.05	84.02
4.835773	0.4	12.	61.2085	-137.66	84.02
5.617711	0.4	12.	42.18	-141.904459	84.02
5.17758	0.4	12.	45.980434	-131.47	84.02
4.826554	0.4	12.	53.27	-124.62	82.036156
5.014306	0.4	12.	-53.76	-127.23	87.412313
6.057098	0.4	12.	94.265998	-202.25	83.46
4.5866	0.4	12.	105.49	-209.220457	83.46
5.51765	0.4	12.	114.3	-204.187917	83.46
4.554125	0.4	12.	123.874926	-200.29	83.46
4.658365	0.4	12.	62.41	-216.6	80.877132
4.698013	0.4	12.	143.107549	-118.09	83.46
4.567828	0.4	12.	143.636171	-107.33	83.46
6.206211	0.4	12.	122.421156	-96.57	83.46
5.260332	0.4	12.	124.09	-86.13	78.320476
5.448855	0.4	12.	94.994734	-124.29	83.46
4.679447	0.4	12.	107.120325	-126.9	82.89
5.388583	0.4	12.	83.3	-121.03	80.600265
4.756085	0.4	12.	99.975237	-103.74	82.89
5.800876	0.4	12.	84.27	-87.11	79.171031
5.102861	0.4	12.	29.45	-109.61	80.985024
5.428628	0.4	12.	-38.42	-119.062915	82.38
5.267216	0.4	12.	-40.71	-132.101981	82.38
5.165621	0.4	12.	126.7	-138.97	85.756328
5.21816	0.4	12.	116.58	-142.572656	82.38
5.386018	0.4	12.	131.92	-127.23	82.916101
5.264374	0.4	12.	132.24	-113.256272	82.15
6.297963	0.4	12.	135.83	-95.29803	81.64
4.808493	0.4	12.	131.116408	-181.04	82.03
6.484785	0.4	12.	117.23	-215.843278	82.03
5.698698	0.4	12.	66.031532	-54.49	82.03
5.09021	0.4	12.	77.75	-50.654969	82.03
4.974009	0.4	12.	88.84	-61.470498	81.81
5.006109	0.4	12.	43.207317	-81.56	81.75
5.184278	0.4	12.	15.09	-83.84	81.582901
4.502549	0.4	12.	3.900189	-95.91	81.3
4.49549	0.4	12.	-1.22	-86.13	76.631713
4.949741	0.4	12.	18.68	-101.539666	81.12
5.007194	0.4	12.	-58.092043	-96.89	80.73
5.625994	0.4	12.	-47.033008	-85.8	80.73
4.809505	0.4	12.	-5.63747	-62.64	80.39
4.672712	0.4	12.	1.050868	-70.8	80.39
5.054831	0.4	12.	44.46	-59.675923	80.39
4.915005	0.4	12.	54.91	-55.69886	80.1
4.735124	0.4	12.	95.04	-70.249908	80.1
4.853124	0.4	12.	71.22	-165.06	75.427104
4.692074	0.4	12.	72.567517	-153.32	79.93
4.658382	0.4	12.	50.34	-155.772832	79.93
4.556664	0.4	12.	63.951278	-182.02	79.93
4.665759	0.4	12.	77.1	-184.753323	78.4
5.247452	0.4	12.	152.383755	-166.69	78.91
6.697797	0.4	12.	144.97	-179.09	82.489534
6.56643	0.4	12.	166.719491	-119.72	78.91
8.184367	0.4	12.	151.5	-107.98	72.098079
5.237486	0.4	12.	108.682982	-69.17	78.91
6.323172	0.4	12.	21.62	-59.38	80.226115
5.867589	0.4	12.	27.17	-73.075431	78.91
6.077766	0.4	12.	-8.08	-46.527674	78.91
6.172195	0.4	12.	-15.91	-73.770915	78.91
5.657416	0.4	12.	-24.39	-106.120788	78.91
5.045909	0.4	12.	-35.348551	-92.	78.91
5.145078	0.4	12.	-54.153876	-106.68	78.91
5.318886	0.4	12.	-59.96	-141.296361	78.91
5.252112	0.4	12.	-57.68	-153.65	77.332695
4.953037	0.4	12.	-17.87	-135.384374	78.91
5.013628	0.4	12.	-27.	-143.619466	78.91
4.702424	0.4	12.	-27.	-131.091769	78.91
5.40014	0.4	12.	-0.57	-149.73	82.344944
4.541719	0.4	12.	-6.77	-130.81	79.150463
5.474226	0.4	12.	118.87	-155.015682	78.62
5.250856	0.4	12.	96.35	-163.1	79.987904
4.652918	0.4	12.	97.106287	-150.06	78.62
4.971483	0.4	12.	102.289268	-190.18	78.62
5.004042	0.4	12.	115.063244	-185.94	78.62
4.698387	0.4	12.	89.17	-214.64	80.011232
6.101202	0.4	12.	55.56	-232.202966	78.62
5.193611	0.4	12.	33.04	-156.91	76.096594
5.102633	0.4	12.	46.42	-170.970632	78.62
5.017876	0.4	12.	33.158222	-210.07	77.15
5.440334	0.4	12.	5.63	-204.598484	77.15
4.875719	0.4	12.	6.94	-184.63	80.845026
5.068255	0.4	12.	147.866331	-191.16	77.15
5.789879	0.4	12.	128.917099	-191.48	77.15
4.618684	0.4	12.	154.096751	-137.34	77.15
5.235654	0.4	12.	92.683451	-97.22	77.15
5.0691	0.4	12.	98.583514	-87.43	77.15
4.789588	0.4	12.	28.8	-99.758448	77.15
4.517594	0.4	12.	20.97	-113.2	74.352685
4.75112	0.4	12.	72.434871	-176.48	77.15
4.815699	0.4	12.	42.18	-189.2	72.685765
4.557136	0.4	12.	19.01	-213.01	78.428863
5.58933	0.4	12.	7.91	-219.338102	77.15
5.01269	0.4	12.	-2.85	-218.211361	77.15
5.15362	0.4	12.	2.04	-162.119161	76.58
4.580848	0.4	12.	-13.622158	-159.84	76.58
5.169628	0.4	12.	100.92	-117.95275	76.58
4.600275	0.4	12.	88.468224	-108.96	76.58
5.012936	0.4	12.	68.829483	-111.57	76.58
4.578703	0.4	12.	71.87	-86.401495	76.58
4.966975	0.4	12.	66.33	-98.024083	76.58
5.636797	0.4	12.	142.36	-148.1	75.164157
5.408881	0.4	12.	-13.62	-103.74	77.425133
5.177979	0.4	12.	63.39	-71.78	81.392966
4.763606	0.4	12.	90.47	-77.834652	76.58
5.465378	0.4	12.	-63.55	-111.03764	76.58
4.909194	0.4	12.	-22.11	-152.330311	76.58
4.808881	0.4	12.	28.497606	-121.68	76.58
4.633321	0.4	12.	7.26	-121.68	74.120244
5.11454	0.4	12.	104.085323	-142.56	76.58
6.146117	0.4	12.	116.25	-116.79	79.750886
5.274348	0.4	12.	107.577304	-108.96	76.58
5.172387	0.4	12.	117.89	-129.288911	76.58
5.185932	0.4	12.	141.38	-131.79	73.003451
6.45156	0.4	12.	130.045327	-150.06	76.58
5.536235	0.4	12.	56.54	-195.140108	75.38
5.861907	0.4	12.	68.28	-197.595662	75.38
4.791555	0.4	12.	86.487219	-225.4	75.38
4.938181	0.4	12.	68.28	-226.537597	75.38
5.057195	0.4	12.	-6.56581	-190.83	75.38
5.504944	0.4	12.	-16.56	-174.528816	75.38
4.728129	0.4	12.	-21.759355	-188.55	75.38
5.435497	0.4	12.	-35.385809	-159.84	75.38
5.815304	0.4	12.	-44.3	-177.249983	75.38
6.338552	0.4	12.	-46.26	-161.47	69.109749
5.133533	0.4	12.	5.63	-107.	70.542798
5.575279	0.4	12.	54.25	-79.848555	75.1
5.947193	0.4	12.	-8.22711	-115.48	75.1
5.70515	0.4	12.	-24.101448	-120.05	75.1
5.309023	0.4	12.	95.771045	-134.73	75.1
4.631532	0.4	12.	70.585858	-129.84	75.1
4.675117	0.4	12.	27.17	-136.311251	75.1
4.804873	0.4	12.	37.61	-117.454088	75.1
4.716283	0.4	12.	10.85	-140.358626	75.1
5.150242	0.4	12.	18.68	-152.226246	75.1
5.02906	0.4	12.	8.57	-154.351407	75.1
5.55502	0.4	12.	26.19	-174.928452	75.1
4.487837	0.4	12.	10.2	-173.472732	75.1
5.391741	0.4	12.	33.69	-198.339577	75.1
6.378665	0.4	12.	82.396191	-205.18	75.1
6.680762	0.4	12.	36.96	-44.5306	75.1
5.761894	0.4	12.	107.12	-77.86335	72.14
4.793357	0.4	12.	110.38	-90.69	71.19799
5.525418	0.4	12.	120.799497	-102.11	72.14
4.909117	0.4	12.	127.68	-115.71792	72.14
4.760034	0.4	12.	128.	-129.18	68.70445
5.403331	0.4	12.	143.78541	-119.4	72.14
4.509957	0.4	12.	118.54	-139.37325	72.14
5.614272	0.4	12.	105.49	-181.111075	72.14
4.587379	0.4	12.	77.75	-114.83	75.082071
4.697334	0.4	12.	59.8	-114.852725	71.74
5.150202	0.4	12.	44.46	-87.76	73.563908
5.371549	0.4	12.	38.792322	-78.3	71.57
5.665306	0.4	12.	61.11	-64.939135	71.57
5.538885	0.4	12.	71.55	-55.024179	71.57
4.797178	0.4	12.	30.43	-58.817189	71.12
6.113972	0.4	12.	11.18	-65.25	65.820987
4.92756	0.4	12.	16.281847	-90.04	71.35
4.850295	0.4	12.	16.217819	-78.3	71.35
5.291146	0.4	12.	48.233457	-71.78	70.84
5.863899	0.4	12.	-31.57	-68.51	71.266706
5.630566	0.4	12.	-25.7	-80.741759	71.01
5.084209	0.4	12.	-21.78	-93.736637	70.66
4.681395	0.4	12.	-30.27	-99.83	69.872079
5.806027	0.4	12.	-43.32135	-108.96	70.84
5.193568	0.4	12.	-35.49	-117.431883	70.84
4.839663	0.4	12.	-37.77	-127.88	66.041429
4.75703	0.4	12.	-38.42	-137.66	68.68529
5.07465	0.4	12.	-35.401252	-149.41	70.84
5.488768	0.4	12.	-46.4338	-144.84	70.84
4.501959	0.4	12.	-47.24	-127.88	74.628508
4.972691	0.4	12.	-60.61	-129.51	71.624828
6.204795	0.4	12.	-69.483714	-121.03	70.84
5.370864	0.4	12.	97.65	-209.271313	70.72
6.166519	0.4	12.	129.226364	-202.25	70.72
4.601624	0.4	12.	134.86	-173.518061	70.49
4.68892	0.4	12.	133.88	-101.93502	70.38
6.024523	0.4	12.	143.427451	-94.28	70.38
5.504861	0.4	12.	45.834996	-141.9	70.32
4.844395	0.4	12.	52.95	-135.05	74.801823
4.838237	0.4	12.	43.577752	-126.9	70.32
5.132085	0.4	12.	57.647624	-103.74	70.21
4.629943	0.4	12.	87.21	-144.84	66.188277
6.233133	0.4	12.	105.49	-128.139912	70.04
5.120425	0.4	12.	109.4	-210.581637	69.93
4.665029	0.4	12.	61.11	-217.9	68.795928
4.827353	0.4	12.	73.83	-167.02	65.413631
5.08579	0.4	12.	69.92	-151.36	66.286077
6.3019	0.4	12.	43.48	-157.131692	69.75
4.528647	0.4	12.	27.432705	-105.37	69.7
4.90638	0.4	12.	-2.53	-77.32	70.709856
6.502267	0.4	12.	-1.55	-62.97	67.765461
4.791417	0.4	12.	-50.869684	-87.11	69.41
6.326322	0.4	12.	-58.33	-96.24	65.548324
4.612344	0.4	12.	-43.32	-71.45	67.209126
5.498653	0.4	12.	-19.961423	-60.36	69.36
4.857499	0.4	12.	128.33	-180.947052	69.24
5.190139	0.4	12.	25.21	-208.023029	69.24
4.940468	0.4	12.	51.64	-225.08	67.271531
4.914957	0.4	12.	86.738398	-175.17	68.56
5.393253	0.4	12.	155.29588	-121.35	68.56
4.745397	0.4	12.	94.72	-68.51	67.327699
5.269842	0.4	12.	81.017608	-68.51	68.56
4.984128	0.4	12.	27.600107	-78.63	68.56
5.220864	0.4	12.	33.04	-68.19	68.298853
5.07796	0.4	12.	23.25	-53.51	66.748225
5.649871	0.4	12.	4.32	-145.1767	68.33
5.432794	0.4	12.	-6.12	-138.97	66.118871
6.545593	0.4	12.	-20.694497	-140.93	68.33
4.591392	0.4	12.	112.581922	-160.5	68.33
6.08048	0.4	12.	123.76	-158.362343	68.33
5.816477	0.4	12.	136.076185	-162.45	68.33
7.328667	0.4	12.	147.248378	-174.52	68.22
5.480066	0.4	12.	150.52	-154.627435	68.28
5.024255	0.4	12.	30.76	-152.01	67.235518
5.553329	0.4	12.	110.05	-192.160455	68.28
4.526546	0.4	12.	48.71	-237.536678	68.28
4.547324	0.4	12.	80.69	-215.054456	68.28
4.956389	0.4	12.	51.32	-164.74	67.001394
4.809212	0.4	12.	57.927473	-156.91	68.05
4.923987	0.4	12.	31.504747	-163.1	68.05
4.795298	0.4	12.	82.32	-95.91	67.814687
5.626107	0.4	12.	80.15909	-83.84	68.11
4.510683	0.4	12.	-15.395425	-78.95	67.82
4.882572	0.4	12.	-40.28981	-94.61	67.71
6.02011	0.4	12.	-37.390413	-80.91	67.71
5.101198	0.4	12.	-57.451365	-109.94	67.65
4.931122	0.4	12.	-50.367476	-121.68	67.65
5.340265	0.4	12.	-5.47	-172.89	69.569556
7.664525	0.4	12.	-14.93	-203.725452	67.65
6.046656	0.4	12.	7.571132	-196.7	67.65
6.229542	0.4	12.	42.18	-174.246761	67.65
6.289171	0.4	12.	54.25	-182.02	73.730061
4.61378	0.4	12.	64.695228	-166.04	67.59
5.259011	0.4	12.	88.19	-154.986349	67.37
4.659105	0.4	12.	75.847945	-129.18	67.37
4.798789	0.4	12.	82.32	-121.03	66.254798
5.172438	0.4	12.	104.51	-100.48	71.24718
5.229688	0.4	12.	117.56	-176.33334	67.37
4.761487	0.4	12.	93.74	-195.07513	67.37
5.887339	0.4	12.	75.784469	-192.46	67.37
5.293999	0.4	12.	-3.18	-211.851309	67.08
5.731476	0.4	12.	15.990499	-219.53	67.08
6.500088	0.4	12.	32.06	-219.425856	66.63
4.540179	0.4	12.	154.198736	-141.25	66.63
5.720001	0.4	12.	122.101735	-193.44	66.63
5.264026	0.4	12.	138.389187	-187.57	66.63
4.656409	0.4	12.	95.274844	-96.57	66.4
4.495981	0.4	12.	93.908137	-86.13	66.4
4.929891	0.4	12.	-15.91	-102.004273	66.29
6.324922	0.4	12.	-5.14	-91.02	63.829643
4.503987	0.4	12.	-2.85	-102.76	65.996577
5.288074	0.4	12.	-23.927066	-154.95	66.23
4.721086	0.4	12.	1.39	-160.737128	66.17
4.537318	0.4	12.	-15.25	-159.944759	66.12
4.993188	0.4	12.	6.61	-182.67	68.039251
5.117619	0.4	12.	70.9	-177.026222	65.78
5.196325	0.4	12.	83.62	-229.472814	65.43
6.88827	0.4	12.	66.65	-234.744901	65.43
4.51221	0.4	12.	53.546427	-199.31	65.09
5.220159	0.4	12.	36.63	-118.409772	64.87
5.726039	0.4	12.	102.88	-112.690762	64.87
7.147441	0.4	12.	116.58	-120.813269	64.87
5.060633	0.4	12.	67.059479	-135.05	64.87
4.679587	0.4	12.	47.4	-186.92	62.329704
4.597656	0.4	12.	-2.052992	-190.18	64.41
6.542195	0.4	12.	-20.15	-179.813245	63.73
6.12064	0.4	12.	68.61	-79.6	68.559157
4.572059	0.4	12.	28.8	-127.23	67.05432
5.361923	0.4	12.	6.558325	-132.77	64.01
5.566325	0.4	12.	32.452772	-193.44	63.67
5.801104	0.4	12.	88.103282	-112.87	60.66
4.526576	0.4	12.	74.16	-113.53	64.345591
7.053036	0.4	12.	97.	-140.27	59.212495
5.817094	0.4	12.	129.96	-130.49	57.235914
6.122912	0.4	12.	141.845172	-124.29	60.2
5.284692	0.4	12.	105.986371	-90.37	60.09
6.379326	0.4	12.	116.58	-94.93	57.901908
5.852138	0.4	12.	105.81	-73.523636	59.41
6.579842	0.4	12.	66.65	-53.672935	59.69
6.051436	0.4	12.	46.738605	-52.86	59.29
4.629981	0.4	12.	47.4	-86.45	57.626757
4.750388	0.4	12.	39.416915	-77.32	59.29
4.543328	0.4	12.	23.296768	-105.7	59.29
4.605884	0.4	12.	25.21	-96.89	56.398636
5.152316	0.4	12.	19.694384	-89.06	59.29
5.807185	0.4	12.	-39.73	-150.217894	59.29
4.682364	0.4	12.	-43.665081	-139.95	59.29
4.57409	0.4	12.	-29.050796	-139.95	59.29
4.922847	0.4	12.	-50.460142	-150.06	59.29
6.539104	0.4	12.	-56.614355	-138.64	59.29
7.476099	0.4	12.	-65.118324	-127.23	59.29
5.25579	0.4	12.	-39.08	-111.633456	59.29
4.602743	0.4	12.	-45.28	-86.927012	58.73
4.548493	0.4	12.	-39.08	-75.597548	58.38
5.181315	0.4	12.	34.67	-63.644527	58.67
4.493272	0.4	12.	47.07	-63.95	62.120517
5.148455	0.4	12.	58.43555	-64.27	58.04
6.137797	0.4	12.	71.87	-66.56	61.692456
6.100674	0.4	12.	82.97	-61.943068	58.16
6.115596	0.4	12.	109.4	-162.78	55.497336
4.644396	0.4	12.	126.04	-154.161352	57.87
4.831364	0.4	12.	136.0998	-156.26	57.87
5.596629	0.4	12.	112.34	-206.908037	57.87
4.978827	0.4	12.	103.53	-213.036368	57.87
5.008586	0.4	12.	72.2	-214.31	61.932058
5.644499	0.4	12.	84.890789	-200.61	57.13
5.260282	0.4	12.	51.585257	-237.15	57.7
4.634886	0.4	12.	43.81	-228.34	61.855238
4.845192	0.4	12.	31.74	-149.555312	57.3
4.489877	0.4	12.	50.66	-148.158889	57.3
4.831373	0.4	12.	65.667383	-153.65	57.3
5.887942	0.4	12.	58.670814	-163.1	57.3
4.526642	0.4	12.	80.36	-149.86484	57.19
6.322105	0.4	12.	120.5	-107.614747	57.19
5.609372	0.4	12.	79.71	-101.842195	57.02
5.233556	0.4	12.	67.31	-102.76	62.208917
4.992377	0.4	12.	56.86	-96.24	56.153096
6.413742	0.4	12.	21.95	-55.79	53.204438
5.15525	0.4	12.	-12.187545	-80.91	56.85
4.581318	0.4	12.	-21.46	-82.87	61.099341
5.435157	0.4	12.	-18.84	-94.34348	56.4
5.030114	0.4	12.	-33.636034	-131.47	56.11
4.908629	0.4	12.	-15.58	-133.60881	56.51
5.600623	0.4	12.	148.48023	-141.58	56.51
5.471969	0.4	12.	138.45	-180.171734	56.51
6.589476	0.4	12.	120.197673	-183.33	56.51
6.664271	0.4	12.	132.417333	-194.74	56.51
5.164237	0.4	12.	108.465503	-181.37	55.32
4.713487	0.4	12.	103.701317	-193.76	55.71
5.775779	0.4	12.	4.65	-181.04	56.334538
4.741119	0.4	12.	1.39	-155.532122	55.71
5.427061	0.4	12.	11.83	-149.73	59.296633
4.638996	0.4	12.	-5.14	-146.063345	55.71
5.547341	0.4	12.	93.48442	-220.84	54.58
6.276165	0.4	12.	80.732729	-226.06	54.58
5.053554	0.4	12.	65.67	-229.97	52.854104
5.747634	0.4	12.	134.53	-169.079259	54.58
4.629854	0.4	12.	145.95	-152.914875	54.58
5.708112	0.4	12.	20.64	-211.05	50.61194
5.614098	0.4	12.	39.89	-200.94	57.710013
5.251822	0.4	12.	74.48	-185.673957	54.63
6.505877	0.4	12.	74.81	-171.000188	54.63
5.053551	0.4	12.	100.92	-98.52	55.293151
5.090881	0.4	12.	97.33	-87.11	54.814457
5.059245	0.4	12.	85.58	-88.41	49.686077
5.249444	0.4	12.	84.93	-73.73	54.617978
4.769539	0.4	12.	97.65	-73.41	52.377137
5.970723	0.4	12.	-9.71	-57.161232	54.12
4.528968	0.4	12.	-20.394728	-156.58	54.12
4.800287	0.4	12.	-8.4	-163.43	54.606618
5.670083	0.4	12.	-10.447697	-182.02	54.12
6.15521	0.4	12.	-2.2	-214.85111	54.12
6.039897	0.4	12.	23.25	-200.29	57.198137
4.615441	0.4	12.	53.072231	-223.45	54.12
4.715731	0.4	12.	109.978086	-113.85	54.12
5.557428	0.4	12.	109.73	-133.1	57.877797
5.873994	0.4	12.	81.99	-124.970822	53.44
5.03048	0.4	12.	68.28	-129.71106	53.78
5.800164	0.4	12.	98.63	-109.662106	52.93
6.048104	0.4	12.	97.98	-125.094372	53.33
4.511732	0.4	12.	68.61	-79.6	53.567528
6.34202	0.4	12.	22.93	-67.86	58.798269
4.724563	0.4	12.	-3.18	-109.61	57.121251
5.046095	0.4	12.	-16.56	-108.96	49.058392
6.021191	0.4	12.	-32.22	-89.72	50.889152
4.975548	0.4	12.	45.858395	-133.75	51.9
4.886996	0.4	12.	35.33	-123.528872	51.9
5.010918	0.4	12.	32.06	-105.7	50.81837
5.077233	0.4	12.	64.37	-116.79	50.305157
4.784656	0.4	12.	58.82	-135.904789	51.39
6.080411	0.4	12.	42.83	-144.84	48.907312
5.007992	0.4	12.	52.62	-109.29	47.738363
5.008232	0.4	12.	52.107192	-123.31	51.79
5.131761	0.4	12.	46.977816	-95.26	51.79
6.496391	0.4	12.	52.746875	-182.67	51.79
5.193403	0.4	12.	44.634426	-193.11	51.79
5.557016	0.4	12.	58.525939	-193.44	51.79
4.890355	0.4	12.	80.36	-212.36	48.764634
4.800265	0.4	12.	99.61	-175.490481	51.79
6.323508	0.4	12.	122.46	-169.63	57.974909
5.038608	0.4	12.	43.48	-114.731807	51.79
5.339169	0.4	12.	-5.47	-134.966868	51.79
4.892434	0.4	12.	4.190765	-139.29	51.79
5.131931	0.4	12.	-35.290741	-119.07	51.79
5.869842	0.4	12.	-47.680268	-121.35	51.79
6.077777	0.4	12.	-20.8	-170.61	48.116845
5.864584	0.4	12.	-12.331828	-197.68	51.68
6.241508	0.4	12.	-0.9	-190.5	51.198485
7.580754	0.4	12.	12.16	-222.146616	51.73
5.736724	0.4	12.	10.056952	-202.9	51.73
5.315409	0.4	12.	14.468888	-186.26	51.73
6.047673	0.4	12.	46.09	-171.26	53.667201
5.754135	0.4	12.	53.6	-159.52	46.876799
4.949266	0.4	12.	41.920793	-159.19	51.62
5.085027	0.4	12.	11.854185	-159.52	51.68
5.945014	0.4	12.	20.39744	-166.69	51.68
5.13385	0.4	12.	28.47	-141.091266	51.68
5.422816	0.4	12.	21.62	-114.51	54.313955
5.802923	0.4	12.	19.99	-129.51	53.867232
4.950743	0.4	12.	8.354802	-128.2	51.68
4.513766	0.4	12.	10.85	-114.51	53.928259
5.927916	0.4	12.	12.81	-102.871063	51.68
4.684729	0.4	12.	-5.14	-99.5	51.325173
5.832479	0.4	12.	-6.327475	-123.64	51.68
4.528602	0.4	12.	-19.5	-124.29	48.679085
5.783361	0.4	12.	-25.04	-145.792252	51.68
4.672389	0.4	12.	-30.59	-104.39	55.394963
5.395673	0.4	12.	-1.606376	-85.8	51.11
5.358247	0.4	12.	27.82	-80.555389	51.51
4.496542	0.4	12.	14.404845	-76.67	51.34
7.304619	0.4	12.	1.06	-69.82	44.516406
5.531572	0.4	12.	10.52	-59.022225	49.86
5.44985	0.4	12.	107.388855	-88.41	49.4
4.521454	0.4	12.	110.05	-98.83513	49.86
5.246585	0.4	12.	147.58	-122.540662	49.91
5.410916	0.4	12.	133.55	-118.549487	49.91
4.66381	0.4	12.	118.54	-130.49	53.339244
5.037641	0.4	12.	118.092344	-119.07	49.91
6.775834	0.4	12.	133.88	-144.19	52.485325
4.697798	0.4	12.	99.29	-137.01	47.880315
5.63522	0.4	12.	82.715712	-113.85	49.91
4.865335	0.4	12.	90.172451	-100.48	49.91
4.596785	0.4	12.	35.64261	-56.12	48.44
5.009949	0.4	12.	35.460587	-73.08	48.44
4.954674	0.4	12.	42.366768	-82.87	48.44
5.490306	0.4	12.	-43.831783	-147.12	48.44
5.044013	0.4	12.	-45.6	-134.08	47.76561
5.626612	0.4	12.	-55.973981	-130.16	48.44
4.954364	0.4	12.	-38.1	-107.000051	48.44
4.803994	0.4	12.	-34.51	-156.229468	48.44
5.907216	0.4	12.	135.128747	-156.26	47.01
5.037903	0.4	12.	127.02	-135.195708	47.01
4.774562	0.4	12.	118.87	-103.443202	47.01
6.120745	0.4	12.	62.41	-66.101905	47.01
4.543854	0.4	12.	51.32	-71.12	51.216961
4.700749	0.4	12.	45.262666	-57.75	47.01
5.340768	0.4	12.	17.05	-91.67	42.916278
6.561234	0.4	12.	99.989259	-207.46	46.5
5.086309	0.4	12.	81.66	-199.31	45.285678
5.474763	0.4	12.	125.72	-192.234409	46.56
4.835688	0.4	12.	91.13	-142.218919	46.56
5.700816	0.4	12.	77.1	-135.384877	46.56
5.208588	0.4	12.	64.7	-154.95	47.242241
7.374468	0.4	12.	-22.11	-80.91	47.949484
4.583114	0.4	12.	-33.2	-74.06	43.577214
5.435185	0.4	12.	-27.33	-136.68	44.62914
4.553833	0.4	12.	109.73	-156.26	42.20079
4.550116	0.4	12.	123.618801	-149.41	46.39
4.740349	0.4	12.	112.4725	-143.21	46.39
5.533418	0.4	12.	155.41	-144.888123	46.39
5.686642	0.4	12.	51.97	-238.479224	46.39
4.972167	0.4	12.	30.1	-152.67	42.902803
5.066634	0.4	12.	29.78	-188.530584	45.37
5.110636	0.4	12.	38.655103	-176.48	45.37
4.662927	0.4	12.	1.476095	-152.01	45.14
5.634011	0.4	12.	-0.24	-168.	46.399825
4.612201	0.4	12.	4.65	-179.468762	44.17
4.564733	0.4	12.	-6.496164	-141.9	43.72
4.997366	0.4	12.	69.26	-144.51	38.617867
6.162327	0.4	12.	90.8	-75.04	40.98865
4.480925	0.4	12.	101.280584	-95.91	43.38
5.637886	0.4	12.	110.71	-112.10091	43.09
5.450057	0.4	12.	84.177495	-223.12	42.18
6.86095	0.4	12.	69.92	-234.357169	42.52
5.716866	0.4	12.	70.24	-129.84	38.798473
4.851053	0.4	12.	89.82	-129.784506	41.78
5.207739	0.4	12.	109.4	-126.126423	41.67
5.590176	0.4	12.	93.74	-116.017321	42.01
5.321112	0.4	12.	-19.5	-160.393917	41.78
6.323923	0.4	12.	45.77	-132.77	35.57395
4.807077	0.4	12.	73.129312	-113.53	40.02
4.94702	0.4	12.	78.07	-95.94734	40.48
5.316145	0.4	12.	94.273004	-179.74	39.97
5.747784	0.4	12.	121.48	-168.570844	39.74
5.258936	0.4	12.	60.13	-183.906998	39.
4.62369	0.4	12.	81.99	-185.820828	38.77
4.708364	0.4	12.	60.78	-163.43	37.055273
6.229474	0.4	12.	40.276267	-163.1	38.03
4.754326	0.4	12.	36.96	-145.806511	37.29
4.810429	1.	11.	45.77	-116.984212	194.09
5.005481	1.	11.	58.49	-107.66	191.309659
5.030374	1.	11.	70.24	-123.96	192.757077
4.981422	1.	11.	57.453392	-94.28	184.25
4.601802	1.	11.	38.26	-87.43	182.002108
4.803895	1.	11.	38.59	-79.6	187.94987
4.446679	1.	11.	42.378008	-115.48	183.63
4.573456	1.	11.	50.99	-112.010064	183.63
4.632881	1.	11.	25.54	-120.357637	183.63
5.264914	1.	11.	30.1	-134.203093	182.94
5.626959	1.	11.	64.741998	-131.47	182.77
4.643328	1.	11.	8.57	-82.764371	172.65
4.441386	1.	11.	39.04036	-133.75	171.91
5.651804	1.	11.	28.426906	-133.42	171.57
5.438737	1.	11.	30.237712	-121.68	171.46
4.764632	1.	11.	63.664102	-127.88	171.4
5.22188	1.	11.	57.36334	-136.36	171.4
4.392309	1.	11.	47.07	-116.728661	170.44
5.914893	1.	11.	33.295915	-82.87	169.98
4.436264	1.	11.	52.653716	-91.35	169.41
4.76366	1.	11.	38.675292	-172.24	163.56
6.027827	1.	11.	37.125861	-159.84	162.88
5.046273	1.	11.	43.81	-147.864677	162.59
4.52174	1.	11.	26.84	-145.235299	162.53
4.453148	1.	11.	79.728363	-147.12	162.31
4.488553	1.	11.	83.62	-139.29	166.121524
4.406503	1.	11.	91.698475	-151.36	161.8
4.69828	1.	11.	28.8	-112.87	165.697394
5.060692	1.	11.	10.52	-84.990568	161.17
5.023383	1.	11.	30.43	-120.7	158.805377
4.589635	1.	11.	34.02	-136.210403	159.81
5.723038	1.	11.	62.08	-135.035788	158.95
4.937751	1.	11.	68.28	-125.682915	158.73
4.4793	1.	11.	48.38	-116.79	159.206528
4.509245	1.	11.	52.833537	-92.65	158.44
5.552636	1.	11.	95.652553	-163.76	156.96
4.511005	1.	11.	87.86	-157.23	156.290923
4.732283	1.	11.	97.65	-152.99	154.826119
4.532772	1.	11.	103.53	-141.379255	156.96
4.938938	1.	11.	107.44	-129.84	161.423454
4.911728	1.	11.	-3.960344	-164.08	156.51
5.3996	1.	11.	4.341679	-173.54	155.94
6.627982	1.	11.	-15.91	-149.08	160.98672
5.68901	1.	11.	-28.453095	-138.97	155.54
4.998167	1.	11.	-12.64	-130.49	151.55357
4.86997	1.	11.	-1.399789	-141.58	154.86
4.764477	1.	11.	8.57	-131.79	151.790827
5.289504	1.	11.	50.34	-81.429127	154.12
4.553125	1.	11.	36.3	-83.486872	153.67
5.701325	1.	11.	29.928758	-93.3	153.38
4.796186	1.	11.	22.911383	-81.56	152.19
5.071211	1.	11.	31.08	-73.770899	151.79
4.681606	1.	11.	6.668991	-76.02	152.07
5.877754	1.	11.	-3.18	-62.97	154.827026
5.270168	1.	11.	40.817111	-173.22	151.45
4.729209	1.	11.	38.698099	-161.8	150.77
4.438182	1.	11.	50.071519	-157.89	151.16
5.149624	1.	11.	46.09	-146.24684	150.6
4.489764	1.	11.	56.86	-142.88	147.079106
5.230995	1.	11.	78.4	-152.01	149.196813
4.391957	1.	11.	80.36	-164.414148	149.74
4.728903	1.	11.	88.493201	-148.75	150.08
4.997786	1.	11.	88.916486	-120.05	149.91
4.741993	1.	11.	4.91052	-100.48	149.4
4.957268	1.	11.	3.02	-88.74	146.542163
5.682168	1.	11.	13.79	-89.39	150.344804
4.987851	1.	11.	4.32	-111.24	152.073414
5.893415	1.	11.	6.353132	-121.35	148.26
4.388168	1.	11.	-5.930032	-112.22	147.92
4.986084	1.	11.	-23.09	-130.16	150.027751
4.590947	1.	11.	-2.2	-156.58	144.226583
4.432782	1.	11.	53.882942	-117.11	147.24
4.832919	1.	11.	46.954473	-136.03	146.62
4.38792	1.	11.	36.883698	-137.01	146.39
4.794205	1.	11.	48.38	-98.2	150.666878
5.138123	1.	11.	43.828222	-85.48	146.28
4.985958	1.	11.	90.47	-157.504992	146.16
4.879414	1.	11.	89.82	-168.65	148.733477
4.391359	1.	11.	101.657176	-138.64	145.65
4.489965	1.	11.	-6.123899	-167.67	145.59
4.578815	1.	11.	8.24	-166.04	148.296589
4.899891	1.	11.	8.57	-174.818124	144.68
5.327986	1.	11.	26.51	-105.37	147.857857
5.172043	1.	11.	36.63	-115.063246	143.77
4.613347	1.	11.	-6.865393	-138.97	143.94
4.342703	1.	11.	69.321128	-127.88	142.75
4.457001	1.	11.	30.061532	-76.34	139.74
5.051701	1.	11.	39.57	-169.63	140.146616
4.937432	1.	11.	41.53	-158.112927	137.41
4.868767	1.	11.	6.950489	-191.81	137.24
4.888994	1.	11.	24.474439	-193.76	137.12
4.34985	1.	11.	49.36	-144.945877	137.07
4.376072	1.	11.	93.74	-149.512154	136.67
4.753417	1.	11.	79.530747	-152.67	136.04
4.457967	1.	11.	38.67059	-84.82	136.21
4.87663	1.	11.	55.56	-84.5	135.599164
5.308982	1.	11.	16.944332	-126.9	135.42
4.562681	1.	11.	35.	-128.691229	135.42
4.981711	1.	11.	17.049873	-116.14	135.08
4.567685	1.	11.	-12.64	-117.892967	134.73
4.911883	1.	11.	-26.944893	-113.2	134.39
4.3573	1.	11.	68.94	-143.427216	134.39
4.612575	1.	11.	52.304837	-100.81	133.43
4.920135	1.	11.	42.83	-94.23983	132.18
4.768772	1.	11.	50.99	-131.14	129.84663
4.511817	1.	11.	69.26	-125.767455	131.15
5.066216	1.	11.	67.96	-134.4	126.573758
4.884301	1.	11.	13.092454	-195.4	126.26
5.18141	1.	11.	33.69	-135.71	126.4702
4.846722	1.	11.	41.85	-90.321498	121.37
4.402806	1.	11.	41.85	-105.7	124.084472
4.512339	1.	11.	91.13	-179.74	123.903344
4.724938	1.	11.	88.19	-160.314554	119.5
4.904371	1.	11.	14.11	-89.72	123.393602
4.350921	1.	11.	50.99	-128.2	119.085825
4.606275	1.	11.	8.89	-194.641619	114.78
4.636492	1.	11.	16.218412	-90.69	107.22
4.440286	1.	11.	9.55	-99.83	107.05438
4.547643	1.	11.	51.32	-89.39	99.812709
4.38228	1.	11.	12.48	-184.31	104.063439
4.691692	1.	11.	39.126702	-157.23	104.04
4.41901	1.	11.	39.24	-147.403576	103.41
4.500568	1.	11.	-17.346072	-133.1	103.64
4.431315	1.	11.	-0.587817	-126.9	103.35
4.928744	1.	11.	-16.89	-115.557206	103.47
4.819314	1.	11.	-37.45	-162.78	105.87091
4.54811	1.	11.	88.52	-182.731284	102.78
4.348065	1.	11.	91.13	-172.56	104.91028
4.407992	1.	11.	69.92	-132.44	98.996586
4.403603	1.	11.	55.56	-140.27	100.962482
4.849681	1.	11.	0.41	-117.401881	102.56
4.63849	1.	11.	34.67	-88.163606	102.05
4.939926	1.	11.	-19.82	-155.49302	102.05
5.713941	1.	11.	-11.34	-171.249776	102.05
4.663911	1.	11.	25.861401	-195.4	102.05
4.516187	1.	11.	58.49	-167.34	106.440131
4.662882	1.	11.	52.232323	-161.8	101.65
4.783564	1.	11.	82.32	-160.82	97.453266
4.882589	1.	11.	48.38	-108.31	104.768778
4.339012	1.	11.	58.82	-108.431065	101.25
4.334519	1.	11.	24.88	-91.679489	101.36
4.568084	1.	11.	8.57	-107.66	99.691225
4.490293	1.	11.	41.85	-131.79	97.756885
4.586255	1.	11.	101.516471	-150.06	100.68
4.366828	1.	11.	67.63	-109.743528	99.2
5.242438	1.	11.	17.05	-122.33	102.154672
5.05078	1.	11.	9.22	-136.03	94.363208
4.706208	1.	11.	15.75	-87.76	98.082077
4.781189	1.	11.	35.502029	-172.89	96.19
5.456806	1.	11.	15.09	-166.542209	95.74
4.801161	1.	11.	104.83	-179.710474	94.6
4.566628	1.	11.	89.5	-194.549597	94.6
4.784381	1.	11.	59.8	-127.88	90.194185
4.766988	1.	11.	25.037626	-107.66	94.54
4.534583	1.	11.	25.54	-125.031791	94.43
4.332408	1.	11.	33.04	-142.23	94.965764
4.867785	1.	11.	88.84	-125.768851	94.14
4.888896	1.	11.	49.025688	-149.73	93.8
4.473926	1.	11.	-18.053187	-119.4	93.06
4.973643	1.	11.	-2.85	-129.84	92.123245
4.820572	1.	11.	112.108093	-148.1	92.55
4.670795	1.	11.	97.98	-172.56	94.498773
4.393749	1.	11.	-10.36	-112.194323	91.87
5.844419	1.	11.	57.113983	-173.22	91.81
5.016081	1.	11.	-0.866481	-160.82	91.53
4.818154	1.	11.	11.688469	-189.2	91.59
4.356618	1.	11.	1.58651	-107.	90.85
4.631442	1.	11.	47.4	-82.696379	90.85
4.417647	1.	11.	69.136638	-131.14	90.28
4.512537	1.	11.	9.55	-102.76	89.089833
4.841099	1.	11.	5.63	-120.05	91.235588
4.633011	1.	11.	-5.79	-101.149524	89.88
5.409186	1.	11.	113.97	-177.78	85.864493
4.353125	1.	11.	61.506662	-106.02	88.91
4.366109	1.	11.	32.005495	-87.76	88.91
4.358347	1.	11.	23.25	-92.	87.256784
4.631707	1.	11.	-12.97	-127.720171	88.46
5.66552	1.	11.	40.22	-156.58	85.236343
4.876028	1.	11.	10.809002	-175.83	88.69
4.748268	1.	11.	52.391264	-141.9	88.52
4.565893	1.	11.	21.95	-119.10732	87.95
4.424336	1.	11.	43.48	-112.55	84.144826
4.526199	1.	11.	46.42	-104.095842	87.95
4.462315	1.	11.	38.59	-96.438519	87.72
4.564328	1.	11.	16.07	-139.741044	87.44
4.896653	1.	11.	18.139006	-182.67	87.44
4.808426	1.	11.	45.44	-121.605728	87.32
4.534475	1.	11.	77.75	-197.35	91.591023
4.562984	1.	11.	-22.76	-160.82	85.412084
4.770591	1.	11.	52.95	-182.589564	85.05
4.474368	1.	11.	-7.42	-139.95	79.018706
5.349251	1.	11.	59.47	-147.598305	82.32
4.872724	1.	11.	70.099391	-143.21	82.32
4.748506	1.	11.	79.05	-148.75	85.941665
5.613476	1.	11.	86.89	-190.526312	82.32
4.871968	1.	11.	77.049329	-130.49	82.32
4.715798	1.	11.	5.96	-78.951767	82.15
4.429826	1.	11.	25.86	-82.87	84.34696
5.26522	1.	11.	-0.764649	-123.31	81.52
4.343981	1.	11.	2.37	-140.088612	81.92
4.452562	1.	11.	32.06	-144.51	80.378542
4.388703	1.	11.	34.35	-168.32	85.321935
4.336997	1.	11.	104.83	-169.054089	81.81
4.70299	1.	11.	109.73	-159.84	77.634239
5.013065	1.	11.	109.08	-151.029817	81.81
4.543063	1.	11.	49.932607	-94.28	81.69
4.417179	1.	11.	32.72	-187.83577	81.64
4.661571	1.	11.	-16.89	-121.35	82.717255
4.405303	1.	11.	53.036448	-210.07	81.64
4.542034	1.	11.	16.773171	-202.25	81.52
4.471912	1.	11.	13.46	-93.532879	81.52
4.425824	1.	11.	54.024711	-165.06	81.41
4.673387	1.	11.	64.04	-168.98	84.463264
4.504703	1.	11.	55.913744	-174.52	81.35
5.038213	1.	11.	61.097165	-158.54	81.18
4.477026	1.	11.	26.19	-163.76	76.103349
4.902508	1.	11.	-4.81	-166.69	82.958575
4.592643	1.	11.	-3.399376	-103.74	79.42
4.472103	1.	11.	8.631456	-103.74	79.42
4.630116	1.	11.	-7.044413	-95.26	79.19
4.603849	1.	11.	49.693267	-107.66	77.94
4.383247	1.	11.	24.865048	-91.35	77.49
4.346857	1.	11.	37.456202	-95.26	77.49
4.836252	1.	11.	19.483273	-184.96	77.32
4.92026	1.	11.	11.025483	-112.55	77.15
4.798192	1.	11.	17.7	-133.870893	77.15
4.723697	1.	11.	37.61	-106.35	76.281938
4.916795	1.	11.	-9.940812	-150.71	76.41
5.406276	1.	11.	-25.04	-165.797138	76.8
4.701624	1.	11.	0.41	-177.46	77.07153
4.498701	1.	11.	17.05	-121.695259	76.46
4.508573	1.	11.	4.141715	-130.16	76.46
4.366818	1.	11.	46.75	-117.622435	76.46
5.124167	1.	11.	61.43	-88.182581	75.55
4.817447	1.	11.	22.93	-194.42	78.41298
4.768906	1.	11.	82.97	-162.13	72.23728
4.334708	1.	11.	93.09	-183.083055	74.3
5.540258	1.	11.	15.42	-162.579418	74.02
4.844393	1.	11.	36.3	-131.79	77.460495
4.373894	1.	11.	59.15	-126.57	72.19195
4.417251	1.	11.	72.85	-104.07	72.221245
5.287087	1.	11.	89.750322	-125.59	73.
5.572733	1.	11.	59.781235	-142.56	71.69
4.350986	1.	11.	72.493432	-143.53	71.69
4.389922	1.	11.	80.69	-135.71	75.167745
4.53062	1.	11.	78.4	-152.34	70.750303
4.727463	1.	11.	84.27	-186.534889	71.69
4.883702	1.	11.	112.01	-149.467016	71.69
4.345332	1.	11.	49.03	-98.092778	71.69
4.845161	1.	11.	14.71893	-99.83	70.84
5.190959	1.	11.	4.32	-95.882187	70.84
4.791369	1.	11.	6.28	-82.246961	70.84
5.237346	1.	11.	27.398165	-184.96	70.84
4.534316	1.	11.	-12.97	-127.366584	70.84
4.35916	1.	11.	106.79	-170.174107	68.45
4.346094	1.	11.	99.686032	-149.73	68.5
4.479501	1.	11.	95.37	-167.43016	68.5
4.677487	1.	11.	33.04	-140.505355	68.5
4.509263	1.	11.	51.64	-150.06	66.695993
4.380266	1.	11.	2.939094	-115.81	68.16
4.736456	1.	11.	-2.53	-126.912864	68.16
4.402644	1.	11.	19.706148	-126.57	66.17
5.191485	1.	11.	25.296441	-117.77	66.23
4.368599	1.	11.	15.660357	-110.59	66.23
5.264891	1.	11.	42.266762	-207.46	66.23
4.372359	1.	11.	19.99	-178.127995	66.23
4.577888	1.	11.	-8.4	-151.583772	66.23
5.126998	1.	11.	13.571205	-207.46	66.23
4.514516	1.	11.	14.77	-188.474054	66.23
4.378345	1.	11.	47.07	-118.42	64.910772
4.6838	1.	11.	49.68	-107.66	62.191628
4.47956	1.	11.	39.884766	-106.68	66.23
4.522611	1.	11.	37.94	-93.384706	66.23
4.596452	1.	11.	28.47	-89.548137	66.23
4.634379	1.	11.	92.76	-107.	67.957502
4.619269	1.	11.	106.312779	-143.53	65.95
4.39392	1.	11.	20.64	-135.916135	64.24
4.873348	1.	11.	6.61	-107.	59.560946
5.23326	1.	11.	11.18	-122.66	62.584614
5.901964	1.	11.	-11.01	-117.11	62.653548
4.754171	1.	11.	10.52	-174.85	62.602212
5.04067	1.	11.	-23.09	-167.67	59.629147
4.499417	1.	11.	83.62	-165.06	60.17844
5.082209	1.	11.	99.14109	-186.26	63.73
5.666936	1.	11.	35.98	-135.05	59.604113
4.976272	1.	11.	71.87	-89.39	61.986628
4.531623	1.	11.	58.455956	-89.72	63.79
4.86455	1.	11.	57.323225	-79.6	63.79
5.383002	1.	11.	-24.07	-118.42	63.056559
4.977751	1.	11.	20.64	-167.67	65.413519
5.325317	1.	11.	21.62	-145.838793	63.44
4.491901	1.	11.	16.4	-158.790605	63.39
5.210834	1.	11.	56.027479	-176.15	62.53
4.500062	1.	11.	63.233458	-184.31	62.53
4.655313	1.	11.	54.608921	-130.81	62.59
5.649059	1.	11.	66.33	-120.7	64.905833
4.564401	1.	11.	31.41	-174.19	65.111776
5.27912	1.	11.	8.504567	-92.33	61.06
5.151072	1.	11.	16.73	-77.320019	61.06
4.655144	1.	11.	59.022276	-145.82	61.06
4.630325	1.	11.	76.44	-136.393099	61.06
4.614724	1.	11.	86.23	-135.38	65.049099
6.040049	1.	11.	113.64	-151.36	58.274991
4.455608	1.	11.	85.91	-186.717868	60.09
4.617297	1.	11.	30.43	-182.35	59.37692
4.6299	1.	11.	22.93	-188.87	56.776258
4.796428	1.	11.	87.21	-173.810156	57.13
5.146756	1.	11.	-2.53	-172.016768	57.13
4.868697	1.	11.	92.43	-155.512049	55.83
4.626351	1.	11.	-48.225478	-97.22	55.14
4.650041	1.	11.	-43.32	-168.292242	54.12
4.42874	1.	11.	43.81	-208.12	51.193793
4.74711	1.	11.	52.62	-205.185958	53.95
4.453348	1.	11.	112.34	-172.773518	52.42
5.482811	1.	11.	115.368472	-197.35	52.42
4.539824	1.	11.	49.431728	-215.29	51.05
5.358139	1.	11.	61.76	-215.29	51.352432
4.812592	1.	11.	64.219456	-204.85	50.77
4.383252	1.	11.	74.48	-196.37	51.544528
5.178025	1.	11.	59.459924	-83.84	50.2
4.38402	1.	11.	4.32	-96.753024	49.91
4.478389	1.	11.	73.51	-160.253073	49.69
5.051521	1.	11.	82.97	-163.047329	49.69
4.799047	1.	11.	84.316036	-188.55	49.69
4.762912	1.	11.	93.09	-184.551736	49.69
4.530606	1.	11.	32.39	-169.3	49.893101
4.700095	1.	11.	24.655259	-179.41	49.12
4.412149	1.	11.	25.299159	-122.01	48.49
4.772827	1.	11.	10.85	-84.82	48.113953
4.453696	1.	11.	4.532766	-108.96	48.32
4.688708	1.	11.	13.79	-122.66	44.815148
5.371799	1.	11.	23.882427	-100.81	46.67
5.373225	1.	11.	31.41	-92.65	49.23829
4.391457	1.	11.	101.57	-163.450568	46.39
4.53758	1.	11.	101.530998	-146.8	46.39
4.55985	1.	11.	63.39	-172.282494	45.48
4.672996	1.	11.	91.78	-155.28	45.781946
4.427354	1.	11.	90.8	-168.840503	44.97
5.007127	1.	11.	59.15	-95.382583	45.25
5.153575	1.	11.	68.94	-98.52	50.265777
5.289952	1.	11.	32.39	-130.633416	44.74
5.43499	1.	11.	14.260369	-147.77	44.74
5.172969	1.	11.	20.601809	-156.58	44.74
4.632577	1.	11.	-7.330217	-93.3	44.23
5.610322	1.	11.	73.83	-175.42737	43.04
5.257871	1.	11.	72.53	-87.11	43.892291
5.039163	1.	11.	-14.28	-133.42	44.144851
5.238302	1.	11.	-11.960418	-152.34	41.39
4.658765	1.	11.	20.64	-110.98933	41.39
4.852207	1.	11.	42.83	-99.5	42.034884
4.42829	1.	11.	63.268872	-110.92	41.39
4.557347	1.	11.	51.93347	-123.96	40.99
5.089182	1.	11.	56.515939	-137.66	41.16
5.494179	1.	11.	48.38	-175.647983	40.82
4.615069	1.	11.	109.4	-169.657642	40.82
5.848238	1.	11.	46.09	-211.979518	40.82
5.4207	1.	11.	69.823281	-189.52	40.36
5.066529	1.	11.	8.89	-166.04	41.031717
5.115553	1.	11.	10.52	-198.839641	40.53
4.521117	1.	11.	7.228542	-210.73	40.53
5.031446	1.	11.	2.04	-127.75403	40.25
4.920268	1.	11.	33.69	-100.48	36.667684
5.136122	1.	11.	14.77	-77.	38.254172
4.57246	1.	11.	49.583044	-87.43	39.34
4.409204	1.	11.	83.358627	-110.92	39.06
5.280768	1.	11.	94.39	-105.37	37.036684
4.684882	1.	11.	73.565096	-162.78	38.83
4.441731	1.	11.	92.43	-191.126715	38.83
4.418246	1.	11.	104.51	-178.11	41.785552
4.353534	1.	11.	85.25	-176.087239	38.89
5.406432	1.	11.	24.23	-180.39	36.787398
5.159547	1.	11.	13.46	-131.416969	38.26
5.371654	1.	11.	16.73	-117.77	33.978085
5.835944	1.	11.	23.582365	-126.9	37.46
5.043904	1.	11.	5.486508	-89.06	36.61
4.470213	1.	11.	6.94	-110.506792	37.01
5.301314	1.	11.	27.17	-140.93	40.76478
4.851296	1.	11.	88.431499	-150.71	35.19
4.826455	1.	11.	99.61	-168.	32.1642
5.835874	1.	11.	107.12	-147.899042	35.19
4.581395	1.	11.	92.76	-160.225751	35.19
4.674717	1.	11.	81.01	-161.8	32.867318
4.660759	1.	11.	72.2	-103.74	37.088383
5.51366	1.	11.	21.62	-101.13	35.924412
4.437377	1.	11.	4.751574	-100.81	34.22
4.755398	1.	11.	25.54	-161.47	37.345607
4.371424	1.	11.	35.33	-177.13	34.897418
4.823769	1.	11.	46.75	-190.5	32.554842
4.538283	1.	11.	-9.585589	-165.39	33.88
5.09831	1.	11.	1.71	-173.22	33.644198
5.275639	1.	11.	-18.84	-109.908235	32.4
6.53773	1.	11.	-8.08	-88.487009	32.69
5.14762	1.	11.	-32.88	-127.896518	32.52
5.37005	1.	11.	-30.877795	-147.12	31.72
4.342632	1.	11.	-17.54	-125.320886	31.72
4.384595	1.	11.	91.78	-171.59	27.120766
4.671044	1.	11.	82.64	-170.93	29.000323
4.787854	1.	11.	109.08	-160.5	30.033962
4.738803	1.	11.	102.525386	-180.39	28.54
4.792674	1.	11.	97.052355	-189.52	28.14
5.046368	1.	11.	84.27	-183.201029	28.42
5.624871	1.	11.	66.98	-194.42	27.023049
5.508153	1.	11.	43.073671	-174.52	27.91
5.282747	1.	11.	44.762065	-102.44	27.34
4.532308	1.	11.	63.06	-92.33	22.460104
5.282631	1.	11.	23.58	-121.882051	26.72
5.216061	1.	11.	19.785238	-110.59	26.66
4.805275	1.	11.	11.068578	-78.95	26.09
4.577887	1.	11.	5.3	-87.11	25.096719
4.444186	1.	11.	2.049988	-124.94	24.73
4.905514	1.	11.	26.51	-140.27	29.132968
5.50555	1.	11.	15.823428	-100.81	23.99
5.338133	1.	11.	32.043775	-176.48	24.22
5.384209	1.	11.	91.78	-161.333423	23.93
5.153913	1.	11.	98.63	-152.99	27.521819
4.954833	1.	11.	99.94	-166.37	19.971229
4.695851	1.	11.	34.67	-190.18	18.983323
4.927386	1.	11.	47.73	-213.01	22.355264
6.045537	1.	11.	35.33	-213.351995	23.31
4.717807	1.	11.	33.69	-135.20567	22.51
4.847151	1.	11.	27.579396	-156.91	21.38
4.604252	1.	11.	44.134055	-172.24	17.11
4.586132	1.	11.	50.34	-182.35	18.929952
4.355476	1.	11.	60.835212	-185.28	16.71
4.748551	1.	11.	66.33	-193.286808	16.6
4.536553	1.	11.	65.815566	-173.54	16.03
5.342384	1.	11.	71.22	-160.475764	16.03
4.542827	1.	11.	85.91	-186.92	14.222854
5.668029	1.	11.	100.893758	-181.7	15.75
4.756735	1.	11.	24.88	-128.53	17.482564
4.410247	1.	11.	24.56	-118.04943	15.35
4.598409	1.	11.	62.41	-111.24	13.484978
5.253109	1.	11.	72.618382	-107.66	14.89
4.796194	1.	11.	6.61	-157.56	19.264208
4.349027	1.	11.	15.09	-159.252385	14.61
6.415674	1.	11.	-0.57	-162.13	7.990958
4.560289	1.	11.	19.01	-184.63	17.618243
5.232613	1.	11.	38.78069	-181.04	13.93
4.384532	1.	11.	31.274461	-174.85	13.53
5.085912	1.	11.	83.95	-142.355691	13.76
4.393261	1.	11.	19.99	-141.208246	13.19
5.282787	1.	11.	29.971502	-142.23	10.12
5.574664	1.	11.	36.63	-149.113718	1.53